4.054316693522406645e+00
4.051255261478399206e+00
4.048213068350677624e+00
4.045187241140197898e+00
4.042178131278415520e+00
4.039186023915849688e+00
4.036211584904506822e+00
4.033255962391382177e+00
4.030321144008316203e+00
4.027410455105946419e+00
4.024529194284557576e+00
4.021685274075513128e+00
4.018889662744227209e+00
4.016156400725148679e+00
4.013501986301116986e+00
4.010944075937920239e+00
4.008499510881108563e+00
4.006181955066590028e+00
4.003999203317107458e+00
4.001949264283631180e+00
4.000000000000000000e+00
