4.058365221043832349e+00
4.055280045122591659e+00
4.052214394501409522e+00
4.049165757719179304e+00
4.046134299136132206e+00
4.043119929955815373e+00
4.040122611096973237e+00
4.037142276203799618e+00
4.034178853127076358e+00
4.031232264201420001e+00
4.028302440083209035e+00
4.025389338736065525e+00
4.022492979159395965e+00
4.019613485065842262e+00
4.016751157894308477e+00
4.013906558046689277e+00
4.011080644364900749e+00
4.008274881716936910e+00
4.005491418776467860e+00
4.002732814188225241e+00
4.000000000000000000e+00
