4.058434436622912145e+00
4.055348762006498298e+00
4.052282516754437403e+00
4.049233249602239404e+00
4.046201124339632749e+00
4.043186064174369321e+00
4.040188048141688526e+00
4.037207034903844693e+00
4.034242980415561952e+00
4.031295831376709771e+00
4.028365528022129993e+00
4.025452006186103660e+00
4.022555208183018038e+00
4.019675093488920048e+00
4.016811670585819449e+00
4.013965019357081054e+00
4.011135367297655741e+00
4.008323113876496535e+00
4.005528991803020133e+00
4.002754079255600672e+00
4.000000000000000000e+00
