4.058470447061455211e+00
4.055384508024852508e+00
4.052317929326795465e+00
4.049268281288433968e+00
4.046235712859821199e+00
4.043220136232616113e+00
4.040221521180041186e+00
4.037239821827467878e+00
4.034274996009845182e+00
4.031326999794207389e+00
4.028395789642545743e+00
4.025481320565527987e+00
4.022583548944940190e+00
4.019702427689234803e+00
4.016837914949420885e+00
4.013989958699656135e+00
4.011158524765029654e+00
4.008343550168223857e+00
4.005545056260754855e+00
4.002763272998207000e+00
4.000000000000000000e+00
