4.058470487590174258e+00
4.055384548312828130e+00
4.052317969493969940e+00
4.049268321330653286e+00
4.046235752710169997e+00
4.043220175826874652e+00
4.040221560478951979e+00
4.037239860808840675e+00
4.034275034652022640e+00
4.031327038062128665e+00
4.028395827476229485e+00
4.025481357865358767e+00
4.022583585548414220e+00
4.019702463334648534e+00
4.016837949224972171e+00
4.013989990974655697e+00
4.011158554105275442e+00
4.008343575231918088e+00
4.005545075200307892e+00
4.002763283474435774e+00
4.000000000000000000e+00
