2.000000024129868237e+01
2.000550041014435010e+01
2.000452582024725245e+01
2.000495518970070208e+01
2.000634949541178642e+01
2.000964039078395729e+01
2.001617959158281579e+01
2.002847723611024122e+01
2.005039690969897848e+01
2.008710145869020636e+01
2.014445695380607049e+01
2.022785319747306687e+01
2.034074819975519688e+01
2.048313986569235112e+01
2.065067453492273231e+01
2.083409405310005269e+01
2.102006854340710973e+01
2.119177421191919919e+01
2.133233962230390901e+01
2.142733378144602341e+01
2.146719236218632432e+01
