2.000000013174409119e+01
2.000753158447038516e+01
2.000706051983052802e+01
2.000736375232856901e+01
2.000747775363159420e+01
2.000762198711149509e+01
2.000771706756499668e+01
2.000776343080316622e+01
2.000775184703739740e+01
2.000769576261330229e+01
2.000764230778027297e+01
2.000768237346865419e+01
2.000798872267787942e+01
2.000881806458759726e+01
2.001060025264282416e+01
2.001389116668927670e+01
2.001957904311661096e+01
2.002859939457360383e+01
2.004230753617436989e+01
2.006045069999256469e+01
2.007577240822865861e+01
