2.000000005128349656e+01
2.000704883756082353e+01
2.000646628344262368e+01
2.000661301745195786e+01
2.000658348620020988e+01
2.000660418228503090e+01
2.000661807399829684e+01
2.000664142350839825e+01
2.000667285900074432e+01
2.000671290848466910e+01
2.000676589554292306e+01
2.000682621020004603e+01
2.000690467822873231e+01
2.000698026999397428e+01
2.000708627805915896e+01
2.000715723523819634e+01
2.000730456455068662e+01
2.000733583479891919e+01
2.000768157348004550e+01
2.000849435083557282e+01
2.001391322517156368e+01
