1.999999992335507315e+01
2.000704668781463269e+01
2.000646220451121948e+01
2.000660561868430776e+01
2.000657087991888616e+01
2.000658380192943753e+01
2.000658666555548848e+01
2.000659508266933173e+01
2.000660717509019904e+01
2.000662322638205382e+01
2.000664773928154005e+01
2.000667584043483771e+01
2.000671978541724627e+01
2.000676059112567984e+01
2.000683406377796913e+01
2.000687696515354119e+01
2.000700192445595960e+01
2.000701476513246035e+01
2.000734118074579726e+01
2.000812808456659297e+01
2.001353156858385773e+01
