2.000000011295401237e+01
2.000704564463594082e+01
2.000646056742716539e+01
2.000660290026172206e+01
2.000656632939382362e+01
2.000657615061619055e+01
2.000657400270795705e+01
2.000657467564256820e+01
2.000657531325792604e+01
2.000657509484188878e+01
2.000657737059161434e+01
2.000657616008908590e+01
2.000658283030785967e+01
2.000657786207688460e+01
2.000659713643216264e+01
2.000657809073693727e+01
2.000663488156945746e+01
2.000657509750356766e+01
2.000682711005959291e+01
2.000754312006453262e+01
2.001291173621575581e+01
