1.999999988867834588e+01
2.002193609104045180e+01
2.005183235380200557e+01
2.013815270174790228e+01
2.031148723262360534e+01
2.058625107104105822e+01
2.094418266799126727e+01
2.133558379101620517e+01
2.169133688043093500e+01
2.194086122912785086e+01
2.203173403948742859e+01
2.194683108992371601e+01
2.171184223113168699e+01
2.138591097141944175e+01
2.103854036672794692e+01
2.072507518665832649e+01
2.047535748940069311e+01
2.029448636503200376e+01
2.017428450629729753e+01
2.010134722787706707e+01
2.008381768196704797e+01
