2.000000020657351740e+01
2.002092109104408379e+01
2.004650897474692783e+01
2.012163394635410896e+01
2.027583916481214033e+01
2.052677513925643282e+01
2.086309906138244941e+01
2.124299502704740306e+01
2.160333446004026570e+01
2.187547585167066089e+01
2.200353615579473399e+01
2.196166351036697861e+01
2.176429355491617201e+01
2.146164069877885083e+01
2.112047364905129143e+01
2.079956819168154425e+01
2.053511735345352562e+01
2.033799461269083864e+01
2.020360371230083629e+01
2.012010970586526781e+01
2.009799764784111176e+01
