2.388888891249920476e+01
2.287752566039423385e+01
2.202964651214724512e+01
2.137097395319338844e+01
2.089673840054708620e+01
2.057234128713421839e+01
2.035844305647544417e+01
2.022113596447341521e+01
2.013475056843757116e+01
2.008123923641529274e+01
2.004849878166038124e+01
2.002867060084210138e+01
2.001676887195284493e+01
2.000968418147345673e+01
2.000550247236210311e+01
2.000305741698885953e+01
2.000164406508765325e+01
2.000083920295552531e+01
2.000039026483455729e+01
2.000014739399265906e+01
2.000002220162709321e+01
1.999996295807487456e+01
1.999993960271335780e+01
1.999993501008153629e+01
1.999993933976878324e+01
1.999994759419656276e+01
1.999995635455247367e+01
1.999996548276347852e+01
1.999997197576654528e+01
1.999998037757843150e+01
1.999998164058960981e+01
1.999999332488155801e+01
1.999998251231282254e+01
2.000001171805142519e+01
1.999996471728529457e+01
2.000005710184286656e+01
1.999989409478064317e+01
2.000019338447474837e+01
1.999966452203581113e+01
2.000054419163716446e+01
1.999716269529017154e+01
