2.000000000358085472e+01
1.999871828864919721e+01
1.999893306415332006e+01
1.999904760640660584e+01
1.999926109905968019e+01
1.999959343844292547e+01
2.000009540883534598e+01
2.000082676434620055e+01
2.000186060334133131e+01
2.000328399578064875e+01
2.000519845915398065e+01
2.000771975105058686e+01
2.001097692829662833e+01
2.001511059377188673e+01
2.002027030249951522e+01
2.002661115078119991e+01
2.003428962911856814e+01
2.004345887496363687e+01
2.005426350973285210e+01
2.006683428127228197e+01
2.008128275467104018e+01
2.009769629901590804e+01
2.011613360544759388e+01
2.013662094406980785e+01
2.015914932710286678e+01
2.018367269693243671e+01
2.021010720473582367e+01
2.023833159223093148e+01
2.026818863911642055e+01
2.029948759190868657e+01
2.033200744665425930e+01
2.036550087546497423e+01
2.039969849827736681e+01
2.043431241552821831e+01
2.046903771685423834e+01
2.050353953505864624e+01
2.053742215341315358e+01
2.057000595785806496e+01
2.060003067788914421e+01
2.062265207475428141e+01
2.062850890866775444e+01
