2.000000000213516316e+01
1.999857949534762724e+01
1.999875189614903093e+01
1.999875574692305591e+01
1.999877832785811904e+01
1.999880215234798797e+01
1.999883260894123893e+01
1.999887263426949957e+01
1.999892632685222793e+01
1.999899887184659875e+01
1.999909685530557724e+01
1.999922852825540787e+01
1.999940408199112341e+01
1.999963592487067743e+01
1.999993895399347466e+01
2.000033081165833693e+01
2.000083211470498412e+01
2.000146664360676496e+01
2.000226147754642980e+01
2.000324706175708656e+01
2.000445719421056623e+01
2.000592892028647896e+01
2.000770232639055024e+01
2.000982022648331693e+01
2.001232773906647466e+01
2.001527175604668329e+01
2.001870030881793383e+01
2.002266184006885652e+01
2.002720439107845962e+01
2.003237470961082423e+01
2.003821726696452288e+01
2.004477310787609312e+01
2.005207833544029583e+01
2.006016140778983115e+01
2.006903793719963147e+01
2.007869453638468116e+01
2.008905829343344962e+01
2.009984874269719057e+01
2.011041640718711321e+01
2.011807428948490539e+01
2.011869534847573959e+01
