6.077761033177162098e+00
5.975783732454249098e+00
5.873485362016388045e+00
5.770887909286491535e+00
5.668086992390104051e+00
5.565191314187504013e+00
5.462264079906193892e+00
5.359308654682402917e+00
5.256287563420356079e+00
5.153149517966964410e+00
5.049846350229214131e+00
4.946337967514859102e+00
4.842590824849211550e+00
4.738574610890431416e+00
4.634259275017124757e+00
4.529612878726887004e+00
4.424600092739296997e+00
4.319181044644443190e+00
4.213310216347124104e+00
4.106935342829649116e+00
4.000000000000000000e+00
