6.074792742144864199e+00
5.972914372828193486e+00
5.870926092544804575e+00
5.768818535272207448e+00
5.666582685972190170e+00
5.564208415510637273e+00
5.461684423507987773e+00
5.358998161871548760e+00
5.256135718681615998e+00
5.153081643221383956e+00
5.049818733699800610e+00
4.946327787678718835e+00
4.842587308161139248e+00
4.738573156603611558e+00
4.634258139765019990e+00
4.529611519010908971e+00
4.424598413393066920e+00
4.319179097369167053e+00
4.213308129519056422e+00
4.106933707024563063e+00
4.000000000000000000e+00
