6.080518697037914144e+00
5.978646955505063865e+00
5.876666384924261521e+00
5.774566196692414444e+00
5.672335211947372002e+00
5.569959753028133065e+00
5.467423165100931293e+00
5.364705293686693466e+00
5.261782242353812755e+00
5.158626529184084042e+00
5.055207715621953923e+00
4.951493492270043539e+00
4.847451113403214329e+00
4.743048977883869810e+00
4.638258063772269679e+00
4.533052834630617589e+00
4.427411205619462109e+00
4.321313174562342319e+00
4.214737735727238643e+00
4.107655980147473684e+00
4.000000000000000000e+00
