6.075169687954752540e+00
5.973291993929419341e+00
5.871305040574337220e+00
5.769199419882434121e+00
5.666965871657855480e+00
5.564594098868802519e+00
5.462072740437569962e+00
5.359389208928684312e+00
5.256529507435239168e+00
5.153478006182432125e+00
5.050217171843175201e+00
4.946727239976040025e+00
4.842985819808703241e+00
4.738967420640686434e+00
4.634642885206027074e+00
4.529978722656061052e+00
4.424936310277416851e+00
4.319471003113482865e+00
4.213531182420427790e+00
4.107058634711697742e+00
4.000000000000000000e+00
