6.074759189510064772e+00
5.972881132658589109e+00
5.870893870685915061e+00
5.768787930631933847e+00
5.666554049135901217e+00
5.564181922336340236e+00
5.461660194449148520e+00
5.358976311658159020e+00
5.256116365713961791e+00
5.153064909937586258e+00
5.049804743723382394e+00
4.946316658694422053e+00
4.842579137945691059e+00
4.738567998282615434e+00
4.634255960905933058e+00
4.529612137844535980e+00
4.424601403513802822e+00
4.319183657425922362e+00
4.213312936595147384e+00
4.106936909020393323e+00
4.000000000000000000e+00
