6.074734664539562345e+00
5.972856589123932913e+00
5.870869318471975795e+00
5.768763377721606744e+00
5.666529506808097416e+00
5.564157404768667270e+00
5.461635718618206958e+00
5.358951897183313662e+00
5.256092035065589307e+00
5.153040689691644083e+00
5.049780667986253135e+00
4.946292776390610157e+00
4.842555526391048915e+00
4.738544786316778001e+00
4.634233365970815477e+00
4.529590522315753098e+00
4.424581357279654625e+00
4.319166111785634143e+00
4.213299307050836440e+00
4.106929170864077605e+00
4.000000000000000000e+00
