6.074731484381917568e+00
5.972853406478184191e+00
5.870866134670848169e+00
5.768760194247116502e+00
5.666526325968280986e+00
5.564154229824852749e+00
5.461632553940162893e+00
5.358948748370650605e+00
5.256088909044546398e+00
5.153037594819131151e+00
5.049777614240403167e+00
4.946289775797314547e+00
4.842552593937069716e+00
4.738541941732386853e+00
4.634230636949726367e+00
4.529587949931091373e+00
4.424579004661498338e+00
4.319164077034908900e+00
4.213297740559288407e+00
4.106928286272710338e+00
4.000000000000000000e+00
