6.075323299229936858e+00
5.973096319252817921e+00
5.870966600000238955e+00
5.768816065420590000e+00
5.666571453046656437e+00
5.564196832148473604e+00
5.461673902324041485e+00
5.358988701949602529e+00
5.256127073561455809e+00
5.153073554164800285e+00
5.049810987207134616e+00
4.946320228372016459e+00
4.842579833973748471e+00
4.738565706233144326e+00
4.634250678011024860e+00
4.529604027020961432e+00
4.424590876651613769e+00
4.319171517028816965e+00
4.213300553707188811e+00
4.106926828940715701e+00
4.000000000000000000e+00
