6.074793884362392760e+00
5.972915355874270027e+00
5.870926762274896404e+00
5.768818988594464514e+00
5.666583065518631557e+00
5.564208783489977606e+00
5.461684791393001781e+00
5.358998531113241981e+00
5.256136089492624563e+00
5.153082015569844465e+00
5.049819107618803926e+00
4.946328163249199328e+00
4.842587685513781715e+00
4.738573535915976187e+00
4.634258521321285684e+00
4.529611903093741176e+00
4.424598800725235925e+00
4.319179487234896975e+00
4.213308510339214941e+00
4.106933977939415392e+00
4.000000000000000000e+00
