2.000000000213681517e+01
1.999896632516498229e+01
2.000018831763582838e+01
1.999995886528052935e+01
2.000001134095603561e+01
1.999999857671102177e+01
2.000000114468411638e+01
2.000000036897140632e+01
2.000000044313875591e+01
2.000000036917942836e+01
2.000000035764620776e+01
2.000000035917139485e+01
2.000000036827666960e+01
2.000000043395466420e+01
2.000000043448907050e+01
2.000000075937896327e+01
2.000000043392258675e+01
2.000000241209204432e+01
1.999999859635023469e+01
1.999980522601434174e+01
1.998817313064409973e+01
