1.999999999923910821e+01
1.999867040623407632e+01
2.004531583984826781e+01
2.013402051422772843e+01
2.027905994130535916e+01
2.048181073838897959e+01
2.072848975760211943e+01
2.099016244103787443e+01
2.122800476899359268e+01
2.140208942874081544e+01
2.148150389571287988e+01
2.145308940491734262e+01
2.132566948310960342e+01
2.112733246810061161e+01
2.089617379918575324e+01
2.066852984966615026e+01
2.047015481147721871e+01
2.031317676325021893e+01
2.019844358063791034e+01
2.011964221919790674e+01
2.007484785829001339e+01
