1.999999999736160206e+01
1.998737383681773494e+01
2.000221403514543539e+01
2.003110534025307032e+01
2.008427896255625456e+01
2.016963925513336520e+01
2.029213819065124724e+01
2.045094541008310429e+01
2.063790758899330413e+01
2.083766212572634302e+01
2.102948924918054630e+01
2.119054092264554967e+01
2.129988351716040640e+01
2.134266342264985283e+01
2.131348715322270237e+01
2.121797508911361163e+01
2.107160268257965896e+01
2.089599832649690825e+01
2.071403210069835765e+01
2.055000174695378945e+01
2.047580537322164673e+01
