2.000000000123458221e+01
1.998618173173523616e+01
1.999477887587749336e+01
2.001144641177215178e+01
2.004364180229288195e+01
2.009782607955040135e+01
2.017988262538568378e+01
2.029304190080609516e+01
2.043617476519900933e+01
2.060280305180403815e+01
2.078118997463499440e+01
2.095553681253499434e+01
2.110807732611558762e+01
2.122175961675893063e+01
2.128311407338217265e+01
2.128485833620232981e+01
2.122752694917506844e+01
2.111972789551738217e+01
2.097695578928097149e+01
2.082493279947505727e+01
2.075518059156820527e+01
