1.999999999876869694e+01
1.998789369081614353e+01
1.998980499086382778e+01
1.999363869317106079e+01
2.000277900168843459e+01
2.002011055425321473e+01
2.004927194636209720e+01
2.009410074535844970e+01
2.015795667225344090e+01
2.024288623651916907e+01
2.034884184878228197e+01
2.047315460567738299e+01
2.061039766410393170e+01
2.075268337725737311e+01
2.089034688461088862e+01
2.101293766718077904e+01
2.111039188555247392e+01
2.117436663584566503e+01
2.119990089793222765e+01
2.118969699063023171e+01
2.117331449291577883e+01
