1.999999999381354243e+01
1.999094991064200144e+01
1.999148700629559627e+01
1.999138992984169505e+01
1.999205380584709957e+01
1.999411488730485686e+01
1.999859407476311901e+01
2.000681900961180659e+01
2.002042004893048599e+01
2.004124990878723978e+01
2.007122883167998495e+01
2.011211785284679721e+01
2.016525065945886297e+01
2.023125504537713937e+01
2.030984543168129264e+01
2.039964322063590174e+01
2.049825392104808586e+01
2.060211205900691667e+01
2.070658541660302632e+01
2.080123031625696584e+01
2.082557393171327931e+01
