1.999999999690268737e+01
1.999105872699699304e+01
1.999184532085026333e+01
1.999173749728595695e+01
1.999187470580191572e+01
1.999250758221097257e+01
1.999415864103010065e+01
1.999754714652358700e+01
2.000361964505091450e+01
2.001354334329988660e+01
2.002866572669822531e+01
2.005042985838955261e+01
2.008024910503471361e+01
2.011933933674391994e+01
2.016856075839948659e+01
2.022820778390299168e+01
2.029798586298703000e+01
2.037663517910081623e+01
2.046179493806221572e+01
2.054413640277085662e+01
2.056390653812104574e+01
