1.999999999910249926e+01
1.998986457381304405e+01
1.999096354953549337e+01
1.999106840282349395e+01
1.999125370303050175e+01
1.999142370099046317e+01
1.999159881375598502e+01
1.999180234668297373e+01
1.999208368488298859e+01
1.999252742349239043e+01
1.999326405994758815e+01
1.999447914690948735e+01
1.999642189831403982e+01
1.999940573971136715e+01
2.000381636421997911e+01
2.001007844370810673e+01
2.001869852243512327e+01
2.003004931631881291e+01
2.004436696180765765e+01
2.005879940570735442e+01
2.005250419336198320e+01
