1.999999999893768177e+01
1.998951053434849001e+01
1.999053220822935018e+01
1.999053865999064072e+01
1.999063813353077990e+01
1.999073602784333659e+01
1.999084631253355582e+01
1.999096861998991415e+01
1.999110379114583935e+01
1.999125454720678619e+01
1.999142802522565887e+01
1.999163821787478312e+01
1.999191005079275740e+01
1.999228020703030850e+01
1.999280775900446372e+01
1.999355748003445754e+01
1.999464921840066367e+01
1.999611972573640628e+01
1.999803103792849512e+01
1.999873448404658660e+01
1.998711705098685343e+01
