2.000000000079841556e+01
1.998947477676453843e+01
1.999048042287833482e+01
1.999046479675948262e+01
1.999053896288752341e+01
1.999060920681335318e+01
1.999069074226378007e+01
1.999078412346135281e+01
1.999089012227490159e+01
1.999100945866371504e+01
1.999114416998441612e+01
1.999129872803773722e+01
1.999148268663933337e+01
1.999171022202803627e+01
1.999200942726801955e+01
1.999240545533798397e+01
1.999296877467333999e+01
1.999368349041694159e+01
1.999456756949757619e+01
1.999406441420245528e+01
1.998197688051914156e+01
