1.999999999646534121e+01
1.998946565534073017e+01
1.999046648455268027e+01
1.999044401815238459e+01
1.999050989186766714e+01
1.999057055025972929e+01
1.999064153213797468e+01
1.999072374426557630e+01
1.999081819367016521e+01
1.999092549214299908e+01
1.999104692270482531e+01
1.999118518787453169e+01
1.999134663019368219e+01
1.999154034831293103e+01
1.999178702065245616e+01
1.999210184399908030e+01
1.999254233357079613e+01
1.999307813689299351e+01
1.999371425825642845e+01
1.999291526722468149e+01
1.998071229367906199e+01
