2.000000000071534245e+01
1.998944155635352971e+01
1.999042643813622888e+01
1.999037987744057432e+01
1.999041385444992613e+01
1.999043424805934066e+01
1.999045667041951546e+01
1.999048257947107388e+01
1.999051382274486599e+01
1.999055171396136288e+01
1.999059740492901582e+01
1.999065165994684179e+01
1.999071580417408356e+01
1.999078939526966536e+01
1.999087728624355975e+01
1.999097129712437138e+01
1.999109596191205185e+01
1.999118132385498825e+01
1.999119360956518321e+01
1.998964495041557043e+01
1.997714898101457948e+01
