2.000000000006614442e+01
1.998943902394024263e+01
1.999042195297378655e+01
1.999037190519733187e+01
1.999040047614153792e+01
1.999041295697174547e+01
1.999042437486168211e+01
1.999043563721082606e+01
1.999044812516296687e+01
1.999046280892283889e+01
1.999048063753751947e+01
1.999050229840885251e+01
1.999052910237239900e+01
1.999056054158839757e+01
1.999060115768931567e+01
1.999064200795438140e+01
1.999070605765466979e+01
1.999072104996130150e+01
1.999065068121531752e+01
1.998901260632746713e+01
1.997648188412313175e+01
