1.999999999983505461e+01
1.998943886838584660e+01
1.999042171730442874e+01
1.999037150713293798e+01
1.999039980770671576e+01
1.999041186312630813e+01
1.999042264726672258e+01
1.999043300891758079e+01
1.999044426843108013e+01
1.999045733686892135e+01
1.999047310985033121e+01
1.999049223068863057e+01
1.999051597762527166e+01
1.999054382208765190e+01
1.999058029298554828e+01
1.999061643862418336e+01
1.999067520423557553e+01
1.999068431026046966e+01
1.999060745191812671e+01
1.998896279148585364e+01
1.997642952548994799e+01
