2.000000000409670164e+01
1.998943847742341973e+01
1.999042116796731605e+01
1.999037062943736487e+01
1.999039837668647834e+01
1.999040954398072500e+01
1.999041897605433249e+01
1.999042737306461959e+01
1.999043589344469041e+01
1.999044528115991781e+01
1.999045626919670227e+01
1.999046935278546044e+01
1.999048568499522105e+01
1.999050464110880654e+01
1.999053068071865624e+01
1.999055480865652257e+01
1.999059992610962055e+01
1.999059374063440231e+01
1.999050002963409867e+01
1.998883834935628556e+01
1.997629851439069171e+01
