2.284722221991462021e+01
2.131713523407608690e+01
2.047055032376055195e+01
2.012136669173162673e+01
2.001961742580190418e+01
1.999835012984602045e+01
1.999566715198459832e+01
1.999635557934109187e+01
1.999746326994976542e+01
1.999841008627096173e+01
1.999909417299608805e+01
1.999953497491331689e+01
1.999979255350742235e+01
1.999992771648617307e+01
1.999999979815519424e+01
2.000002181400870427e+01
2.000006457542705718e+01
1.999999419666340117e+01
1.999980519196555662e+01
1.999641902980378205e+01
1.996976454385094257e+01
