6.080062262960162833e+00
5.978190549629702311e+00
5.876210419019119335e+00
5.774108999698902345e+00
5.671870138240147519e+00
5.569469721748088631e+00
5.466874829892780951e+00
5.364045837862509103e+00
5.260941940931435745e+00
5.157529003054604821e+00
5.053787688127751920e+00
4.949718985138536809e+00
4.845343734959468129e+00
4.740693815963731517e+00
4.635796931393540987e+00
4.530661402950407535e+00
4.425268608892870326e+00
4.319574204544486484e+00
4.213515931093001043e+00
4.107019599430643986e+00
4.000000000000000000e+00
