6.080369498734004452e+00
5.978498093711179351e+00
5.876518542870438289e+00
5.774419059726463743e+00
5.672185958611040135e+00
5.569799212624261031e+00
5.467230839207628534e+00
5.364445147868382335e+00
5.261401850068080144e+00
5.158061759351358688e+00
5.054393926008553528e+00
4.950382361436627576e+00
4.846029853570324342e+00
4.741355983274369912e+00
4.636387967857565684e+00
4.531146424116663241e+00
4.425632302003139174e+00
4.319820288914526074e+00
4.213660637600390224e+00
4.107084701200512278e+00
4.000000000000000000e+00
