6.074790098734909272e+00
5.972912169645947067e+00
5.870925036789726548e+00
5.768818908802432865e+00
5.666584326534968241e+00
5.564210921261698140e+00
5.461687407117585380e+00
5.359001366217666984e+00
5.256139011160015251e+00
5.153084967984612241e+00
5.049822072121991745e+00
4.946331133127589652e+00
4.842590662634735921e+00
4.738576514570559617e+00
4.634261514880768651e+00
4.529614885709220218e+00
4.424601827811418531e+00
4.319182448122559137e+00
4.213311610586838896e+00
4.106936485243368296e+00
4.000000000000000000e+00
