6.074726300533728640e+00
5.972848329175421966e+00
5.870861293599420883e+00
5.768755608076507002e+00
5.666521995909794995e+00
5.564150151293805635e+00
5.461628711641320244e+00
5.358945115436514861e+00
5.256085447704333724e+00
5.153034258950275337e+00
5.049774357283460802e+00
4.946286558477226869e+00
4.842549404936197455e+00
4.738538801993057881e+00
4.634227646960502156e+00
4.529585248525979324e+00
4.424576904147867751e+00
4.319162809297147909e+00
4.213297892253826227e+00
4.106929319940247680e+00
4.000000000000000000e+00
