6.074726581230973643e+00
5.972848611879214786e+00
5.870861583444260567e+00
5.768755914580100175e+00
5.666522334543679484e+00
5.564150545157032113e+00
5.461629192535151667e+00
5.358945723720050403e+00
5.256086230180736507e+00
5.153035264240544144e+00
5.049775628262263893e+00
4.946288122261811360e+00
4.842551260817677949e+00
4.738540910071394663e+00
4.634229918076254506e+00
4.529587542751789542e+00
4.424579035338543243e+00
4.319164574283635538e+00
4.213299109271709142e+00
4.106929921357311386e+00
4.000000000000000000e+00
