6.074725647513106175e+00
5.972847676934753380e+00
5.870860647262424514e+00
5.768754978289489799e+00
5.666521400480027282e+00
5.564149617521783497e+00
5.461628278134240233e+00
5.358944832723278928e+00
5.256085376732630543e+00
5.153034466692464122e+00
5.049774908746849533e+00
4.946287505340140278e+00
4.842550770987466890e+00
4.738540568055130464e+00
4.634229736064118477e+00
4.529587518864246043e+00
4.424579148399585549e+00
4.319164779028954904e+00
4.213299335667129775e+00
4.106930075375374578e+00
4.000000000000000000e+00
