2.000000000000792610e+01
1.998690619342075436e+01
1.998560013682438807e+01
1.998410848256351713e+01
1.998367860017159003e+01
1.998510079826614927e+01
1.999029889584439701e+01
2.000286832966456174e+01
2.002833521672221195e+01
2.007357676426103765e+01
2.014551264967223076e+01
2.024891598355301170e+01
2.038492281872824563e+01
2.054908999643958012e+01
2.073271056216317021e+01
2.092105859366881404e+01
2.109934442370777319e+01
2.124731809007625571e+01
2.135309327408476321e+01
2.139949629113634089e+01
2.140336969095596942e+01
