2.000000000273549716e+01
1.998827536150863438e+01
1.998913932531766591e+01
1.998913929578585069e+01
1.998921689268333068e+01
1.998931615536230311e+01
1.998945043891325923e+01
1.998962365962384169e+01
1.998982973488783088e+01
1.999006580527920818e+01
1.999030078346617856e+01
1.999054169929360825e+01
1.999070107199189650e+01
1.999087536560042366e+01
1.999079752102255014e+01
1.999093610822287559e+01
1.999036208840724171e+01
1.999087714120641479e+01
1.998917469490437071e+01
1.999136961067724627e+01
1.998093270553727052e+01
