1.999999999993301358e+01
1.998827103471227673e+01
1.998911994975352613e+01
1.998909532910616704e+01
1.998913596802023562e+01
1.998918438448300350e+01
1.998925437209007683e+01
1.998935312664820785e+01
1.998948145831328915e+01
1.998964665638019866e+01
1.998983088614869885e+01
1.999005460465005157e+01
1.999024393490765306e+01
1.999050201121003667e+01
1.999056648778342549e+01
1.999089254538783678e+01
1.999054125286712136e+01
1.999126707537681114e+01
1.998974308392734400e+01
1.999199173515199845e+01
1.998156699193305030e+01
