2.000000000244709852e+01
1.998827749462129333e+01
1.998912037305263567e+01
1.998908330703280711e+01
1.998910148600216985e+01
1.998911423157666434e+01
1.998913247148954042e+01
1.998916172451632889e+01
1.998920330827364111e+01
1.998926809289662643e+01
1.998934556613465219e+01
1.998946727131105661e+01
1.998957348342864293e+01
1.998978334721308769e+01
1.998984927605190975e+01
1.999023982667329946e+01
1.999001895336985157e+01
1.999094502481372615e+01
1.998966297790381930e+01
1.999219425122297977e+01
1.998188089419909375e+01
