2.111111111146257002e+01
2.022974227118668367e+01
2.000880004602655760e+01
1.999255638552788383e+01
1.999239980725428723e+01
1.999414817868087013e+01
1.999621368917379627e+01
1.999784662389600598e+01
1.999893498868521036e+01
1.999954452804934490e+01
1.999982624451357438e+01
1.999996125419602322e+01
1.999997306884916171e+01
2.000005360013660294e+01
1.999992248689927266e+01
2.000020200790983438e+01
1.999964187070203181e+01
2.000078368392809836e+01
1.999850202725725978e+01
2.000274625932392780e+01
1.997868350072167232e+01
