2.000000000133607614e+01
2.059167464350372612e+01
2.149688527076584066e+01
2.227346198078391737e+01
2.250597484191560227e+01
2.215131913108808703e+01
2.149094706201213612e+01
2.085957032372666120e+01
2.042457736176678651e+01
2.018380167524520274e+01
2.007022397707009631e+01
2.002312486449863371e+01
2.000585272801297165e+01
2.000042362177370237e+01
1.999913370665396073e+01
1.999923032891352648e+01
1.999921255791104358e+01
2.000015524848428328e+01
1.999867362868157983e+01
2.000212490169960233e+01
1.998363755127502372e+01
