2.000000000109447029e+01
2.000342437529858941e+01
2.014023539480210090e+01
2.043709133604071582e+01
2.088861100598772680e+01
2.139710830247134155e+01
2.181106627688701138e+01
2.199216843602421889e+01
2.188334335281222209e+01
2.154189219246606513e+01
2.110362745828561870e+01
2.070009241750289064e+01
2.039971468474850980e+01
2.020842151416358234e+01
2.009992076894624802e+01
2.004458307568292597e+01
2.001751159044848905e+01
2.000729777404790610e+01
2.000026571312408308e+01
2.000276492377854964e+01
1.998530636771192803e+01
