2.000000000195122851e+01
1.998544112602759526e+01
2.004762908803046528e+01
2.020908647268310787e+01
2.050400798196106322e+01
2.091129480657540540e+01
2.135084192166731754e+01
2.170881747532687811e+01
2.188024904951611660e+01
2.181447673868180459e+01
2.154266944362052172e+01
2.116267867322171270e+01
2.078446623823052875e+01
2.048001133912308092e+01
2.026951129893381065e+01
2.014073280373773756e+01
2.006787003239229961e+01
2.003176660557243949e+01
2.001148175298480680e+01
2.000728949971355064e+01
1.998850636717997986e+01
