6.075180428606611116e+00
5.973302725549591408e+00
5.871315686154626512e+00
5.769209942958882564e+00
5.666976359027725785e+00
5.564604844101959991e+00
5.462084298276532301e+00
5.359402323830789960e+00
5.256545151372412406e+00
5.153497253539655709e+00
5.050241467068286916e+00
4.946758299958183613e+00
4.843026249586081633e+00
4.739020173897582566e+00
4.634711812843622880e+00
4.530066231812416078e+00
4.425043163489312370e+00
4.319590501557018847e+00
4.213648661081302649e+00
4.107139612381777383e+00
4.000000000000000000e+00
