6.074875965673409262e+00
5.972916776768860458e+00
5.870919988004688506e+00
5.768814661098693009e+00
5.666580773566937346e+00
5.564208187754729806e+00
5.461685298465644323e+00
5.358999627717203396e+00
5.256137449664330497e+00
5.153083465022824328e+00
5.049820595317092931e+00
4.946329648644801402e+00
4.842589195244419997e+00
4.738575020926273140e+00
4.634260057464692828e+00
4.529613372657703252e+00
4.424600394556355454e+00
4.319180895866795211e+00
4.213310240630239178e+00
4.106934766892845090e+00
4.000000000000000000e+00
