6.074712652539272284e+00
5.972834767320012617e+00
5.870847942188689217e+00
5.768742502294637475e+00
5.666509168519652917e+00
5.564137646991563102e+00
5.461616594315079176e+00
5.358933461692163114e+00
5.256074362469773220e+00
5.153023851359591845e+00
5.049764769886476046e+00
4.946277906881623387e+00
4.842541841991798712e+00
4.738532390825524132e+00
4.634222506063045088e+00
4.529581315265400754e+00
4.424574229316340812e+00
4.319161188566143394e+00
4.213297322708275949e+00
4.106929634038477772e+00
4.000000000000000000e+00
