6.074712202505446967e+00
5.972834317085268019e+00
5.870847492101698428e+00
5.768742052443360357e+00
5.666508718868901617e+00
5.564137197290158099e+00
5.461616143984605820e+00
5.358933009813488191e+00
5.256073907744569063e+00
5.153023392310183581e+00
5.049764304950401517e+00
4.946277434959566399e+00
4.842541362671793692e+00
4.738531905525560362e+00
4.634222018477602845e+00
4.529580833751101210e+00
4.424573767864608875e+00
4.319160771569602986e+00
4.213296986584390780e+00
4.106929435650482851e+00
4.000000000000000000e+00
