1.999999999953329421e+01
1.999202406109656494e+01
1.999260307122482416e+01
1.999172483544350598e+01
1.998977195992131328e+01
1.998736310901941238e+01
1.998459560261401435e+01
1.998278770171458163e+01
1.998085891270456926e+01
1.998084981613783739e+01
1.997963123059980362e+01
1.998250944961854714e+01
1.998420492469871945e+01
1.999825597420109702e+01
2.001534109332525802e+01
2.006227927623690732e+01
2.011686017019198403e+01
2.022263359177684805e+01
2.032780507434193851e+01
2.050158006308017633e+01
2.056398561894093291e+01
