1.999999999569256204e+01
1.998722031458343551e+01
1.998790843288279007e+01
1.998789917156699047e+01
1.998789732270082808e+01
1.998795770803864613e+01
1.998796396254129704e+01
1.998812694382934652e+01
1.998817446720863344e+01
1.998854755584410725e+01
1.998863642402430330e+01
1.998933484497055701e+01
1.998933477628449040e+01
1.999043699799842244e+01
1.998998043441331873e+01
1.999156750808882066e+01
1.999000885453538601e+01
1.999235827978177227e+01
1.998879427479724313e+01
1.999269954766920776e+01
1.998348833268755698e+01
