2.000000000117592336e+01
1.998722312431259951e+01
1.998791013457637078e+01
1.998789900029078836e+01
1.998789403232337136e+01
1.998794893959944474e+01
1.998794612573401963e+01
1.998809465019428444e+01
1.998812146021483471e+01
1.998846759929506334e+01
1.998852544041434243e+01
1.998919331637483765e+01
1.998916879207748210e+01
1.999026151752991609e+01
1.998981470180329367e+01
1.999144059109269023e+01
1.998994355292090574e+01
1.999238652773138014e+01
1.998892205361205754e+01
1.999294921204264952e+01
1.998378715191529409e+01
