1.999999999802881234e+01
1.998724932558624801e+01
1.998794375456437677e+01
1.998793643990994795e+01
1.998792578869755943e+01
1.998796227490513644e+01
1.998791532466423249e+01
1.998798685241526130e+01
1.998787899759893349e+01
1.998803006465394461e+01
1.998780226038596908e+01
1.998812062148057933e+01
1.998765818373878034e+01
1.998831142926464821e+01
1.998739800753567408e+01
1.998869527013706104e+01
1.998693628333452210e+01
1.998942895278253928e+01
1.998612837050603019e+01
1.999076872544264205e+01
1.998187923309660619e+01
