2.493055555686637348e+01
2.280055749491144823e+01
2.121040514173802904e+01
2.035467175924944883e+01
2.006324459686400985e+01
2.000119047601647537e+01
1.999356506730689276e+01
1.999466931897153543e+01
1.999651121506504481e+01
1.999840198855766005e+01
1.999896539533417084e+01
2.000009618176124704e+01
1.999932728732786202e+01
2.000085087519772742e+01
1.999875544062890853e+01
2.000178038753011833e+01
1.999760273617464890e+01
2.000320824967085542e+01
1.999597244234918847e+01
2.000496585730236276e+01
1.999147875912967720e+01
