2.229166666329273028e+01
2.349607577686531101e+01
2.309092922139516091e+01
2.181015136559513934e+01
2.073959693774449775e+01
2.022132867360848607e+01
2.004667239164103165e+01
2.000310136652972659e+01
1.999557948683514041e+01
1.999621029914326797e+01
1.999732844248185160e+01
1.999891340503675963e+01
1.999916325260044303e+01
1.999993591783960767e+01
1.999992409988240993e+01
1.999957120673878919e+01
2.000115669224630821e+01
1.999761596349468462e+01
2.000426122872158174e+01
1.999321592833322825e+01
2.001619474930612341e+01
