2.000000000053769256e+01
1.998905609525151306e+01
2.021883262226467437e+01
2.074642370095045507e+01
2.148578980540635897e+01
2.215984950400469700e+01
2.245025346386681520e+01
2.220100591057657269e+01
2.157099738739879058e+01
2.090496346353403467e+01
2.043224818375555074e+01
2.017660569632437984e+01
2.006114377802533966e+01
2.001836345211090418e+01
2.000191652301791834e+01
2.000069217425258117e+01
1.999658335663616526e+01
2.000180859840081737e+01
1.999569967217458455e+01
2.000456780235670706e+01
1.998866488814383047e+01
