2.000000000515545295e+01
1.996319394172384065e+01
2.002531286941337285e+01
2.025563514298976742e+01
2.071842141716453867e+01
2.134507657802189939e+01
2.194450052207023916e+01
2.228179181560167521e+01
2.219505030495224318e+01
2.172834656845728318e+01
2.111940750710848747e+01
2.060913792200134864e+01
2.028448638745779675e+01
2.011777943536065294e+01
2.004105560502025440e+01
2.001381000133644505e+01
2.000050613232535923e+01
2.000183293284077379e+01
1.999581801982808926e+01
2.000348951599639946e+01
1.998950566635176074e+01
