2.000000000000000000e+01
1.999999999934367523e+01
1.999999999877658041e+01
1.999999999429083175e+01
1.999999999996310862e+01
1.999999999520099792e+01
1.999999999842371423e+01
2.000000000183711180e+01
2.000000000210727080e+01
1.999999999808771634e+01
1.999999999935230477e+01
2.000000000455315430e+01
1.999999999861429956e+01
1.999999999316954913e+01
2.000000000210143369e+01
2.000000000148164148e+01
2.000000000091820596e+01
1.999999999823539198e+01
1.999999999869927336e+01
2.000000000310290105e+01
2.000000000145435308e+01
1.999999999656094829e+01
2.000000000340217809e+01
2.000000000234756570e+01
2.000000000036260417e+01
1.999999999863298683e+01
1.999999999754183477e+01
1.999999999902414416e+01
2.000000000097718811e+01
2.006944444066920852e+01
2.041666666531440555e+01
2.076388888758887674e+01
2.111111111284558817e+01
2.145833333295211531e+01
2.180555555874095575e+01
2.215277778034987932e+01
2.249999999734139067e+01
2.284722222348440468e+01
2.319444444557205642e+01
2.354166666586320744e+01
2.388888888861804816e+01
2.423611111052451150e+01
2.458333333459394154e+01
2.493055555686637348e+01
2.472222222086066878e+01
2.437500000289802671e+01
2.402777777575520801e+01
2.368055555432149006e+01
2.333333332962382300e+01
2.298611110901038757e+01
2.263888889305529872e+01
2.229166666329273028e+01
2.194444444598497412e+01
2.159722221934631392e+01
2.124999999890550484e+01
2.090277777772615764e+01
2.055555555415091007e+01
2.020833333493248674e+01
2.000000000043401016e+01
1.999999999787791793e+01
1.999999999524072081e+01
1.999999999954433605e+01
1.999999999953660534e+01
2.000000000120042287e+01
2.000000000173138304e+01
1.999999999813520901e+01
1.999999999992216715e+01
2.000000000009100631e+01
2.000000000296891045e+01
1.999999999816284912e+01
2.000000000042815884e+01
2.000000000539299805e+01
2.000000000077720586e+01
2.000000000090483709e+01
1.999999999804772344e+01
2.000000000544568124e+01
1.999999999837748987e+01
2.000000000244409648e+01
2.000000000053769256e+01
1.999999999744350632e+01
1.999999999693534747e+01
1.999999999459683053e+01
2.000000000037656278e+01
1.999999999785744720e+01
1.999999999413933693e+01
2.000000000515545295e+01
1.999999999704002107e+01
2.000000000042030734e+01
2.000000000065776362e+01
1.999999999631449654e+01
1.999999999743344503e+01
2.000000000272494916e+01
2.000000000360734731e+01
2.000000000292437363e+01
1.999999999871907974e+01
1.999999999992614264e+01
1.999999999626761138e+01
2.000000000171560188e+01
2.000000000076176931e+01
2.000000000311474224e+01
1.999999999863637967e+01
1.999999999822525254e+01
2.000000000054432903e+01
2.000000000276969914e+01
1.999999999635088699e+01
2.000000000080649087e+01
1.999999999936455453e+01
1.999999999949380225e+01
2.000000000097262287e+01
1.999999999844218124e+01
2.000000000277515966e+01
1.999999999932932226e+01
1.999999999861861255e+01
2.000000000039135983e+01
2.000000000430525660e+01
2.000000000210024353e+01
1.999999999756029112e+01
2.000000000095297992e+01
1.999999999879902290e+01
2.000000000110641807e+01
1.999999999554997032e+01
1.999999999800680683e+01
1.999999999797728023e+01
2.000000000129124089e+01
1.999999999617567070e+01
1.999999999712350274e+01
1.999999999993783106e+01
2.000000000132710554e+01
2.000000000132326861e+01
2.000000000567214542e+01
2.000000000353376706e+01
2.000000000200900985e+01
1.999999999961015718e+01
1.999999999979056398e+01
1.999999999876608570e+01
2.000000000184836679e+01
1.999999999594546907e+01
2.000000000241811549e+01
1.999999999829626418e+01
1.999999999709075738e+01
1.999999999887542756e+01
2.000000000163215930e+01
1.999999999999062794e+01
1.999999999863793931e+01
1.999999999991464961e+01
2.000000000393470856e+01
2.000000000193035987e+01
1.999999999810193074e+01
1.999999999882203738e+01
2.000000000307325010e+01
1.999999999720212429e+01
1.999999999804401796e+01
1.999999999925206495e+01
1.999999999547233287e+01
1.999999999959770136e+01
2.000000000480662621e+01
2.000000000181040960e+01
2.000000000280830648e+01
1.999999999964698105e+01
2.000000000051950622e+01
2.000000000046867754e+01
1.999999999623019775e+01
1.999999999854973964e+01
2.000000000157432112e+01
1.999999999917257298e+01
2.000000000131447919e+01
2.000000000323917604e+01
2.000000000111778675e+01
2.000000000111242215e+01
1.999999999639715043e+01
1.999999999790538041e+01
1.999999999627325664e+01
2.000000000194638972e+01
1.999999999953329421e+01
1.999999999878151513e+01
1.999999999732767364e+01
1.999999999821345753e+01
1.999999999943380402e+01
2.000000000197209360e+01
1.999999999833221764e+01
1.999999999776715853e+01
1.999999999971490183e+01
2.000000000550372192e+01
2.000000000293595903e+01
1.999999999740109047e+01
1.999999999931663197e+01
2.000000000184546778e+01
2.000000000110406972e+01
2.000000000198252792e+01
2.000000000430778613e+01
1.999999999634675873e+01
2.000000000024069990e+01
1.999999999863413791e+01
2.000000000523175459e+01
1.999999999983576160e+01
1.999999999768979819e+01
2.000000000118986065e+01
1.999999999936311923e+01
1.999999999950340523e+01
2.000000000071043260e+01
1.999999999916576954e+01
2.000000000177429627e+01
2.000000000249222509e+01
1.999999999960152053e+01
2.000000000102280850e+01
2.000000000244577691e+01
2.000000000107229425e+01
1.999999999985275068e+01
2.000000000021762858e+01
1.999999999914846782e+01
2.000000000080979845e+01
2.000000000102984288e+01
1.999999999694147235e+01
1.999999999495575054e+01
2.000000000070320283e+01
1.999999999938487960e+01
1.999999999728612821e+01
1.999999999932128247e+01
1.999999999664683159e+01
2.000000000159651137e+01
2.000000000036930814e+01
2.000000000091811359e+01
1.999999999604378687e+01
2.000000000020174085e+01
2.000000000033079317e+01
1.999999999869947231e+01
1.999999999886654223e+01
2.000000000238674858e+01
1.999999999845224963e+01
2.000000000362038577e+01
2.000000000201626094e+01
2.000000000061119465e+01
2.000000000412743617e+01
2.000000000159975144e+01
2.000000000025735503e+01
2.000000000058672356e+01
2.000000000188553528e+01
1.999999999975986853e+01
1.999999999803282336e+01
1.999999999944808238e+01
2.000000000096637720e+01
2.000000000280972756e+01
2.000000000286637913e+01
1.999999999892149916e+01
2.000000000186962268e+01
1.999999999590781741e+01
2.000000000075601747e+01
2.000000000291888114e+01
1.999999999815475960e+01
2.000000000049675819e+01
2.000000000472807216e+01
2.000000000130029321e+01
2.000000000033717740e+01
1.999999999934747663e+01
2.000000000106927800e+01
2.000000000077338314e+01
2.000000000425763247e+01
2.000000000359413121e+01
1.999999999851435462e+01
1.999999999717859822e+01
2.000000000186327753e+01
2.000000000280761725e+01
1.999999999644080617e+01
1.999999999569256204e+01
1.999999999665189421e+01
2.000000000117592336e+01
1.999999999855693744e+01
2.000000000128334321e+01
2.000000000130573596e+01
2.000000000178165394e+01
1.999999999953497110e+01
2.000000000096104458e+01
1.999999999999836220e+01
2.000000000107604947e+01
1.999999999720050070e+01
1.999999999964137487e+01
2.000000000062412298e+01
2.000000000074510709e+01
2.000000000005344702e+01
2.000000000262718558e+01
1.999999999906134462e+01
1.999999999825535113e+01
1.999999999972336440e+01
1.999999999878032142e+01
2.000000000206549444e+01
1.999999999634231429e+01
1.999999999974344789e+01
1.999999999989227462e+01
2.000000000119900534e+01
2.000000000289285396e+01
1.999999999971785059e+01
2.000000000410253875e+01
1.999999999929531569e+01
1.999999999753609714e+01
1.999999999897913483e+01
2.000000000038236436e+01
2.000000000074619066e+01
2.000000000008935430e+01
2.000000000305580983e+01
2.000000000215147722e+01
2.000000000018863133e+01
1.999999999823859653e+01
2.000000000381546883e+01
1.999999999921623939e+01
2.000000000175803905e+01
1.999999999876496304e+01
2.000000000007622702e+01
2.000000000034441783e+01
2.000000000541471223e+01
1.999999999882214041e+01
1.999999999779600657e+01
2.000000000338679129e+01
2.000000000005430323e+01
1.999999999567202380e+01
2.000000000148638080e+01
1.999999999706954767e+01
2.000000000388818577e+01
2.000000000168993708e+01
1.999999999708123255e+01
2.000000000123449695e+01
2.000000000125519151e+01
1.999999999901086767e+01
2.000000000040234482e+01
2.000000000210426165e+01
1.999999999683624807e+01
2.000000000426539160e+01
2.000000000002117417e+01
2.000000000045774229e+01
1.999999999617757851e+01
2.000000000428181934e+01
1.999999999802881234e+01
2.000000000103394271e+01
1.999999999782763993e+01
1.999999999816441232e+01
2.000000000046205884e+01
2.000000000159748836e+01
2.000000000127212019e+01
1.999999999610257007e+01
1.999999999769402237e+01
1.999999999819063490e+01
1.999999999825499231e+01
1.999999999943388573e+01
2.000000000132509825e+01
1.999999999686869145e+01
2.000000000227312924e+01
1.999999999900283854e+01
2.000000000000354206e+01
2.000000000321104210e+01
1.999999999550103880e+01
1.999999999959588948e+01
2.000000000034671643e+01
1.999999999759308622e+01
1.999999999846285093e+01
1.999999999759677394e+01
1.999999999939698725e+01
1.999999999738581380e+01
2.000000000011526424e+01
2.000000000113135457e+01
2.000000000254474841e+01
1.999999999966646769e+01
