6.078527022530440860e+00
6.027601387878693373e+00
5.976644792731454103e+00
5.925653069601432676e+00
5.874621409914279724e+00
5.823544416388704015e+00
5.772416477241643307e+00
5.721232225651194270e+00
5.669987050786335914e+00
5.618677590159200541e+00
5.567302132661247960e+00
5.515860866358762493e+00
5.464355919170973408e+00
5.412791164578406367e+00
5.361171798386868304e+00
5.309503732489020855e+00
5.257792888968211287e+00
5.206044501237681033e+00
5.154262528504997221e+00
5.102449263431524606e+00
5.050605168094938868e+00
4.998728924924324524e+00
4.946817651915907277e+00
4.894867213584772614e+00
4.842872560690816286e+00
4.790828046565787979e+00
4.738727687797873678e+00
4.686565355665281096e+00
4.634334898616670806e+00
4.582030204499393911e+00
4.529645214958971877e+00
4.477173904890816125e+00
4.424610238388632766e+00
4.371948110393866216e+00
4.319181280867246286e+00
4.266303306793151506e+00
4.213307475497713561e+00
4.160186751677575678e+00
4.106933734523864565e+00
4.053540789492392271e+00
4.000000000000000000e+00
