6.080692235182886485e+00
6.029769308678892159e+00
5.978819955039319289e+00
5.927842991598029521e+00
5.876837258027944877e+00
5.825801471357960004e+00
5.774734219398776958e+00
5.723633937246864534e+00
5.672498884643310646e+00
5.621327123530780234e+00
5.570116497632524144e+00
5.518864615757046899e+00
5.467568840592807788e+00
5.416226284631029841e+00
5.364833814587510297e+00
5.313388065304301300e+00
5.261885463635075588e+00
5.210322262292112150e+00
5.158694583090749575e+00
5.106998468489926779e+00
5.055229939802750039e+00
5.003385059936256596e+00
4.951459998008454377e+00
4.899451092682819642e+00
4.847354910570778941e+00
4.795168295620358734e+00
4.742888405101657767e+00
4.690512727711160679e+00
4.638039079557246147e+00
4.585465574463206018e+00
4.532790566199740745e+00
4.480012561921594028e+00
4.427130108097885319e+00
4.374141652145444148e+00
4.321045384144181156e+00
4.267839059760948572e+00
4.214519795802098123e+00
4.161083764777472105e+00
4.107525620823796686e+00
4.053836601429178010e+00
4.000000000000000000e+00
