6.079135540428253215e+00
6.028211838931463618e+00
5.977261743800485583e+00
5.926284186471242776e+00
5.875278114047945088e+00
5.824242403613236085e+00
5.773175863285043619e+00
5.722077222567075516e+00
5.670945122385344206e+00
5.619778103555499449e+00
5.568574593876027379e+00
5.517332893952591633e+00
5.466051161977943273e+00
5.414727397792755248e+00
5.363359426652050566e+00
5.311944883206731305e+00
5.260481196271348026e+00
5.208965574980299884e+00
5.157394996930568354e+00
5.105766198868667338e+00
5.054075670404956533e+00
5.002319651134992107e+00
4.950494131422169986e+00
4.898594856956091093e+00
4.846617337053603869e+00
4.794556856519131216e+00
4.742408490729866699e+00
4.690167123459061393e+00
4.637827466793623010e+00
4.585384082334981848e+00
4.532831402685578048e+00
4.480163752002987110e+00
4.427375364109198408e+00
4.374460396210314350e+00
4.321412935385234633e+00
4.268226993622011634e+00
4.214896482428151181e+00
4.161415158826167193e+00
4.107776512495040500e+00
4.053973749054431863e+00
4.000000000000000000e+00
