6.078048540370217800e+00
6.027124277317486012e+00
5.976173599606882547e+00
5.925195455451024884e+00
5.874188804376804462e+00
5.823152543468432363e+00
5.772085509511778234e+00
5.720986472056760697e+00
5.669854126459412669e+00
5.618687085740135423e+00
5.567483871322156830e+00
5.516242902588046171e+00
5.464962485250674185e+00
5.413640798583788438e+00
5.362275881616401563e+00
5.310865618457891735e+00
5.259407722982893496e+00
5.207899723161544259e+00
5.156338945366402804e+00
5.104722499017731785e+00
5.053047261940489143e+00
5.001309866797237547e+00
4.949506688931208487e+00
4.897633835904307453e+00
4.845687138948922446e+00
4.793662146473606889e+00
4.741554119675068790e+00
4.689358030215770690e+00
4.637068559830129111e+00
4.584680101623400006e+00
4.532186762723660500e+00
4.479582367837118717e+00
4.426860463126155665e+00
4.374014319742405732e+00
4.321036936203671353e+00
4.267921040225744811e+00
4.214659091754735520e+00
4.161243321003820661e+00
4.107665852862401046e+00
4.053919539081168644e+00
4.000000000000000000e+00
