6.074958483507862717e+00
6.024032627089584757e+00
5.973080307719969895e+00
5.922100468143490559e+00
5.871092076985538810e+00
5.820054045473811222e+00
5.768985233213954622e+00
5.717884444122391940e+00
5.666750423209748533e+00
5.615581852946754715e+00
5.564377349354503899e+00
5.513135457773009840e+00
5.461854648277923552e+00
5.410533310707875465e+00
5.359169749260506599e+00
5.307762176610244964e+00
5.256308707495518817e+00
5.204807351717366082e+00
5.153256006485205987e+00
5.101652448038938026e+00
5.049994322469465224e+00
4.998279135652209604e+00
4.946504242200167489e+00
4.894666833334432532e+00
4.842763923560885253e+00
4.790792336031698184e+00
4.738748686459392623e+00
4.686629365439180184e+00
4.634430519022413542e+00
4.582148027370790189e+00
4.529777481309952059e+00
4.477314156601312156e+00
4.424752985781489123e+00
4.372088527568618765e+00
4.319314934204697920e+00
4.266425918716731047e+00
4.213414726562736412e+00
4.160274134134728463e+00
4.106996502277180383e+00
4.053574154313997369e+00
4.000000000000000000e+00
