6.074877622434438074e+00
6.023951724804946117e+00
5.972999363997317346e+00
5.922019481648152173e+00
5.871011046480952622e+00
5.819972969712402744e+00
5.768904110982077782e+00
5.717803274291096471e+00
5.666669204817686101e+00
5.615500585323728089e+00
5.564296032299523631e+00
5.513054091803747170e+00
5.461773234972306490e+00
5.410451853162897784e+00
5.359088252698153809e+00
5.307680649165778419e+00
5.256227161229129585e+00
5.204725803896360858e+00
5.153174481190280432e+00
5.101570978154620128e+00
5.049912952125246157e+00
4.998197923187035485e+00
4.946423263728553898e+00
4.894586186997254451e+00
4.842683734547539309e+00
4.790712762462599805e+00
4.738669926218324946e+00
4.686551664043628662e+00
4.634354178616372444e+00
4.582073416918159836e+00
4.529705048056506200e+00
4.477244438856108566e+00
4.424686627036155784e+00
4.372026291896491834e+00
4.319257722695669877e+00
4.266374786128679375e+00
4.213370895975338648e+00
4.160239002041392631e+00
4.106971616166303463e+00
4.053561087208776392e+00
4.000000000000000000e+00
