6.074805279027976290e+00
6.023879344645290956e+00
5.972926947116430796e+00
5.921947027002577357e+00
5.870938553156845430e+00
5.819900436809324340e+00
5.768831537646512686e+00
5.717730659749064692e+00
5.666596548430169022e+00
5.615427886670625313e+00
5.564223291303026286e+00
5.512981308904685740e+00
5.461700411376530617e+00
5.410378991178768970e+00
5.359015356190885093e+00
5.307607724159625562e+00
5.256154216694437942e+00
5.204652852765109472e+00
5.153101541651097683e+00
5.101498075286158063e+00
5.049840119935298688e+00
4.998125207133683467e+00
4.946350723808838445e+00
4.894513901498206643e+00
4.842611804563651923e+00
4.790641317292757329e+00
4.738599129763556128e+00
4.686481722334485234e+00
4.634285348604834986e+00
4.582006016672962367e+00
4.529639468501031274e+00
4.477181157180217141e+00
4.424626221886597044e+00
4.371969460370922711e+00
4.319205298954972072e+00
4.266327760794845325e+00
4.213330433911887773e+00
4.160206450356361607e+00
4.106948483169258424e+00
4.053548913836523937e+00
4.000000000000000000e+00
