6.074765873232971458e+00
6.023839918920540271e+00
5.972887501665508303e+00
5.921907561409179621e+00
5.870899067127480109e+00
5.819860930105478225e+00
5.768792010107171464e+00
5.717691111308398355e+00
5.666556979143521744e+00
5.615388296750886354e+00
5.564183681172138130e+00
5.512941679266262440e+00
5.461660763317340184e+00
5.410339326308996277e+00
5.358975676835710189e+00
5.307568033617770631e+00
5.256114519583002576e+00
5.204613155474280717e+00
5.153061852937269371e+00
5.101458407037637421e+00
5.049800488151183764e+00
4.998085633163693586e+00
4.946311235909900184e+00
4.894474536772439599e+00
4.842572611352088607e+00
4.790602358109617320e+00
4.738560484867144318e+00
4.686443494042689117e+00
4.634247666475499905e+00
4.581969043681616505e+00
4.529603408359183625e+00
4.477146262943299426e+00
4.424592805993015965e+00
4.371937906207207014e+00
4.319176073899149593e+00
4.266301430240096337e+00
4.213307674673670178e+00
4.160188058006021095e+00
4.106935360433062066e+00
4.053541989418778968e+00
4.000000000000000000e+00
