6.074757738715371502e+00
6.023831780309720330e+00
5.972879359049396264e+00
5.921899414753777791e+00
5.870890916444087893e+00
5.819852775441829884e+00
5.768783851556591458e+00
5.717682949018120020e+00
5.666548813325211320e+00
5.615380127693423873e+00
5.564175509257134777e+00
5.512933504986986755e+00
5.461652587302065598e+00
5.410331149350174229e+00
5.358967499926835742e+00
5.307559858000399089e+00
5.256106346807084329e+00
5.204604987475865308e+00
5.153053692138673370e+00
5.101450256476475431e+00
5.049792351646171795e+00
4.998077515526969883e+00
4.946303143217731346e+00
4.894466476708698721e+00
4.842564593641792037e+00
4.790594395063163979e+00
4.738552592059730451e+00
4.686435691157730510e+00
4.634239978345745747e+00
4.581961501566912176e+00
4.529596051505227372e+00
4.477139140470348444e+00
4.424585979165057914e+00
4.371931451124172696e+00
4.319170084622556693e+00
4.266296022255478881e+00
4.213302988327770393e+00
4.160184260652833643e+00
4.106932644296453994e+00
4.053540553706573846e+00
4.000000000000000000e+00
