1.999999997269188157e+01
2.003052206495929255e+01
2.008831487146019157e+01
2.017533343680912239e+01
2.029532143856587822e+01
2.044826164916805311e+01
2.063019966773540759e+01
2.083319175093594566e+01
2.104595068296487170e+01
2.125498715066779098e+01
2.144605409649194172e+01
2.160568613721407516e+01
2.172265001693970987e+01
2.178914690403844645e+01
2.180162633037850028e+01
2.176109603808984261e+01
2.167286153666248083e+01
2.154571405660993122e+01
2.139069323115412047e+01
2.121964609590492046e+01
2.104384641096185504e+01
2.087290659511386792e+01
2.071412075131044972e+01
2.057225976753935015e+01
2.044974093418852945e+01
2.034704099626904394e+01
2.026321551544903699e+01
2.019641437145590146e+01
2.014432368137041252e+01
2.010450291404994516e+01
2.007461447185126957e+01
2.005255979347550621e+01
2.003654310875516131e+01
2.002508425873082487e+01
2.001699934834351424e+01
2.001135921694320530e+01
2.000744195918755608e+01
2.000461763795664893e+01
2.000234486455148186e+01
1.999913966298363377e+01
1.999474988510337425e+01
