1.999999999187315680e+01
2.002421023749160511e+01
2.007145632807053559e+01
2.014329423866545810e+01
2.024381648131846134e+01
2.037427259359755993e+01
2.053282615913082054e+01
2.071424405072960084e+01
2.091014897196526334e+01
2.110971920536767854e+01
2.130072226444915628e+01
2.147073228929474098e+01
2.160838487094857641e+01
2.170453596875856306e+01
2.175320203455589052e+01
2.175216718173614083e+01
2.170316276400850697e+01
2.161156956453459799e+01
2.148566714696178082e+01
2.133554454262807454e+01
2.117186141142884637e+01
2.100467806789688296e+01
2.084254223719752375e+01
2.069194195149469095e+01
2.055713863153959409e+01
2.044031519678163633e+01
2.034193087633337527e+01
2.026116901944627102e+01
2.019638542189998986e+01
2.014549727207937124e+01
2.010628447008921427e+01
2.007659906915847969e+01
2.005449326135695998e+01
2.003828270699359848e+01
2.002656340689125258e+01
2.001819394389154994e+01
2.001226187745195517e+01
2.000797781953618326e+01
2.000467671475564302e+01
2.000083490005539133e+01
1.999627138119285519e+01
