1.999999999903622694e+01
2.000326801269142152e+01
2.001412930159762738e+01
2.003115966129496073e+01
2.005674563157895562e+01
2.009294006621392015e+01
2.014167160463939865e+01
2.020445576460622661e+01
2.028215866031711201e+01
2.037478626155310479e+01
2.048133659205964463e+01
2.059973529649757040e+01
2.072686449909059547e+01
2.085868348261998761e+01
2.099043087018306508e+01
2.111689242841191216e+01
2.123271584922746058e+01
2.133275253801504334e+01
2.141240505471898459e+01
2.146795654361948280e+01
2.149685547373930561e+01
2.149792674785954105e+01
2.147148104890592890e+01
2.141930051626885145e+01
2.134449164365723206e+01
2.125121458219332737e+01
2.114431817117693058e+01
2.102892667292731232e+01
2.091003227657690289e+01
2.079214427452880187e+01
2.067903233377552041e+01
2.057358163067017642e+01
2.047775737722743372e+01
2.039266034818553308e+01
2.031864616916088906e+01
2.025548028685046376e+01
2.020250912803223642e+01
2.015885476191457926e+01
2.012375893648399483e+01
2.009752927776890274e+01
2.008563558421155903e+01
