1.999999997124280782e+01
1.999881777964053597e+01
1.999898115888875338e+01
1.999902322070309069e+01
1.999911530212289890e+01
1.999926235004467046e+01
1.999949506479887873e+01
1.999984996807436488e+01
2.000037383606413854e+01
2.000112507224397973e+01
2.000217537324829919e+01
2.000361122911526834e+01
2.000553520086545234e+01
2.000806684355571718e+01
2.001134313657287578e+01
2.001551828003979594e+01
2.002076272555011371e+01
2.002726133140546949e+01
2.003521056723488769e+01
2.004481473923349455e+01
2.005628126282320522e+01
2.006981507029751199e+01
2.008561230243613238e+01
2.010385348954747187e+01
2.012469647388249072e+01
2.014826935717426082e+01
2.017466377097078478e+01
2.020392876169378837e+01
2.023606555674206575e+01
2.027102343001281781e+01
2.030869681426702655e+01
2.034892365038168904e+01
2.039148474429184077e+01
2.043610260356672370e+01
2.048243739486999360e+01
2.053006078381599053e+01
2.057839672033599143e+01
2.062637029438986147e+01
2.067188378738722676e+01
2.070733856827220265e+01
2.071761244345816522e+01
