1.999999998768658216e+01
1.999865330525596008e+01
1.999882745469889755e+01
1.999884094774419552e+01
1.999887290454622857e+01
1.999890711979587721e+01
1.999894961647122926e+01
1.999900456682874506e+01
1.999907790015461018e+01
1.999917741097207724e+01
1.999931326814683885e+01
1.999949850452825828e+01
1.999974954530814131e+01
2.000008676386119788e+01
2.000053505494865291e+01
2.000112440946493919e+01
2.000189047038105983e+01
2.000287504534454541e+01
2.000412654759519526e+01
2.000570033394778591e+01
2.000765890674915326e+01
2.001007194634599529e+01
2.001301614202699142e+01
2.001657479274698659e+01
2.002083715442744705e+01
2.002589751802172202e+01
2.003185401139160859e+01
2.003880712736843606e+01
2.004685798772992555e+01
2.005610635166289768e+01
2.006664835596961538e+01
2.007857387465150723e+01
2.009196317374903273e+01
2.010688153494527697e+01
2.012336944262544591e+01
2.014141488732618157e+01
2.016089792923261470e+01
2.018135020729405937e+01
2.020162961108806599e+01
2.021732213266926692e+01
2.022071439826868300e+01
