1.999999994647959412e+01
1.999854453048921599e+01
1.999871840893692010e+01
1.999871889272260717e+01
1.999873663255609557e+01
1.999875239580548936e+01
1.999876981840729329e+01
1.999878937629858200e+01
1.999881194363237924e+01
1.999883856697397277e+01
1.999887063009509092e+01
1.999890996470890414e+01
1.999895897643034459e+01
1.999902078404094041e+01
1.999909937478481581e+01
1.999919977605932431e+01
1.999932824286299393e+01
1.999949245941571618e+01
1.999970175235787906e+01
1.999996731193506250e+01
2.000030241651674956e+01
2.000072265472459776e+01
2.000124613841205701e+01
2.000189369872560974e+01
2.000268905661185315e+01
2.000365895832039342e+01
2.000483326564905084e+01
2.000624498949117580e+01
2.000793025287759264e+01
2.000992816285626219e+01
2.001228055452925503e+01
2.001503151606807052e+01
2.001822650642579760e+01
2.002191038607682927e+01
2.002612336728756048e+01
2.003088837441445591e+01
2.003618857817393106e+01
2.004185613064682769e+01
2.004747675251325845e+01
2.005114503822828098e+01
2.005038646053162665e+01
