2.000000000600635985e+01
1.999850498192796167e+01
1.999867525890214637e+01
1.999866743064183794e+01
1.999867626442656743e+01
1.999868194209985361e+01
1.999868791665863199e+01
1.999869426856036725e+01
1.999870128694128013e+01
1.999870917331798026e+01
1.999871813096522999e+01
1.999872838508550288e+01
1.999874020400796937e+01
1.999875391927098534e+01
1.999876994759965498e+01
1.999878881591632407e+01
1.999881119011099173e+01
1.999883790810493522e+01
1.999887001750152749e+01
1.999890881804018861e+01
1.999895590889733299e+01
1.999901324074775388e+01
1.999908317233029464e+01
1.999916853106162762e+01
1.999927267705459855e+01
1.999939956960193044e+01
1.999955383482316407e+01
1.999974083253848889e+01
1.999996671922253100e+01
2.000023850076295062e+01
2.000056406268071285e+01
2.000095214122030285e+01
2.000141217202139998e+01
2.000195370405149120e+01
2.000258516509433449e+01
2.000330845704363014e+01
2.000411230263012641e+01
2.000491465363023025e+01
2.000556212285735569e+01
2.000507969665158470e+01
2.000289132845318818e+01
