1.999999996891156329e+01
1.999849672915002685e+01
1.999866544181956129e+01
1.999865483708405023e+01
1.999866043372426105e+01
1.999866225502897876e+01
1.999866368447092668e+01
1.999866471190220807e+01
1.999866552351501880e+01
1.999866619731446704e+01
1.999866678430956313e+01
1.999866731816607768e+01
1.999866782328434667e+01
1.999866831867897332e+01
1.999866882024650039e+01
1.999866934213584813e+01
1.999866989763839342e+01
1.999867049978841038e+01
1.999867116178397453e+01
1.999867189730023043e+01
1.999867272074674318e+01
1.999867364749696463e+01
1.999867469412869525e+01
1.999867587867184326e+01
1.999867722088884037e+01
1.999867874257462219e+01
1.999868046780454378e+01
1.999868242289180742e+01
1.999868463542141228e+01
1.999868713019834132e+01
1.999868991743022661e+01
1.999869295306250905e+01
1.999869604399420098e+01
1.999869848097080549e+01
1.999869838439093428e+01
1.999868892081739702e+01
1.999865529640927164e+01
1.999852893786414043e+01
1.999820768853437869e+01
1.999690692907323708e+01
1.999443684229754581e+01
