1.999999999366950121e+01
1.999849668970524874e+01
1.999866537611301354e+01
1.999865474892835948e+01
1.999866031957695611e+01
1.999866211571817942e+01
1.999866352506315081e+01
1.999866453752498785e+01
1.999866533654407519e+01
1.999866599634144038e+01
1.999866656421776767e+01
1.999866707062148663e+01
1.999866753725359914e+01
1.999866798078420516e+01
1.999866841492094949e+01
1.999866885161447527e+01
1.999866930181829261e+01
1.999866977601027074e+01
1.999867028456945661e+01
1.999867083806468315e+01
1.999867144749486059e+01
1.999867212450386589e+01
1.999867288158382550e+01
1.999867373227449008e+01
1.999867469137179299e+01
1.999867577513986205e+01
1.999867700144772442e+01
1.999867838960369681e+01
1.999867995924922681e+01
1.999868172615801498e+01
1.999868369027798209e+01
1.999868579593965023e+01
1.999868783705624509e+01
1.999868909023771835e+01
1.999868766146165555e+01
1.999867670525432573e+01
1.999864142439030346e+01
1.999851327180290994e+01
1.999819018363658074e+01
1.999688788638707848e+01
1.999441727539851854e+01
