2.458333337956388931e+01
2.365066930052402583e+01
2.279480826570144814e+01
2.204321437330736089e+01
2.142431902619470918e+01
2.094605243374551762e+01
2.059887651100699202e+01
2.036157395063041164e+01
2.020840214812385938e+01
2.011476104468111359e+01
2.006038727767489505e+01
2.003032318629282926e+01
2.001446192658888279e+01
2.000646795938882150e+01
2.000262210611044011e+01
2.000086501047086784e+01
2.000011470242382217e+01
1.999982899575138617e+01
1.999974754577289104e+01
1.999975008833741441e+01
1.999978305561491965e+01
1.999982350117432972e+01
1.999986213311377270e+01
1.999989561779966962e+01
1.999992317837914868e+01
1.999994510893512611e+01
1.999996212078437452e+01
1.999997504711272001e+01
1.999998470440253939e+01
1.999999182407588094e+01
1.999999701014284526e+01
2.000000067416998206e+01
2.000000286670988814e+01
2.000000262943348517e+01
1.999999641194132849e+01
1.999997127127612018e+01
1.999989465333209537e+01
1.999964660354757484e+01
1.999902544433702545e+01
1.999698868067020996e+01
1.999362301192013547e+01
