6.080086157254648072e+00
6.029162765304857174e+00
5.978212554269780377e+00
5.927234039475141714e+00
5.876225653983607522e+00
5.825185566660550762e+00
5.774111665979323682e+00
5.723001536895677255e+00
5.671852454631842733e+00
5.620661396925234143e+00
5.569425077432536675e+00
5.518140000898815956e+00
5.466802538860643601e+00
5.415409022843070908e+00
5.363955850406289194e+00
5.312439598044847777e+00
5.260857133848323208e+00
5.209205722005545880e+00
5.157483110728509068e+00
5.105687595110324217e+00
5.053818047001557012e+00
5.001873905399627063e+00
4.949855123250039846e+00
4.897762069959217257e+00
4.845595393085368130e+00
4.793355847106339773e+00
4.741044101144312961e+00
4.688660540268889676e+00
4.636205075857822600e+00
4.583676979175609567e+00
4.531074749013527025e+00
4.478396019541404982e+00
4.425637509343940401e+00
4.372795007810598378e+00
4.319863391253382368e+00
4.266836657629514917e+00
4.213707964790186722e+00
4.160469634365155045e+00
4.107113037185216697e+00
4.053627896718913881e+00
4.000000000000000000e+00
