6.074759183292067100e+00
6.023833225647618583e+00
5.972880805134431981e+00
5.921900861593208276e+00
5.870892364035253941e+00
5.819854223772010116e+00
5.768785300600976385e+00
5.717684398738287044e+00
5.666550263667093468e+00
5.615381578584608846e+00
5.564176960603409050e+00
5.512934956668086528e+00
5.461654039166540464e+00
5.410332601209183245e+00
5.358968951546627224e+00
5.307561309093111745e+00
5.256107797019392791e+00
5.204606436374850098e+00
5.153055139194134604e+00
5.101451701038684838e+00
5.049793792917811608e+00
4.998078952527688301e+00
4.946304574739375681e+00
4.894467901258835241e+00
4.842566009372590408e+00
4.790595799682104250e+00
4.738553982717864876e+00
4.686437064310396750e+00
4.634241329579669610e+00
4.581962825386596272e+00
4.529597341070403793e+00
4.477140387275278854e+00
4.424587172649970590e+00
4.371932578210289577e+00
4.319171129167632017e+00
4.266296964445399631e+00
4.213303804066314662e+00
4.160184921169374661e+00
4.106933116492379909e+00
4.053540803225286204e+00
4.000000000000000000e+00
