6.074766327227243856e+00
6.023840367073718838e+00
5.972887928897066878e+00
5.921907947426386265e+00
5.870899389047437467e+00
5.819861165425566085e+00
5.768792138911710943e+00
5.717691117263099976e+00
5.666556849457675682e+00
5.615388021556135811e+00
5.564183252729269391e+00
5.512941091250052494e+00
5.461660010278204247e+00
5.410338403317067169e+00
5.358974579273543704e+00
5.307566757081245257e+00
5.256113059857830727e+00
5.204611508567022149e+00
5.153060015150061624e+00
5.101456375083788686e+00
5.049798259314586701e+00
4.998083205509416871e+00
4.946308608556955200e+00
4.894471710243111673e+00
4.842569588015690485e+00
4.790599142742280492e+00
4.738557085353432008e+00
4.686439922249476808e+00
4.634243939333629214e+00
4.581965184516020528e+00
4.529599448512567683e+00
4.477142243739514527e+00
4.424588781077598121e+00
4.371933944268462824e+00
4.319172261681266001e+00
4.266297875540579376e+00
4.213304508605780541e+00
4.160185434955387507e+00
4.106933453161829561e+00
4.053540971074192534e+00
4.000000000000000000e+00
