1.999999997981832323e+01
1.999867928894214941e+01
1.999885128212785546e+01
1.999886685861763880e+01
1.999890293033491062e+01
1.999894520825242239e+01
1.999900180463411559e+01
1.999907973257210614e+01
1.999918858730844207e+01
1.999934080147534843e+01
1.999955229816447755e+01
1.999984312329156566e+01
2.000023810639241617e+01
2.000076752866919350e+01
2.000146777635286099e+01
2.000238195037708522e+01
2.000356039812686859e+01
2.000506112892466959e+01
2.000695007226285682e+01
2.000930113723421400e+01
2.001219603336388886e+01
2.001572381747167384e+01
2.001998013844616153e+01
2.002506616175291043e+01
2.003108716786950083e+01
2.003815083291618748e+01
2.004636521458655452e+01
2.005583648044901324e+01
2.006666642604737660e+01
2.007894982988206323e+01
2.009277166979125795e+01
2.010820411881872616e+01
2.012530301747770523e+01
2.014410244205060607e+01
2.016460485919488832e+01
2.018675222666742286e+01
2.021036722613853698e+01
2.023488998544709006e+01
2.025901149651757649e+01
2.027776438898409950e+01
2.028221796303296287e+01
