2.000000001825302576e+01
1.999859443230705125e+01
1.999876900581136496e+01
1.999877590599373534e+01
1.999880046528687316e+01
1.999882467775616846e+01
1.999885306163810483e+01
1.999888750453511221e+01
1.999893083412865025e+01
1.999898673304586794e+01
1.999906004940311632e+01
1.999915707027711065e+01
1.999928582334377580e+01
1.999945640159903348e+01
1.999968130928065690e+01
1.999997582335135959e+01
2.000035836243624487e+01
2.000085085267585328e+01
2.000147907764427657e+01
2.000227299735821163e+01
2.000326701963474108e+01
2.000450020570722032e+01
2.000601639134838194e+01
2.000786420481394146e+01
2.001009696391525239e+01
2.001277243636856440e+01
2.001595245008428492e+01
2.001970234268258508e+01
2.002409024072354882e+01
2.002918615408063729e+01
2.003506085140050530e+01
2.004178440530751004e+01
2.004942414106945847e+01
2.005804098495417520e+01
2.006768251172011830e+01
2.007836289600285795e+01
2.009002431562378632e+01
2.010236476019865393e+01
2.011463433640901499e+01
2.012377016560628462e+01
2.012489798137175967e+01
