6.074708261988405411e+00
5.972830329655028692e+00
5.870843369089073782e+00
5.768737676194110264e+00
5.666503925981390744e+00
5.564131784318741225e+00
5.461609904353010414e+00
5.358925769576919684e+00
5.256065600757006351e+00
5.153014095135442396e+00
5.049754304098875934e+00
4.946267189085904903e+00
4.842531522961809998e+00
4.738523180470634699e+00
4.634215192444326448e+00
4.529576554584360260e+00
4.424572585740653707e+00
4.319162701041687313e+00
4.213301307538972473e+00
4.106933457598245241e+00
4.000000000000000000e+00
