6.074718856262634858e+00
5.972840977782189142e+00
5.870854160708407044e+00
5.768748731234460081e+00
5.666515410527548369e+00
5.564143904699890619e+00
5.461622869634430444e+00
5.358939755082346323e+00
5.256080671437531215e+00
5.153030168694698432e+00
5.049771080195343487e+00
4.946284182522214579e+00
4.842548036496454600e+00
4.738538432385346333e+00
4.634228289305800885e+00
4.529586695793419437e+00
4.424579020119952411e+00
4.319165163041991384e+00
4.213300225825147294e+00
4.106931200991962072e+00
4.000000000000000000e+00
