1.999999999821345753e+01
1.999165957308330377e+01
1.999257225860429088e+01
1.999216809406526352e+01
1.999066794141160841e+01
1.998859215298750414e+01
1.998583284666810300e+01
1.998385715149074571e+01
1.998156398806483125e+01
1.998126843299013089e+01
1.997964572642321812e+01
1.998184812923694409e+01
1.998185732673486470e+01
1.999218851725711588e+01
2.000261673435063869e+01
2.003849793028513204e+01
2.007846073541877985e+01
2.016494496839852246e+01
2.025060857433782502e+01
2.040244075738108975e+01
2.045607816551228098e+01
