2.000000000201626094e+01
1.998726308294762788e+01
1.998803720851753951e+01
1.998819296136994694e+01
1.998844034827403959e+01
1.998888135391434417e+01
1.998934532156565780e+01
1.999004284159852673e+01
1.999053833066841435e+01
1.999122923969136068e+01
1.999126262569818380e+01
1.999155367109928605e+01
1.999058350798005890e+01
1.999038910095156041e+01
1.998819591383394823e+01
1.998808842659681417e+01
1.998475710330602340e+01
1.998587410959617827e+01
1.998133546909592440e+01
1.998523721591172730e+01
1.997609255646602833e+01
