2.000000000061119465e+01
1.998725608615298199e+01
1.998802300988536729e+01
1.998816528379366275e+01
1.998839501047079281e+01
1.998881299945067624e+01
1.998925682238564860e+01
1.998993819823407847e+01
1.999043549125063635e+01
1.999114381679166996e+01
1.999122411339542893e+01
1.999157571841374192e+01
1.999068871990636254e+01
1.999056676317811210e+01
1.998844735918918758e+01
1.998837263250076290e+01
1.998506461904185016e+01
1.998614771223228459e+01
1.998157181692117490e+01
1.998535946692810228e+01
1.997616388394408204e+01
