1.999999999999836220e+01
1.998723331544846715e+01
1.998791816332450111e+01
1.998790264216377111e+01
1.998788985700988263e+01
1.998793123220696089e+01
1.998790563717420099e+01
1.998801728703386971e+01
1.998798820192016734e+01
1.998825813017361952e+01
1.998822008903402647e+01
1.998878492839724075e+01
1.998865994078338204e+01
1.998968609901271520e+01
1.998921423284266297e+01
1.999090231234102077e+01
1.998953170126318568e+01
1.999222136193032995e+01
1.998903417872333321e+01
1.999345416945403642e+01
1.998445380989051046e+01
