2.000000000541471223e+01
1.998725397453327801e+01
1.998794692238944037e+01
1.998793683344700867e+01
1.998792209977786882e+01
1.998795348358849466e+01
1.998790144894103094e+01
1.998796893121600249e+01
1.998785930388390852e+01
1.998801266093594009e+01
1.998779194656211899e+01
1.998812618066108371e+01
1.998768810492055437e+01
1.998838341062910118e+01
1.998752581307413578e+01
1.998891028236229417e+01
1.998725417578463137e+01
1.998989473669883665e+01
1.998674467303357005e+01
1.999158716003510250e+01
1.998278122406236434e+01
