6.076873708059856938e+00
5.974997806455557559e+00
5.873012774251932910e+00
5.770909288983961716e+00
5.668678011994155774e+00
5.566308445611030109e+00
5.463788812543044493e+00
5.361105782810174247e+00
5.258244151506350939e+00
5.155186456177986543e+00
5.051912542088557778e+00
4.948399089629900161e+00
4.844619122820917667e+00
4.740541519966179784e+00
4.636130538825460334e+00
4.531345370269086459e+00
4.426139693230739525e+00
4.320461264937073054e+00
4.214251582678309127e+00
4.107447282557550317e+00
4.000000000000000000e+00
