6.074786047872862582e+00
5.972907989568260412e+00
5.870920605519851065e+00
5.768814295527988634e+00
5.666579684877810941e+00
5.564206403615768792e+00
5.461683094182077980e+00
5.358997252319676718e+00
5.256135041001597230e+00
5.153081080381911150e+00
5.049818220979078731e+00
4.946327292760976491e+00
4.842586816204867972e+00
4.738572661101371430e+00
4.634257637704127575e+00
4.529611008576309494e+00
4.424597893317463893e+00
4.319178570461814637e+00
4.213307626142070994e+00
4.106933364446502921e+00
4.000000000000000000e+00
