6.075031698267816083e+00
5.972969952160127605e+00
5.870926430874874313e+00
5.768807932084843770e+00
5.666571342317984872e+00
5.564198130784650864e+00
5.461675304341396142e+00
5.358989981010437553e+00
5.256128210426201264e+00
5.153074575668203039e+00
5.049811929852038084e+00
4.946321125487681769e+00
4.842580710230835805e+00
4.738566577193820351e+00
4.634251552446751354e+00
4.529604909346265806e+00
4.424591770025960713e+00
4.319172421591186861e+00
4.213301454270040658e+00
4.106927523709913430e+00
4.000000000000000000e+00
