6.078712424579113538e+00
5.976831819497878229e+00
5.874817607826603449e+00
5.772634990727247839e+00
5.670247675840325741e+00
5.567624984378056752e+00
5.464751440917591907e+00
5.361631883609752514e+00
5.258289069739379151e+00
5.154753759170349170e+00
5.051051382115402610e+00
4.947191397442260552e+00
4.843163384494991952e+00
4.738939536249634266e+00
4.634480226452233786e+00
4.529739296320566488e+00
4.424667335132973278e+00
4.319212830567654926e+00
4.213321720074903354e+00
4.106936672997375304e+00
4.000000000000000000e+00
