6.079208504248464706e+00
5.977332451218045684e+00
5.875335981740160918e+00
5.773194580324414460e+00
5.670879570328430042e+00
5.568359387213303258e+00
5.465605292727102160e+00
5.362597434190861989e+00
5.259329271277667139e+00
5.155808240703935397e+00
5.052051603691847248e+00
4.948078383686104864e+00
4.843900285151485186e+00
4.739515019944308349e+00
4.634903974949971861e+00
4.530033786098465853e+00
4.424859834937920233e+00
4.319329686553251335e+00
4.213385276084141928e+00
4.106964007818985962e+00
4.000000000000000000e+00
