1.999999999973585574e+01
1.998713942066917681e+01
1.999097335995897140e+01
1.999848436728226631e+01
2.001427971769149750e+01
2.004238279454043692e+01
2.008728021318078305e+01
2.015288782697849967e+01
2.024149444843345691e+01
2.035278670952432734e+01
2.048325388631111466e+01
2.062614505918524088e+01
2.077200293368970918e+01
2.090968391921265379e+01
2.102769362430928979e+01
2.111568530949928046e+01
2.116586979734552543e+01
2.117428910293259392e+01
2.114201187973555207e+01
2.107989544877307253e+01
2.104388176054499127e+01
