2.000000000147957380e+01
1.998892317137791608e+01
1.999019515022140325e+01
1.999251533478884824e+01
1.999860444761574740e+01
2.001061668746274691e+01
2.003136096986511916e+01
2.006393520608401815e+01
2.011129473795529066e+01
2.017566729584060070e+01
2.025795024811321809e+01
2.035723041657585952e+01
2.047054484038733690e+01
2.059293787077066895e+01
2.071781634089443003e+01
2.083752992654219582e+01
2.094414639601011174e+01
2.103028157739030490e+01
2.109018435249718948e+01
2.112128169339409212e+01
2.112085888866204186e+01
