1.999999999806334827e+01
1.998950559962335660e+01
1.999052340790376903e+01
1.999052417860264441e+01
1.999061628875871932e+01
1.999070522544154116e+01
1.999080529261155803e+01
1.999091668316947334e+01
1.999104097461081153e+01
1.999118167792526890e+01
1.999134656951037314e+01
1.999154984542818525e+01
1.999181583289410113e+01
1.999217940176347597e+01
1.999269611917242884e+01
1.999342519366940252e+01
1.999447835462460787e+01
1.999588227837212884e+01
1.999768861744399828e+01
1.999825602372918354e+01
1.998658514676890263e+01
