2.000000000000645173e+01
1.998950175851244992e+01
1.999051804830209633e+01
1.999051675644620829e+01
1.999060658349856112e+01
1.999069310110900233e+01
1.999079070953209225e+01
1.999089962895119399e+01
1.999102132002613530e+01
1.999115893312692194e+01
1.999131952261128831e+01
1.999151607383769758e+01
1.999177108354670551e+01
1.999211686364312257e+01
1.999260558884115824e+01
1.999329226522815972e+01
1.999428353097746580e+01
1.999560081445943638e+01
1.999729162792860748e+01
1.999772522329197244e+01
1.998600227519864347e+01
