1.999999999701825715e+01
1.998944336352113993e+01
1.999042963298007791e+01
1.999038523992916794e+01
1.999042220922151714e+01
1.999044652098005415e+01
1.999047382810155682e+01
1.999050556905690712e+01
1.999054351465295554e+01
1.999058886675613067e+01
1.999064267607948864e+01
1.999070568971188422e+01
1.999077940352768579e+01
1.999086386130678150e+01
1.999096488018833639e+01
1.999107586018251581e+01
1.999122373531806574e+01
1.999134160281582240e+01
1.999139886522980092e+01
1.998990459161585065e+01
1.997742990815140729e+01
