1.999999999929480410e+01
1.998944164059383866e+01
1.999042658188081134e+01
1.999038003520508866e+01
1.999041392322880384e+01
1.999043404573481908e+01
1.999045591762258667e+01
1.999048088769380627e+01
1.999051069278508308e+01
1.999054654840388423e+01
1.999058953807056938e+01
1.999064040748465843e+01
1.999070053316310336e+01
1.999076961210668202e+01
1.999085273829821929e+01
1.999094207819824831e+01
1.999106261404423890e+01
1.999114490149122858e+01
1.999115567198663257e+01
1.998960714203003164e+01
1.997711126852391317e+01
