2.000000000040931170e+01
1.998944145170890963e+01
1.999042624423185543e+01
1.999037945089052570e+01
1.999041297894035907e+01
1.999043260309291270e+01
1.999045381703371760e+01
1.999047795348660372e+01
1.999050673988012861e+01
1.999054138893853505e+01
1.999058298581985582e+01
1.999063227729842751e+01
1.999069063190378870e+01
1.999075771793095768e+01
1.999083856346070576e+01
1.999092521638809927e+01
1.999104246346330882e+01
1.999112059967747257e+01
1.999112607843833800e+01
1.998957146822105813e+01
1.997707322201085844e+01
