1.999999999998671285e+01
1.998943900853316435e+01
1.999042198596495012e+01
1.999037200782438006e+01
1.999040067664710207e+01
1.999041327947962543e+01
1.999042483130034498e+01
1.999043621741751764e+01
1.999044878596621899e+01
1.999046346326408496e+01
1.999048114532764586e+01
1.999050246120150121e+01
1.999052866408256435e+01
1.999055919757028832e+01
1.999059857389288553e+01
1.999063785206702448e+01
1.999070004092872210e+01
1.999071298127252660e+01
1.999064052260181867e+01
1.998900058062649521e+01
1.997646914905635640e+01
