1.999999999885481472e+01
1.998943856346525294e+01
1.999042131664560529e+01
1.999037089680025048e+01
1.999039884153192759e+01
1.999041031725913697e+01
1.999042020300612066e+01
1.999042923404602945e+01
1.999043860179370213e+01
1.999044907793516757e+01
1.999046141504151564e+01
1.999047611768259713e+01
1.999049433743291004e+01
1.999051543857372693e+01
1.999054386486009349e+01
1.999057060653554174e+01
1.999061856390270364e+01
1.999061545845561128e+01
1.999052508615663015e+01
1.998886677651936949e+01
1.997632824636639270e+01
