2.000000000287246138e+01
2.035952766549116433e+01
2.093188848334607854e+01
2.153210072174257306e+01
2.193604710933177770e+01
2.201976747936039658e+01
2.180434971125136556e+01
2.141285136578266446e+01
2.098765493139023874e+01
2.062635835279188612e+01
2.036534722908758610e+01
2.019808527846369017e+01
2.010051143083789071e+01
2.004783722338767760e+01
2.002127405168291929e+01
2.000869964311243621e+01
2.000316274818637297e+01
2.000085327719839512e+01
1.999998860009343460e+01
1.999760905865214511e+01
1.997715003325629368e+01
