1.999999999771424442e+01
2.024278722959484611e+01
2.069013330139609863e+01
2.122794758124766901e+01
2.168369700365570552e+01
2.191170574354316969e+01
2.186279656331065269e+01
2.159190508241808359e+01
2.121282903591985303e+01
2.083587715969979826e+01
2.052813082933941402e+01
2.030944334090280279e+01
2.016963055177568265e+01
2.008749122750988647e+01
2.004254262040588586e+01
2.001942952963692335e+01
2.000826012218528049e+01
2.000311195940290787e+01
2.000084640317858842e+01
1.999754551875250286e+01
1.997640480980919619e+01
