4.058549284803810053e+00
4.057775311205391588e+00
4.057002386563040908e+00
4.056230503656293784e+00
4.055459661413181927e+00
4.054689859286169984e+00
4.053921095408172803e+00
4.053153369052846067e+00
4.052386684150270035e+00
4.051621050878840613e+00
4.050856485035538412e+00
4.050093005891781672e+00
4.049330633554689918e+00
4.048569386591446495e+00
4.047809280304836221e+00
4.047050325733343890e+00
4.046292529272426997e+00
4.045535892751384921e+00
4.044780413809076158e+00
4.044026086447327195e+00
4.043272901677838149e+00
4.042520848206128115e+00
4.041769913113215651e+00
4.041020082505760058e+00
4.040271342112074393e+00
4.039523677806816870e+00
4.038777076052761927e+00
4.038031524253794302e+00
4.037287011018713123e+00
4.036543526340234500e+00
4.035801061697247505e+00
4.035059610090709903e+00
4.034319166024829428e+00
4.033579725445230579e+00
4.032841285645151430e+00
4.032103845149523913e+00
4.031367403585401021e+00
4.030631961545635633e+00
4.029897520451284798e+00
4.029164082416991199e+00
4.028431650122495711e+00
4.027700226692591201e+00
4.026969815587129631e+00
4.026240420502189110e+00
4.025512045283076823e+00
4.024784693849538186e+00
4.024058370133245077e+00
4.023333078027393483e+00
4.022608821348046426e+00
4.021885603806659049e+00
4.021163428993062006e+00
4.020442300368018529e+00
4.019722221264405704e+00
4.019003194895974573e+00
4.018285224372543318e+00
4.017568312720582568e+00
4.016852462908199861e+00
4.016137677873451217e+00
4.015423960555087213e+00
4.014711313925065639e+00
4.013999741022144185e+00
4.013289244985918103e+00
4.012579829091169614e+00
4.011871496782214663e+00
4.011164251706702544e+00
4.010458097749166839e+00
4.009753039063906677e+00
4.009049080106322549e+00
4.008346225661574280e+00
4.007644480867862846e+00
4.006943851228474074e+00
4.006244342602772512e+00
4.005545961157577217e+00
4.004848713248741809e+00
4.004152605184012614e+00
4.003457642796848681e+00
4.002763830702708248e+00
4.002071170984851101e+00
4.001379660441490849e+00
4.000689284190415584e+00
4.000000000000000000e+00
