4.058612655200194652e+00
4.057838531051479514e+00
4.057065451558051983e+00
4.056293357234512342e+00
4.055522235937892184e+00
4.054752093357144815e+00
4.053982942544853252e+00
4.053214800625527303e+00
4.052447685947275779e+00
4.051681615319205676e+00
4.050916602008311607e+00
4.050152654821190801e+00
4.049389778124299788e+00
4.048627972481543935e+00
4.047867235598972435e+00
4.047107563351565851e+00
4.046348950755487728e+00
4.045591392811323850e+00
4.044834885182400086e+00
4.044079424694050573e+00
4.043325009652488866e+00
4.042571639992956989e+00
4.041819317275921364e+00
4.041068044557940553e+00
4.040317826168976723e+00
4.039568667429491278e+00
4.038820574339005098e+00
4.038073553263255455e+00
4.037327610640970121e+00
4.036582752724422463e+00
4.035838985361690057e+00
4.035096313823010483e+00
4.034354742669728822e+00
4.033614275661558501e+00
4.032874915696623930e+00
4.032136664778434465e+00
4.031399524004325663e+00
4.030663493570827427e+00
4.029928572792397468e+00
4.029194760131075803e+00
4.028462053235443818e+00
4.027730448987920653e+00
4.026999943559816941e+00
4.026270532473701813e+00
4.025542210672579557e+00
4.024814972595157414e+00
4.024088812256171543e+00
4.023363723330424691e+00
4.022639699238917288e+00
4.021916733235228136e+00
4.021194818490127609e+00
4.020473948172408107e+00
4.019754115524031945e+00
4.019035313927787456e+00
4.018317536966002024e+00
4.017600778469094358e+00
4.016885032553120460e+00
4.016170293645895839e+00
4.015456556501545649e+00
4.014743816203771409e+00
4.014032068158344124e+00
4.013321308075681770e+00
4.012611531944507703e+00
4.011902735997735725e+00
4.011194916671991351e+00
4.010488070562107765e+00
4.009782194372157882e+00
4.009077284864705604e+00
4.008373338810343078e+00
4.007670352940404079e+00
4.006968323907097229e+00
4.006267248258246205e+00
4.005567122436391791e+00
4.004867942823866933e+00
4.004169705850146421e+00
4.003472408215551503e+00
4.002776047203556509e+00
4.002080621246618009e+00
4.001386130733622259e+00
4.000692582247935114e+00
4.000000000000000000e+00
