4.058539874726919905e+00
4.057766153843212820e+00
4.056993434344485117e+00
4.056221783872580033e+00
4.055451241755089420e+00
4.054681814737858048e+00
4.053913492942149865e+00
4.053146264394285936e+00
4.052380121720204897e+00
4.051615063292915764e+00
4.050851091744815946e+00
4.050088211833519303e+00
4.049326428604887340e+00
4.048565746153289346e+00
4.047806166955514762e+00
4.047047691642521094e+00
4.046290319064078211e+00
4.045534046527907712e+00
4.044778870126496173e+00
4.044024785090627461e+00
4.043271786127278666e+00
4.042519867714265303e+00
4.041769024336013594e+00
4.041019250654819039e+00
4.040270541620376576e+00
4.039522892526033360e+00
4.038776299023920657e+00
4.038030757112448299e+00
4.037286263108903483e+00
4.036542813617842285e+00
4.035800405503096933e+00
4.035059035868015620e+00
4.034318702045792016e+00
4.033579401599253877e+00
4.032841132327919631e+00
4.032103892279259583e+00
4.031367679760914591e+00
4.030632493350931433e+00
4.029898331903721598e+00
4.029165194550349050e+00
4.028433080692570556e+00
4.027701989990837284e+00
4.026971922347053479e+00
4.026242877883319693e+00
4.025514856918092299e+00
4.024787859941274526e+00
4.024061887589629016e+00
4.023336940623718938e+00
4.022613019907395504e+00
4.021890126390585074e+00
4.021168261095817265e+00
4.020447425108762296e+00
4.019727619572874389e+00
4.019008845688059495e+00
4.018291104713219930e+00
4.017574397972413891e+00
4.016858726864292350e+00
4.016144092874606386e+00
4.015430497591508718e+00
4.014717942723401656e+00
4.014006430119017921e+00
4.013295961789548727e+00
4.012586539932812890e+00
4.011878166959339076e+00
4.011170845520187989e+00
4.010464578536466540e+00
4.009759369230437187e+00
4.009055221158123850e+00
4.008352138242926799e+00
4.007650124808923131e+00
4.006949185611047071e+00
4.006249325857326404e+00
4.005550551210483867e+00
4.004852867748439849e+00
4.004156281829319930e+00
4.003460799778345347e+00
4.002766427144358374e+00
4.002073167222061301e+00
4.001381018039850801e+00
4.000689968931307128e+00
4.000000000000000000e+00
