4.058600899246161298e+00
4.057827290458345004e+00
4.057054568458407395e+00
4.056282817750181735e+00
4.055512085466410177e+00
4.054742398702290807e+00
4.053973773309138551e+00
4.053206218937689620e+00
4.052439742172029291e+00
4.051674347187215197e+00
4.050910035258653785e+00
4.050146804185391858e+00
4.049384648263622211e+00
4.048623558907711306e+00
4.047863525729973766e+00
4.047104537783790867e+00
4.046346584705660554e+00
4.045589657582216780e+00
4.044833749471704820e+00
4.044078855593147281e+00
4.043324973248150656e+00
4.042572101562189602e+00
4.041820241130524849e+00
4.041069393638762719e+00
4.040319561507793367e+00
4.039570747592857280e+00
4.038822954950340716e+00
4.038076186673990264e+00
4.037330445794503397e+00
4.036585735232340433e+00
4.035842057791741766e+00
4.035099416183562937e+00
4.034357813065424736e+00
4.033617251088895905e+00
4.032877732945142846e+00
4.032139261402370778e+00
4.031401839330226444e+00
4.030665469708241133e+00
4.029930155617092780e+00
4.029195900213021098e+00
4.028462706686907424e+00
4.027730578210530155e+00
4.026999517873111500e+00
4.026269528611549298e+00
4.025540613137862600e+00
4.024812773867123106e+00
4.024086012848831828e+00
4.023360331704236792e+00
4.022635731571519102e+00
4.021912213060329755e+00
4.021189776216545830e+00
4.020468420497599560e+00
4.019748144758413133e+00
4.019028947247525352e+00
4.018310825612719128e+00
4.017593776915338033e+00
4.016877797652147919e+00
4.016162883783587212e+00
4.015449030767114458e+00
4.014736233594362602e+00
4.014024486831089256e+00
4.013313784658214978e+00
4.012604120912773631e+00
4.011895489128304071e+00
4.011187882572886387e+00
4.010481294284412357e+00
4.009775717102940007e+00
4.009071143699955542e+00
4.008367566606046317e+00
4.007664978240184972e+00
4.006963370946755809e+00
4.006262737053683409e+00
4.005563068973858165e+00
4.004864359392994899e+00
4.004166601610537057e+00
4.003469790154226438e+00
4.002773921797393442e+00
4.002078997210412936e+00
4.001385023170692001e+00
4.000692015533839019e+00
4.000000000000000000e+00
