4.058599377058868640e+00
4.057825186708047482e+00
4.057052238827864699e+00
4.056280497602251955e+00
4.055509901584881227e+00
4.054740398908416310e+00
4.053971960438114586e+00
4.053204575126125420e+00
4.052438242372121024e+00
4.051672965850823260e+00
4.050908749762852423e+00
4.050145596874250131e+00
4.049383507664332527e+00
4.048622480124469902e+00
4.047862509970052258e+00
4.047103591131208766e+00
4.046345716414605498e+00
4.045588878227970753e+00
4.044833069264107017e+00
4.044078283062628287e+00
4.043324514400475245e+00
4.042571759497559647e+00
4.041820016053451425e+00
4.041069283150478419e+00
4.040319561067191145e+00
4.039570851045231059e+00
4.038823155046377344e+00
4.038076475527213383e+00
4.037330815248544980e+00
4.036586177127873931e+00
4.035842564136318700e+00
4.035099979236171031e+00
4.034358425352298383e+00
4.033617905369053958e+00
4.032878422144023034e+00
4.032139978530375757e+00
4.031402577400723608e+00
4.030666221666686866e+00
4.029930914289860056e+00
4.029196658281436250e+00
4.028463456689145517e+00
4.027731312571458666e+00
4.027000228960030626e+00
4.026270208812160689e+00
4.025541254955610881e+00
4.024813370028494930e+00
4.024086556417022287e+00
4.023360816193776834e+00
4.022636151058985199e+00
4.021912562286884985e+00
4.021190050678966621e+00
4.020468616525324279e+00
4.019748259574922322e+00
4.019028979015295100e+00
4.018310773461672092e+00
4.017593640955336554e+00
4.016877578970470708e+00
4.016162584429027405e+00
4.015448653722532235e+00
4.014735782739657921e+00
4.014023966898554896e+00
4.013313201182826084e+00
4.012603480179897986e+00
4.011894798120901662e+00
4.011187148920530632e+00
4.010480526216566588e+00
4.009774923408906844e+00
4.009070333697373201e+00
4.008366750120328170e+00
4.007664165597345729e+00
4.006962572981566773e+00
4.006261965133422365e+00
4.005562335034255739e+00
4.004863675973274084e+00
4.004165981846190547e+00
4.003469247643287154e+00
4.002773470169993075e+00
4.002078649157969181e+00
4.001384788599208875e+00
4.000691898947154712e+00
4.000000000000000000e+00
