4.058636691338722180e+00
4.057862746147581134e+00
4.057089801057286671e+00
4.056317895711328170e+00
4.055546980155844139e+00
4.054777000743630566e+00
4.054007923371584887e+00
4.053239732170035303e+00
4.052472425858566041e+00
4.051706013259119388e+00
4.050940509563093705e+00
4.050175933564571729e+00
4.049412305935489620e+00
4.048649648245366883e+00
4.047887982402472495e+00
4.047127330250318344e+00
4.046367713169942704e+00
4.045609151636345047e+00
4.044851664742163067e+00
4.044095269732528308e+00
4.043339981600541755e+00
4.042585812782740540e+00
4.041832772978070309e+00
4.041080869096434824e+00
4.040330105328495236e+00
4.039580483318131243e+00
4.038832002413579758e+00
4.038084659971720392e+00
4.037338451691293351e+00
4.036593371954325882e+00
4.035849414159137893e+00
4.035106571032574863e+00
4.034364834913279019e+00
4.033624198001077410e+00
4.032884652570218442e+00
4.032146191146236625e+00
4.031408806647747589e+00
4.030672492495300574e+00
4.029937242690110111e+00
4.029203051865887453e+00
4.028469915317091754e+00
4.027737829006992953e+00
4.027006789558821076e+00
4.026276794233234035e+00
4.025547840895078444e+00
4.024819927971927669e+00
4.024093054407053671e+00
4.023367219608625867e+00
4.022642423396868061e+00
4.021918665950369842e+00
4.021195947752580935e+00
4.020474269539136891e+00
4.019753632246237274e+00
4.019034036960418277e+00
4.018315484869815712e+00
4.017597977216752270e+00
4.016881515251162327e+00
4.016166100185910359e+00
4.015451733152731961e+00
4.014738415159680329e+00
4.014026147049735371e+00
4.013314929461014202e+00
4.012604762789174551e+00
4.011895647151689559e+00
4.011187582355145054e+00
4.010480567865628565e+00
4.009774602783637398e+00
4.009069685823999585e+00
4.008365815302059154e+00
4.007662989129410214e+00
4.006961204822155231e+00
4.006260459528137474e+00
4.005560750082056920e+00
4.004862073103597986e+00
4.004164425153891038e+00
4.003467802967307421e+00
4.002772203705728060e+00
4.002077625183159348e+00
4.001384065714963079e+00
4.000691524237656616e+00
4.000000000000000000e+00
