4.058650535832551753e+00
4.057876322976748718e+00
4.057102992040795719e+00
4.056330574877459405e+00
4.055559089635235814e+00
4.054788558917914898e+00
4.054019014893142092e+00
4.053250491178779669e+00
4.052483014707625841e+00
4.051716601857579647e+00
4.050951258558260548e+00
4.050186982567064220e+00
4.049423766362502342e+00
4.048661599764830754e+00
4.047900471943534306e+00
4.047140372793270657e+00
4.046381293794004463e+00
4.045623228496303625e+00
4.044866172750335664e+00
4.044110124762326564e+00
4.043355085031047125e+00
4.042601056195841203e+00
4.041848042815362696e+00
4.041096051091200181e+00
4.040345088549758934e+00
4.039595163696141356e+00
4.038846285654947188e+00
4.038098463813095229e+00
4.037351707478934237e+00
4.036606025570205425e+00
4.035861426340980884e+00
4.035117917154837031e+00
4.034375504308694182e+00
4.033634192908892580e+00
4.032893986798719688e+00
4.032154888534469350e+00
4.031416899405519949e+00
4.030680019492724142e+00
4.029944247758550979e+00
4.029209582162121883e+00
4.028476019792174512e+00
4.027743557011289610e+00
4.027012189605183146e+00
4.026281912931559681e+00
4.025552722063834743e+00
4.024824611925868822e+00
4.024097577414805116e+00
4.023371613509913125e+00
4.022646715366147596e+00
4.021922878391836598e+00
4.021200098310503179e+00
4.020478371207312662e+00
4.019757693561039069e+00
4.019038062262819011e+00
4.018319474622840559e+00
4.017601928366474340e+00
4.016885421621389618e+00
4.016169952897006290e+00
4.015455521057578636e+00
4.014742125290285735e+00
4.014029765069360600e+00
4.013318440117159547e+00
4.012608150363242032e+00
4.011898895902227480e+00
4.011190676950982414e+00
4.010483493805401700e+00
4.009777346797823050e+00
4.009072236254784372e+00
4.008368162454559069e+00
4.007665125584819243e+00
4.006963125697909689e+00
4.006262162660908288e+00
4.005562236094479367e+00
4.004863345297078325e+00
4.004165489145699475e+00
4.003468665997280240e+00
4.002772873610062732e+00
4.002078109390255989e+00
4.001384371405838358e+00
4.000691662812224436e+00
4.000000000000000000e+00
