4.057202515644080520e+00
4.056746907556444626e+00
4.056233582771089807e+00
4.055668201367225834e+00
4.055057397770934102e+00
4.054408345357734866e+00
4.053728245567914890e+00
4.053023875290929112e+00
4.052301256387540462e+00
4.051565469911489359e+00
4.050820604230021438e+00
4.050069806976973830e+00
4.049315403351315901e+00
4.048559045340814677e+00
4.047801864124947357e+00
4.047044607605281286e+00
4.046287754029846084e+00
4.045531599547870449e+00
4.044776321854206991e+00
4.044022024172249097e+00
4.043268764318310282e+00
4.042516573154539827e+00
4.041765465893922382e+00
4.041015448813532807e+00
4.040266523141069044e+00
4.039518687265693409e+00
4.038771937988001604e+00
4.038026271233905895e+00
4.037281682474165301e+00
4.036538166982314380e+00
4.035795720001861042e+00
4.035054336859270840e+00
4.034314013042054725e+00
4.033574744252626409e+00
4.032836526444643965e+00
4.032099355846465727e+00
4.031363228975263446e+00
4.030628142644710366e+00
4.029894093968469981e+00
4.029161080361134850e+00
4.028429099537562230e+00
4.027698149510976933e+00
4.026968228590177112e+00
4.026239335375582762e+00
4.025511468753909305e+00
4.024784627891236255e+00
4.024058812224323489e+00
4.023334021450115650e+00
4.022610255513690447e+00
4.021887514594943980e+00
4.021165799094207571e+00
4.020445109617674539e+00
4.019725446963169802e+00
4.019006812106589166e+00
4.018289206189912477e+00
4.017572630510662712e+00
4.016857086513883957e+00
4.016142575787033486e+00
4.015429100057248846e+00
4.014716661192148095e+00
4.014005261203370978e+00
4.013294902252755314e+00
4.012585586662164694e+00
4.011877316925772874e+00
4.011170095724737372e+00
4.010463925944836916e+00
4.009758810695208453e+00
4.009054753327570886e+00
4.008351757454804876e+00
4.007649826964460260e+00
4.006948966021576020e+00
4.006249179049455655e+00
4.005550470665502516e+00
4.004852845549090823e+00
4.004156308181037183e+00
4.003460862433487755e+00
4.002766510898741359e+00
4.002073254156965909e+00
4.001381089557571435e+00
4.000690010688571441e+00
4.000000000000000000e+00
