4.047464007254117924e+00
4.047409081515240814e+00
4.047396738860824073e+00
4.047413735176340843e+00
4.047445032367872564e+00
4.047474836845068147e+00
4.047487885518485484e+00
4.047470621538965752e+00
4.047412040877002681e+00
4.047304099273667077e+00
4.047141708075150390e+00
4.046922433509196892e+00
4.046646039441714748e+00
4.046313990968464225e+00
4.045928993492698744e+00
4.045494601283636804e+00
4.045014901689298448e+00
4.044494267111618413e+00
4.043937162629435811e+00
4.043347998074504623e+00
4.042731015972035102e+00
4.042090209198496709e+00
4.041429263857386545e+00
4.040751523750537366e+00
4.040059973189024767e+00
4.039357235013789627e+00
4.038645580768638332e+00
4.037926950091767608e+00
4.037202976599737703e+00
4.036475017826051115e+00
4.035744187124410409e+00
4.035011385826657637e+00
4.034277334328035813e+00
4.033542601137642514e+00
4.032807629261772497e+00
4.032072759571840415e+00
4.031338251040050835e+00
4.030604297903893851e+00
4.029871043948427989e+00
4.029138594177823052e+00
4.028407024192308228e+00
4.027676387600767960e+00
4.026946721790288564e+00
4.026218052351358878e+00
4.025490396424689088e+00
4.024763765198690280e+00
4.024038165749557194e+00
4.023313602380959253e+00
4.022590077588169777e+00
4.021867592744889031e+00
4.021146148588623959e+00
4.020425745560419095e+00
4.019706384040760305e+00
4.018988064513521863e+00
4.018270787679376177e+00
4.017554554534573441e+00
4.016839366426411040e+00
4.016125225092777917e+00
4.015412132692091518e+00
4.014700091824975559e+00
4.013989105551853953e+00
4.013279177409665444e+00
4.012570311426002512e+00
4.011862512135161651e+00
4.011155784592731699e+00
4.010450134389858867e+00
4.009745567670859323e+00
4.009042091151885145e+00
4.008339712138760724e+00
4.007638438542401538e+00
4.006938278896888583e+00
4.006239242372259923e+00
4.005541338771749338e+00
4.004844578504220820e+00
4.004148972513545957e+00
4.003454532035394031e+00
4.002761268022650754e+00
4.002069189441397334e+00
4.001378299464454891e+00
4.000688584889156907e+00
4.000000000000000000e+00
