4.045197992185859626e+00
4.044577500537922532e+00
4.044019743612509821e+00
4.043522786241467770e+00
4.043084322938058861e+00
4.042701563937590947e+00
4.042371120576879306e+00
4.042088916894901907e+00
4.041850128494377081e+00
4.041649156369331308e+00
4.041479644291124274e+00
4.041334547845362835e+00
4.041206259920148369e+00
4.041086792314933618e+00
4.040968006642828847e+00
4.040841880784647344e+00
4.040700791029084193e+00
4.040537786026106026e+00
4.040346827888538606e+00
4.040122978710340540e+00
4.039862517109686912e+00
4.039562978008225613e+00
4.039223118049608985e+00
4.038842817102104910e+00
4.038422931857496678e+00
4.037965120024757049e+00
4.037471653171377461e+00
4.036945233602467376e+00
4.036388826759251813e+00
4.035805516397569903e+00
4.035198385975920843e+00
4.034570426643269592e+00
4.033924470099121251e+00
4.033263143339095080e+00
4.032588841731751472e+00
4.031903716799268622e+00
4.031209675312848795e+00
4.030508386718136826e+00
4.029801296373626940e+00
4.029089642550779615e+00
4.028374475572380042e+00
4.027656677839331678e+00
4.026936983811856940e+00
4.026215999271505197e+00
4.025494219401649865e+00
4.024772045392819741e+00
4.024049799411609563e+00
4.023327737874431875e+00
4.022606063043745905e+00
4.021884933019971520e+00
4.021164470240131905e+00
4.020444768617913667e+00
4.019725899472196495e+00
4.019007916393546154e+00
4.018290859194936893e+00
4.017574757084775960e+00
4.016859631188649082e+00
4.016145496532200099e+00
4.015432363584340969e+00
4.014720239446227801e+00
4.014009128757148659e+00
4.013299034377802776e+00
4.012589957899401760e+00
4.011881900018025249e+00
4.011174860806073994e+00
4.010468839905374061e+00
4.009763836661017322e+00
4.009059850210866749e+00
4.008356879541409512e+00
4.007654923519170076e+00
4.006953980905198165e+00
4.006254050361515162e+00
4.005555130459350188e+00
4.004857219705083793e+00
4.004160316605426928e+00
4.003464419784359407e+00
4.002769528133717003e+00
4.002075640901018083e+00
4.001382757555922431e+00
4.000690877353480168e+00
4.000000000000000000e+00
