4.045323798394388604e+00
4.044569325329170795e+00
4.043817659047726387e+00
4.043069796680963002e+00
4.042327011799779157e+00
4.041590816297191857e+00
4.040862961250352825e+00
4.040145427541216527e+00
4.039440396462293137e+00
4.038750203092266844e+00
4.038077274603099731e+00
4.037424056709796538e+00
4.036792932069250384e+00
4.036186135037279854e+00
4.035605667212916359e+00
4.035053217819473126e+00
4.034530092281833902e+00
4.034037151543347299e+00
4.033574763860888091e+00
4.033142770123612664e+00
4.032740463209805171e+00
4.032366581547740303e+00
4.032019316855051549e+00
4.031696335951011179e+00
4.031394816504764833e+00
4.031111496523378079e+00
4.030842737226922878e+00
4.030584598642958483e+00
4.030332926747020039e+00
4.030083450284102753e+00
4.029831884578482182e+00
4.029574038770328492e+00
4.029305922141949381e+00
4.029023844663554677e+00
4.028724506737939137e+00
4.028405073450879392e+00
4.028063229464957651e+00
4.027697211967748991e+00
4.027305820659463187e+00
4.026888405442251795e+00
4.026444834037220311e+00
4.025975443014862876e+00
4.025480976549030032e+00
4.024962517541312401e+00
4.024421415638272492e+00
4.023859216165418751e+00
4.023277593252103657e+00
4.022678289550587039e+00
4.022063064075618755e+00
4.021433648895177626e+00
4.020791714742218304e+00
4.020138845115418746e+00
4.019476518092379713e+00
4.018806094875159829e+00
4.018128814000436755e+00
4.017445790146047635e+00
4.016758016526455144e+00
4.016066369968198657e+00
4.015371617875057808e+00
4.014674426417730757e+00
4.013975369403943283e+00
4.013274937398240816e+00
4.012573546761846188e+00
4.011871548368524110e+00
4.011169235825414958e+00
4.010466853088045625e+00
4.009764601407322715e+00
4.009062645581865425e+00
4.008361119517894089e+00
4.007660131120037939e+00
4.006959766548714441e+00
4.006260093892415775e+00
4.005561166306041088e+00
4.004863024683198880e+00
4.004165699934717715e+00
4.003469215043627294e+00
4.002773587065941108e+00
4.002078829806920091e+00
4.001384957935332665e+00
4.000691997212785012e+00
4.000000000000000000e+00
