4.046082145296136190e+00
4.045325561922243018e+00
4.044569775865254790e+00
4.043815000132624959e+00
4.043061308783332031e+00
4.042308731089503837e+00
4.041557285822523049e+00
4.040806988595914362e+00
4.040057854706758711e+00
4.039309901589304808e+00
4.038563151765472981e+00
4.037817635778960579e+00
4.037073394866821374e+00
4.036330483308519845e+00
4.035588970558089628e+00
4.034848943285309630e+00
4.034110507430234804e+00
4.033373790332291264e+00
4.032638942950874217e+00
4.031906142155356143e+00
4.031175593026418369e+00
4.030447531090307400e+00
4.029722224390563490e+00
4.028999975287589130e+00
4.028281121882034910e+00
4.027566038956127414e+00
4.026855138333270467e+00
4.026148868572825279e+00
4.025447713928982374e+00
4.024752192519499339e+00
4.024062853670750783e+00
4.023380274421580083e+00
4.022705055189562451e+00
4.022037814620295748e+00
4.021379183657950662e+00
4.020729798888968531e+00
4.020090295224851396e+00
4.019461298000517324e+00
4.018843414572743633e+00
4.018237225511422039e+00
4.017643275480851983e+00
4.017062063913484415e+00
4.016494035583072275e+00
4.015939571188187784e+00
4.015398978062388657e+00
4.014872481133171966e+00
4.014360214259651727e+00
4.013862212087665249e+00
4.013378402571667891e+00
4.012908600324388786e+00
4.012452500967107483e+00
4.012009676665570623e+00
4.011579573046679670e+00
4.011161507697813988e+00
4.010754670452530313e+00
4.010358125660832052e+00
4.009970816627125956e+00
4.009591572372000812e+00
4.009219116832490215e+00
4.008852080560106224e+00
4.008489014905376457e+00
4.008128408589784364e+00
4.007768706469368780e+00
4.007408330189201173e+00
4.007045700319283199e+00
4.006679259466135790e+00
4.006307495773964611e+00
4.005928966183332385e+00
4.005542318820130454e+00
4.005146313970955774e+00
4.004739843296238888e+00
4.004321947327774467e+00
4.003891831957911762e+00
4.003448885914940192e+00
4.002992703184123258e+00
4.002523118621654774e+00
4.002040270805443001e+00
4.001544721402146898e+00
4.001037676429273660e+00
4.000521413753603817e+00
4.000000000000000000e+00
