4.051217896854384826e+00
4.050454625516440643e+00
4.049692745357586610e+00
4.048932083879313915e+00
4.048172529650399198e+00
4.047414010303142184e+00
4.046656482629173546e+00
4.045899924522448288e+00
4.045144328178848170e+00
4.044389695038724142e+00
4.043636032395056645e+00
4.042883351313033558e+00
4.042131665391905493e+00
4.041380990009330709e+00
4.040631341837404911e+00
4.039882738549533059e+00
4.039135198707201724e+00
4.038388741840847729e+00
4.037643388734142746e+00
4.036899161905473044e+00
4.036156086268011478e+00
4.035414189940326857e+00
4.034673505177462260e+00
4.033934069394854660e+00
4.033195926260965791e+00
4.032459126840307384e+00
4.031723730772250214e+00
4.030989807473810416e+00
4.030257437355772687e+00
4.029526713041188479e+00
4.028797740573254238e+00
4.028070640597235297e+00
4.027345549497809429e+00
4.026622620470069691e+00
4.025902024499417919e+00
4.025183951223145762e+00
4.024468609644712203e+00
4.023756228670902324e+00
4.023047057442118657e+00
4.022341365427125837e+00
4.021639442255533048e+00
4.020941597264209300e+00
4.020248158737466326e+00
4.019559472824992596e+00
4.018875902126311850e+00
4.018197823935502733e+00
4.017525628144944072e+00
4.016859714812071047e+00
4.016200491397983185e+00
4.015548369691384956e+00
4.014903762435639401e+00
4.014267079680547745e+00
4.013638724883851872e+00
4.013019090790526100e+00
4.012408555120392073e+00
4.011807476096899805e+00
4.011216187852078008e+00
4.010634995744590370e+00
4.010064171630045138e+00
4.009503949124896494e+00
4.008954518908144138e+00
4.008416024108747422e+00
4.007888555830890098e+00
4.007372148875140816e+00
4.006866777721359796e+00
4.006372352849821183e+00
4.005888717491778550e+00
4.005415644921744622e+00
4.004952836434711116e+00
4.004499920194940721e+00
4.004056451205788569e+00
4.003621912731326837e+00
4.003195719606179814e+00
4.002777223942920237e+00
4.002365723767043804e+00
4.001960474688051939e+00
4.001560703748925363e+00
4.001165621004682649e+00
4.000774418484405182e+00
4.000386227913276471e+00
4.000000000000000000e+00
