4.057788142947868160e+00
4.057015800282639972e+00
4.056244697035523039e+00
4.055474757959461662e+00
4.054705918593513481e+00
4.053938131437093695e+00
4.053171358222283693e+00
4.052405566573545670e+00
4.051640732098799269e+00
4.050876840159829406e+00
4.050113886040493050e+00
4.049351873599275287e+00
4.048590813177577630e+00
4.047830719359837737e+00
4.047071608960264300e+00
4.046313499397387048e+00
4.045556407494785844e+00
4.044800348678801782e+00
4.044045336514608735e+00
4.043291382510989962e+00
4.042538496123713188e+00
4.041786684891860659e+00
4.041035954650716633e+00
4.040286309778180041e+00
4.039537753443023682e+00
4.038790287836927284e+00
4.038043914382127397e+00
4.037298633913564139e+00
4.036554446839484278e+00
4.035811353286964831e+00
4.035069353238932344e+00
4.034328446669177559e+00
4.033588633680077251e+00
4.032849914647057332e+00
4.032112290372433350e+00
4.031375762250686279e+00
4.030640332446528085e+00
4.029906004086698523e+00
4.029172781466465736e+00
4.028440670271565160e+00
4.027709677816147860e+00
4.026979813297336896e+00
4.026251088066735484e+00
4.025523515919016582e+00
4.024797113397564630e+00
4.024071900116797273e+00
4.023347899100442326e+00
4.022625137135019457e+00
4.021903645137206773e+00
4.021183458533474919e+00
4.020464617650191030e+00
4.019747168111946323e+00
4.019031161245377959e+00
4.018316654485312611e+00
4.017603711779608844e+00
4.016892403988521210e+00
4.016182809273754373e+00
4.015475013471655252e+00
4.014769110444740718e+00
4.014065202404947463e+00
4.013363400200870679e+00
4.012663823560911780e+00
4.011966601282581202e+00
4.011271871357171115e+00
4.010579781015145784e+00
4.009890486672897048e+00
4.009204153753542776e+00
4.008520956337282115e+00
4.007841076572837835e+00
4.007164703733065991e+00
4.006492032721512331e+00
4.005823261697732285e+00
4.005158588265613773e+00
4.004498203256925848e+00
4.003842280513981500e+00
4.003190959807226612e+00
4.002544318291630709e+00
4.001902321690619324e+00
4.001264741927093027e+00
4.000631012559576760e+00
4.000000000000000000e+00
