4.058182376939019953e+00
4.057409278219653359e+00
4.056637258972806137e+00
4.055866320892976162e+00
4.055096491203926234e+00
4.054327796906825654e+00
4.053560251238024215e+00
4.052793850924276242e+00
4.052028579995021751e+00
4.051264415499864491e+00
4.050501332622266304e+00
4.049739308156132367e+00
4.048978322309055855e+00
4.048218359241565700e+00
4.047459406863912257e+00
4.046701456327018498e+00
4.045944501491969270e+00
4.045188538513444065e+00
4.044433565562361999e+00
4.043679582651781956e+00
4.042926591509331757e+00
4.042174595443956520e+00
4.041423599173457504e+00
4.040673608601133893e+00
4.039924630547324647e+00
4.039176672453501205e+00
4.038429742081683038e+00
4.037683847231147816e+00
4.036938995490831239e+00
4.036195194040095302e+00
4.035452449503855732e+00
4.034710767863494141e+00
4.033970154420384979e+00
4.033230613806255249e+00
4.032492150033309741e+00
4.031754766576839621e+00
4.031018466483457630e+00
4.030283252499156532e+00
4.029549127212672666e+00
4.028816093210869198e+00
4.028084153244058996e+00
4.027353310400208386e+00
4.026623568287690524e+00
4.025894931226836171e+00
4.025167404450863629e+00
4.024440994317019182e+00
4.023715708528711410e+00
4.022991556369456490e+00
4.022268548949272216e+00
4.021546699463999452e+00
4.020826023467805932e+00
4.020106539158832426e+00
4.019388267677765469e+00
4.018671233418804611e+00
4.017955464352091610e+00
4.017240992356467366e+00
4.016527853560986294e+00
4.015816088693264341e+00
4.015105743432228813e+00
4.014396868762350579e+00
4.013689521325931153e+00
4.012983763768908752e+00
4.012279665074573565e+00
4.011577300878000685e+00
4.010876753751057677e+00
4.010178113443704007e+00
4.009481477060051091e+00
4.008786949135773270e+00
4.008094641564046157e+00
4.007404673284229446e+00
4.006717169592788785e+00
4.006032260843303661e+00
4.005350080155025694e+00
4.004670759487627407e+00
4.003994423056221663e+00
4.003321176314849517e+00
4.002651087797342022e+00
4.001984158769956501e+00
4.001320273140200001e+00
4.000659109851940620e+00
4.000000000000000000e+00
