4.058187937983868565e+00
4.057414805423142923e+00
4.056642967711605152e+00
4.055872270470765706e+00
4.055102673674012337e+00
4.054334180704842971e+00
4.053566801921056673e+00
4.052800540503616489e+00
4.052035389259286191e+00
4.051271332827981020e+00
4.050508351515817118e+00
4.049746424832848746e+00
4.048985533932179415e+00
4.048225662888757626e+00
4.047466799090503109e+00
4.046708933102598493e+00
4.045952058309766564e+00
4.045196170534540059e+00
4.044441267723533073e+00
4.043687349717487223e+00
4.042934418079951797e+00
4.042182475944724018e+00
4.041431527848165395e+00
4.040681579527536371e+00
4.039932637681113548e+00
4.039184709699461528e+00
4.038437803384637093e+00
4.037691926676497900e+00
4.036947087404187506e+00
4.036203293076763288e+00
4.035460550721723827e+00
4.034718866775517832e+00
4.033978247025330255e+00
4.033238696598528072e+00
4.032500219994033408e+00
4.031762821149132314e+00
4.031026503535118266e+00
4.030291270275847104e+00
4.029557124284306902e+00
4.028824068413384474e+00
4.028092105618169327e+00
4.027361239128214976e+00
4.026631472628969810e+00
4.025902810452242520e+00
4.025175257776057336e+00
4.024448820834503948e+00
4.023723507138300626e+00
4.022999325706859253e+00
4.022276287312492649e+00
4.021554404737305077e+00
4.020833693043044832e+00
4.020114169854085873e+00
4.019395855653386640e+00
4.018678774090901129e+00
4.017962952303857804e+00
4.017248421247672674e+00
4.016535216036213107e+00
4.015823376289671565e+00
4.015112946487580992e+00
4.014403976324409484e+00
4.013696521064466616e+00
4.012990641891496679e+00
4.012286406247921100e+00
4.011583888156623701e+00
4.010883168515166020e+00
4.010184335348871087e+00
4.009487484001376778e+00
4.008792717229886726e+00
4.008100145153776772e+00
4.007409884971828262e+00
4.006722060311521894e+00
4.006036799982467755e+00
4.005354235762887072e+00
4.004674498594254395e+00
4.003997712182818525e+00
4.003323982272823933e+00
4.002653378873144874e+00
4.001985906301204210e+00
4.001321453096458924e+00
4.000659704262778504e+00
4.000000000000000000e+00
