4.058214403582089957e+00
4.057440860951038175e+00
4.056668518119275646e+00
4.055897378542920428e+00
4.055127413951897353e+00
4.054358600002378132e+00
4.053590925376699516e+00
4.052824384520903322e+00
4.052058970656997161e+00
4.051294672468353397e+00
4.050531474214151828e+00
4.049769357540029979e+00
4.049008303634969330e+00
4.048248294962827565e+00
4.047489316326206676e+00
4.046731355324507895e+00
4.045974402394713287e+00
4.045218450631176133e+00
4.044463495528688668e+00
4.043709534729413413e+00
4.042956567802032275e+00
4.042204596047192844e+00
4.041453622310005045e+00
4.040703650781130030e+00
4.039954686775287129e+00
4.039206736486502081e+00
4.038459806727894730e+00
4.037713904669124609e+00
4.036969037586626285e+00
4.036225212640695226e+00
4.035482436690100094e+00
4.034740716151340223e+00
4.034000056905405529e+00
4.033260464251405608e+00
4.032521942903693812e+00
4.031784497027746994e+00
4.031048130309069499e+00
4.030312846049415754e+00
4.029578647285228854e+00
4.028845536923905790e+00
4.028113517894547968e+00
4.027382593310838921e+00
4.026652766644561510e+00
4.025924041908982787e+00
4.025196423851967964e+00
4.024469918159119253e+00
4.023744531667415636e+00
4.023020272589935331e+00
4.022297150752228490e+00
4.021575177841025805e+00
4.020854367665623208e+00
4.020134736432081191e+00
4.019416303030210358e+00
4.018699089333146013e+00
4.017983120508909600e+00
4.017268425343122118e+00
4.016555036571256565e+00
4.015842991219595426e+00
4.015132330952224216e+00
4.014423102421581291e+00
4.013715357619846102e+00
4.013009154226701902e+00
4.012304555948614571e+00
4.011601632842469733e+00
4.010900461614814283e+00
4.010201125882714379e+00
4.009503716375684590e+00
4.008808331046851414e+00
4.008115075044122122e+00
4.007424060458463444e+00
4.006735405717915199e+00
4.006049234407452531e+00
4.005365673156915385e+00
4.004684847993111418e+00
4.004006878180316420e+00
4.003331865842849169e+00
4.002659878627167878e+00
4.001990920260769968e+00
4.001324881172021897e+00
4.000661453509405163e+00
4.000000000000000000e+00
