4.058377731196882721e+00
4.057604031236052400e+00
4.056831360472957115e+00
4.056059773134053970e+00
4.055289309701465505e+00
4.054519996748630284e+00
4.053751842985687581e+00
4.052984843726244790e+00
4.052218988313407877e+00
4.051454265006151800e+00
4.050690663083909904e+00
4.049928173073822357e+00
4.049166786220938619e+00
4.048406493863005551e+00
4.047647287013807826e+00
4.046889156213077321e+00
4.046132091598745539e+00
4.045376083128038758e+00
4.044621120879248188e+00
4.043867195379724500e+00
4.043114297920122446e+00
4.042362420826527192e+00
4.041611557672578847e+00
4.040861703423045626e+00
4.040112854507735385e+00
4.039365008830270831e+00
4.038618165720078146e+00
4.037872325837769338e+00
4.037127491044612881e+00
4.036383664246468328e+00
4.035640849221654669e+00
4.034899050441390855e+00
4.034158272890428165e+00
4.033418521894724051e+00
4.032679802962137572e+00
4.031942121641214349e+00
4.031205483402251488e+00
4.030469893543738635e+00
4.029735357126245532e+00
4.029001878934778347e+00
4.028269463469624334e+00
4.027538114964988480e+00
4.026807837433995729e+00
4.026078634738192719e+00
4.025350510679577276e+00
4.024623469113050689e+00
4.023897514077330761e+00
4.023172649942552859e+00
4.022448881573003732e+00
4.021726214503772212e+00
4.021004655130515637e+00
4.020284210911600375e+00
4.019564890581992067e+00
4.018846704378777446e+00
4.018129664277992674e+00
4.017413784242323871e+00
4.016699080479399164e+00
4.015985571710170454e+00
4.015273279446651244e+00
4.014562228277891442e+00
4.013852446162752940e+00
4.013143964727150070e+00
4.012436819562793744e+00
4.011731050522942432e+00
4.011026702008880562e+00
4.010323823237232688e+00
4.009622468472643142e+00
4.008922697202795149e+00
4.008224574217350344e+00
4.007528169530370832e+00
4.006833558047507182e+00
4.006140818817244487e+00
4.005450033607160343e+00
4.004761284385203624e+00
4.004074649042252965e+00
4.003390194296602367e+00
4.002707964163310095e+00
4.002027961419184265e+00
4.001350118423517621e+00
4.000674251883586052e+00
4.000000000000000000e+00
