4.058532562386862885e+00
4.057758765801916745e+00
4.056985966896977658e+00
4.056214263648836749e+00
4.055443671168841746e+00
4.054674173937089954e+00
4.053905748494000427e+00
4.053138372158053393e+00
4.052372027831258272e+00
4.051606705545660603e+00
4.050842402314084545e+00
4.050079120964288570e+00
4.049316868519600376e+00
4.048555654473977583e+00
4.047795489242037803e+00
4.047036382957731604e+00
4.046278344687147310e+00
4.045521382024759305e+00
4.044765500984214945e+00
4.044010706076036854e+00
4.043257000475892760e+00
4.042504386213126466e+00
4.041752864338096884e+00
4.041002435051133546e+00
4.040253097792754211e+00
4.039504851304052124e+00
4.038757693669900561e+00
4.038011622357380759e+00
4.037266634259439435e+00
4.036522725750466556e+00
4.035779892757171083e+00
4.035038130845186366e+00
4.034297435319507130e+00
4.033557801335192039e+00
4.032819224013868720e+00
4.032081698561229111e+00
4.031345220380848637e+00
4.030609785180121918e+00
4.029875389064818236e+00
4.029142028619662419e+00
4.028409700973226037e+00
4.027678403846298494e+00
4.026948135583710453e+00
4.026218895170286416e+00
4.025490682232312878e+00
4.024763497026310866e+00
4.024037340417286224e+00
4.023312213848981855e+00
4.022588119308808885e+00
4.021865059289990718e+00
4.021143036753777267e+00
4.020422055094304170e+00
4.019702118108444466e+00
4.018983229972976190e+00
4.018265395230874226e+00
4.017548618788699955e+00
4.016832905926184694e+00
4.016118262319333887e+00
4.015404694077624015e+00
4.014692207795782508e+00
4.013980810620246586e+00
4.013270510329885354e+00
4.012561315430635211e+00
4.011853235262449857e+00
4.011146280116377305e+00
4.010440461359022990e+00
4.009735791558953544e+00
4.009032284607521923e+00
4.008329955822066637e+00
4.007628822012409664e+00
4.006928901479252403e+00
4.006230213895578096e+00
4.005532779992153181e+00
4.004836620924066004e+00
4.004141757127563039e+00
4.003448206384375929e+00
4.002755980653509127e+00
4.002065081082586850e+00
4.001375490212181418e+00
4.000687160647690810e+00
4.000000000000000000e+00
