4.058591293093035013e+00
4.057817435587938171e+00
4.057044421015496560e+00
4.056272259854479145e+00
4.055501002151654433e+00
4.054730696209284169e+00
4.053961380795238156e+00
4.053193087063196920e+00
4.052425840264493040e+00
4.051659660689105102e+00
4.050894564058164171e+00
4.050130561824396125e+00
4.049367661554526876e+00
4.048605867470070230e+00
4.047845181120034219e+00
4.047085602109296687e+00
4.046327128788179905e+00
4.045569758825824813e+00
4.044813489625632918e+00
4.044058318578857225e+00
4.043304243181021107e+00
4.042551261051388956e+00
4.041799369898485317e+00
4.041048567468442876e+00
4.040298851502512889e+00
4.039550219718253565e+00
4.038802669818558400e+00
4.038056199525026813e+00
4.037310806627439241e+00
4.036566489039209671e+00
4.035823244849089164e+00
4.035081072361089483e+00
4.034339970117367002e+00
4.033599936901562266e+00
4.032860971722713295e+00
4.032123073781922251e+00
4.031386242425447186e+00
4.030650477088646433e+00
4.029915777235443031e+00
4.029182142297758951e+00
4.028449571618794245e+00
4.027718064403241094e+00
4.026987619676739349e+00
4.026258236255999989e+00
4.025529912730246629e+00
4.024802647453984861e+00
4.024076438550542534e+00
4.023351283925440391e+00
4.022627181288370046e+00
4.021904128182302252e+00
4.021182122018151617e+00
4.020461160113615762e+00
4.019741239734598182e+00
4.019022358137758211e+00
4.018304512613080526e+00
4.017587700525219851e+00
4.016871919352655418e+00
4.016157166723989036e+00
4.015443440450689572e+00
4.014730738555879697e+00
4.014019059299114289e+00
4.013308401196667319e+00
4.012598763037735772e+00
4.011890143896562400e+00
4.011182543140566992e+00
4.010475960434686904e+00
4.009770395741872662e+00
4.009065849319611630e+00
4.008362321711034681e+00
4.007659813730374943e+00
4.006958326441373508e+00
4.006257861127431319e+00
4.005558419255910607e+00
4.004860002447709455e+00
4.004162612473010974e+00
4.003466251334791615e+00
4.002770921492214917e+00
4.002076626341288801e+00
4.001383370643878834e+00
4.000691160548139891e+00
4.000000000000000000e+00
