4.058559891043501899e+00
4.057785878100578891e+00
4.057012923906965440e+00
4.056241048469320098e+00
4.055470307043806955e+00
4.054700745004645057e+00
4.053932389809654424e+00
4.053165253953088687e+00
4.052399338271682083e+00
4.051634634559623471e+00
4.050871127505389246e+00
4.050108796521245225e+00
4.049347617621331885e+00
4.048587565274946343e+00
4.047828614047354279e+00
4.047070739886427404e+00
4.046313921001704728e+00
4.045558138363865908e+00
4.044803375898788467e+00
4.044049620464511108e+00
4.043296861691436206e+00
4.042545091748450226e+00
4.041794305078470373e+00
4.041044498130109019e+00
4.040295669100396836e+00
4.039547817695227749e+00
4.038800944909128887e+00
4.038055052823461111e+00
4.037310144420928282e+00
4.036566223413908361e+00
4.035823294084510238e+00
4.035081361134816191e+00
4.034340429546758422e+00
4.033600504451775315e+00
4.032861591011123181e+00
4.032123694308151762e+00
4.031386819253989451e+00
4.030650970507983821e+00
4.029916152413814068e+00
4.029182368951660820e+00
4.028449623706226390e+00
4.027717919849699513e+00
4.026987260138253255e+00
4.026257646920248234e+00
4.025529082154008620e+00
4.024801567432885641e+00
4.024075104015435222e+00
4.023349692858577242e+00
4.022625334651925399e+00
4.021902029851757376e+00
4.021179778713231734e+00
4.020458581320077052e+00
4.019738437611220405e+00
4.019019347403872011e+00
4.018301310413050942e+00
4.017584326267829908e+00
4.016868394524504282e+00
4.016153514677026415e+00
4.015439686165387378e+00
4.014726908382501236e+00
4.014015180680003070e+00
4.013304502373616245e+00
4.012594872748810992e+00
4.011886291066756982e+00
4.011178756571432302e+00
4.010472268497978554e+00
4.009766826082262980e+00
4.009062428571920300e+00
4.008359075238377756e+00
4.007656765389349118e+00
4.006955498380275316e+00
4.006255273622945090e+00
4.005556090585929319e+00
4.004857948780669474e+00
4.004160847706280890e+00
4.003464786718176960e+00
4.002769764681997522e+00
4.002075779377426201e+00
4.001382826614389820e+00
4.000690901245538278e+00
4.000000000000000000e+00
