2.000174217934919341e+01
2.000059771129516761e+01
1.999983407045808548e+01
1.999942933391521649e+01
1.999930606230285690e+01
1.999936394022808628e+01
1.999953239272847227e+01
1.999977616829296423e+01
2.000007533645993973e+01
2.000041338436074412e+01
2.000077291148852510e+01
2.000113636685584240e+01
2.000148782124996671e+01
2.000181444105745143e+01
2.000210716249624809e+01
2.000236071393517534e+01
2.000257317325413098e+01
2.000274527197897001e+01
2.000287959204706922e+01
2.000297977976006791e+01
2.000304985759743914e+01
2.000309369943335014e+01
2.000311468261664061e+01
2.000311552593857556e+01
2.000309827830299270e+01
2.000306442149678432e+01
2.000301503686455362e+01
2.000295099559725642e+01
2.000287313195315875e+01
2.000278238228117900e+01
2.000267987161857874e+01
2.000256695031532317e+01
2.000244518562947249e+01
2.000231631886235917e+01
2.000218220054148333e+01
2.000204471584800459e+01
2.000190571040890575e+01
2.000176692435953640e+01
2.000162993907965259e+01
2.000149613991253972e+01
2.000136669404479051e+01
2.000124254306335558e+01
2.000112440763466992e+01
2.000101280201340970e+01
2.000090805500915536e+01
2.000081033553375320e+01
2.000071968005400791e+01
2.000063602005919350e+01
2.000055920850419966e+01
2.000048904511219305e+01
2.000042529813913106e+01
2.000036772317769618e+01
2.000031608141802053e+01
2.000027015371734862e+01
2.000022975262010760e+01
2.000019473310215190e+01
2.000016500150753984e+01
2.000014052259302844e+01
2.000012132746948268e+01
2.000010751897204742e+01
2.000009927663082365e+01
2.000009686452371938e+01
2.000010063314925901e+01
2.000011102599220791e+01
2.000012858719710351e+01
2.000015396546076474e+01
2.000018791992201272e+01
2.000023132968297190e+01
2.000028520311995806e+01
2.000035068598347721e+01
2.000042906846377377e+01
2.000052179003532871e+01
2.000063035138987289e+01
2.000075616151211833e+01
2.000089984806182031e+01
2.000106009574208343e+01
2.000123036931123366e+01
2.000139585396334496e+01
2.000152667329112433e+01
2.000159464731221703e+01
2.000158649124205112e+01
