1.999947557519657693e+01
1.999937287044578937e+01
1.999918785831867751e+01
1.999880999562455841e+01
1.999838572920532442e+01
1.999803923766322811e+01
1.999779127015673197e+01
1.999762673385228950e+01
1.999752561415276375e+01
1.999747784289566255e+01
1.999748334789908100e+01
1.999754836017620718e+01
1.999768064628497655e+01
1.999788571947561522e+01
1.999816443880705918e+01
1.999851209049516854e+01
1.999891866575746135e+01
1.999936994996798845e+01
1.999984901795756542e+01
2.000033780221733437e+01
2.000081849804064760e+01
2.000127469452246487e+01
2.000169218174364616e+01
2.000205945475567404e+01
2.000236795210913954e+01
2.000261208019725601e+01
2.000278907291068009e+01
2.000289873470814328e+01
2.000294310193264735e+01
2.000292606197778511e+01
2.000285295315431711e+01
2.000273017324919422e+01
2.000256481041593659e+01
2.000236431227328282e+01
2.000213620000736725e+01
2.000188783090650091e+01
2.000162621104593086e+01
2.000135785415911016e+01
2.000108868353587965e+01
2.000082397148575097e+01
2.000056830957064236e+01
2.000032560608291021e+01
2.000009910250856393e+01
1.999989140779692320e+01
1.999970454279291587e+01
1.999953999472119648e+01
1.999939877574167468e+01
1.999928148672724504e+01
1.999918838072424876e+01
1.999911942646657081e+01
1.999907437249168396e+01
1.999905280349182846e+01
1.999905419989066857e+01
1.999907798816965965e+01
1.999912358677991264e+01
1.999919044953022151e+01
1.999927810181493371e+01
1.999938617124197648e+01
1.999951441334580338e+01
1.999966273478734280e+01
1.999983120487409494e+01
2.000002007687639960e+01
2.000022978602350676e+01
2.000046096852837962e+01
2.000071445065209375e+01
2.000099126432486329e+01
2.000129262765651816e+01
2.000161994220375306e+01
2.000197476934191343e+01
2.000235878021917557e+01
2.000277368232001507e+01
2.000322106313114645e+01
2.000370212440263629e+01
2.000421724930094314e+01
2.000476515237274810e+01
2.000534179296459314e+01
2.000593788145436491e+01
2.000653691451312000e+01
2.000710837501017636e+01
2.000761403679840100e+01
2.000800598505884409e+01
