2.000068458904690516e+01
1.999914851091819656e+01
1.999698539964358091e+01
1.999519663337333597e+01
1.999402832109520745e+01
1.999336661609941146e+01
1.999305908296650358e+01
1.999298120524395728e+01
1.999304795697575088e+01
1.999320431194586334e+01
1.999341669144945755e+01
1.999366597648067412e+01
1.999394254614001554e+01
1.999424266165079089e+01
1.999456588291429426e+01
1.999491326605489050e+01
1.999528613773827246e+01
1.999568528837472314e+01
1.999611045410632570e+01
1.999656000770961484e+01
1.999703080651473996e+01
1.999751818607381892e+01
1.999801607615820842e+01
1.999851723659926606e+01
1.999901358521673345e+01
1.999949659343003106e+01
1.999995771087488805e+01
2.000038878580512147e+01
2.000078244420355134e+01
2.000113240671417358e+01
2.000143372248372486e+01
2.000168291445837454e+01
2.000187803615281723e+01
2.000201864860370193e+01
2.000210572859376867e+01
2.000214152312977234e+01
2.000212936617865722e+01
2.000207347310149331e+01
2.000197872593467352e+01
2.000185046117552545e+01
2.000169426959444507e+01
2.000151581470558426e+01
2.000132067470221386e+01
2.000111420949672691e+01
2.000090145526271712e+01
2.000068704306881884e+01
2.000047514497289569e+01
2.000026943915752398e+01
2.000007309574477077e+01
1.999988878067135545e+01
1.999971866993855230e+01
1.999956447725036313e+01
1.999942749099863804e+01
1.999930861200043353e+01
1.999920840266561584e+01
1.999912713000953701e+01
1.999906481756437771e+01
1.999902128862083117e+01
1.999899621464173904e+01
1.999898915451323589e+01
1.999899959431053276e+01
1.999902698569915671e+01
1.999907077414153278e+01
1.999913042444777034e+01
1.999920544844506409e+01
1.999929541201323602e+01
1.999939995081255262e+01
1.999951877042337500e+01
1.999965163337267882e+01
1.999979833208720237e+01
1.999995864913856636e+01
2.000013226639716635e+01
2.000031867572459632e+01
2.000051707838819937e+01
2.000072627850043716e+01
2.000094491559435994e+01
2.000117173511582180e+01
2.000140765309648572e+01
2.000165653524075182e+01
2.000193108739014747e+01
2.000219091493636370e+01
