2.000120975050842986e+01
2.000136905838507317e+01
2.000181851965386315e+01
2.000203843405562409e+01
2.000200252814664381e+01
2.000185658774481112e+01
2.000170500508507487e+01
2.000160745209160496e+01
2.000158491200546607e+01
2.000163672988098895e+01
2.000175112876613071e+01
2.000191218634058288e+01
2.000210328889327371e+01
2.000230891447201742e+01
2.000251553551515471e+01
2.000271212449124292e+01
2.000289037686466997e+01
2.000304469122443507e+01
2.000317193508578839e+01
2.000327104783557175e+01
2.000334254688106839e+01
2.000338801502858033e+01
2.000340962668659728e+01
2.000340975832680002e+01
2.000339070726969126e+01
2.000335452280837600e+01
2.000330293817219740e+01
2.000323738427844944e+01
2.000315905626948521e+01
2.000306900741181693e+01
2.000296824668798834e+01
2.000285782351473429e+01
2.000273888716212767e+01
2.000261271805115726e+01
2.000248073029664653e+01
2.000234445079872359e+01
2.000220548232698903e+01
2.000206545586362950e+01
2.000192598113259024e+01
2.000178860077104304e+01
2.000165475086147637e+01
2.000152573237378917e+01
2.000140269276031901e+01
2.000128661930940766e+01
2.000117834139062012e+01
2.000107854218604686e+01
2.000098777456729948e+01
2.000090648350551703e+01
2.000083502997931362e+01
2.000077371655845937e+01
2.000072281234563576e+01
2.000068257797780191e+01
2.000065328772131679e+01
2.000063525084501492e+01
2.000062883089739429e+01
2.000063446331727945e+01
2.000065266922808860e+01
2.000068407240210533e+01
2.000072940749094386e+01
2.000078953844997187e+01
2.000086546082544814e+01
2.000095831836422633e+01
2.000106940970135128e+01
2.000120019862361787e+01
2.000135232486530867e+01
2.000152761579199634e+01
2.000172808959315418e+01
2.000195596976134382e+01
2.000221369814689254e+01
2.000250392839731362e+01
2.000282951282773070e+01
2.000319346549905930e+01
2.000359882062222994e+01
2.000404836211006199e+01
2.000454413779422325e+01
2.000508646678290248e+01
2.000567222768160747e+01
2.000629044943436341e+01
2.000691091868980109e+01
2.000744854824873897e+01
2.000766120105981827e+01
