1.999991554490895140e+01
1.999928863400171153e+01
1.999896269452294106e+01
1.999870264173791412e+01
1.999836132999258709e+01
1.999794591356583595e+01
1.999750690807996989e+01
1.999708943453623178e+01
1.999672240149444136e+01
1.999642027197876715e+01
1.999618663422331011e+01
1.999601702599370512e+01
1.999590142814412275e+01
1.999582662181250114e+01
1.999577842102906899e+01
1.999574357022796889e+01
1.999571114007935790e+01
1.999567335459423134e+01
1.999562588646500316e+01
1.999556772348953615e+01
1.999550072598384531e+01
1.999542900102420262e+01
1.999535818943766330e+01
1.999529475549859470e+01
1.999524533242473723e+01
1.999521616927347267e+01
1.999521270012551000e+01
1.999523924536689279e+01
1.999529883786842888e+01
1.999539316474646711e+01
1.999552259900118045e+01
1.999568630249048340e+01
1.999588237384413603e+01
1.999610802165697265e+01
1.999635974493051549e+01
1.999663350797795758e+01
1.999692490151599955e+01
1.999722928484862194e+01
1.999754190810727295e+01
1.999785801599021795e+01
1.999817293448828437e+01
1.999848214406059910e+01
1.999878134135022023e+01
1.999906649287965621e+01
1.999933388117169741e+01
1.999958014548366236e+01
1.999980231568995137e+01
1.999999784031823324e+01
2.000016460773591476e+01
2.000030095880866909e+01
2.000040569189474127e+01
2.000047805716673466e+01
2.000051774405818961e+01
2.000052485712336292e+01
2.000049988276808222e+01
2.000044365171203253e+01
2.000035728946210156e+01
2.000024216836622770e+01
2.000009984911688932e+01
1.999993202650304980e+01
1.999974046785940729e+01
1.999952696462142399e+01
1.999929327251449607e+01
1.999904106853854913e+01
1.999877190387300274e+01
1.999848717178990398e+01
1.999818807664287235e+01
1.999787561704452088e+01
1.999755058324537416e+01
1.999721356840027298e+01
1.999686501038423003e+01
1.999650527939557776e+01
1.999613482308916446e+01
1.999575445600502022e+01
1.999536580028518884e+01
1.999497225272859069e+01
1.999457990906454086e+01
1.999419987700488477e+01
1.999384675090748686e+01
1.999354378519674214e+01
1.999329891707748175e+01
