1.999926806353296982e+01
2.000169506362298932e+01
2.000362406744068622e+01
2.000476137127244769e+01
2.000514801600562009e+01
2.000499782575911212e+01
2.000451050246485352e+01
2.000383945670225216e+01
2.000308836477427477e+01
2.000232284680611627e+01
2.000158132062210115e+01
2.000088442879485484e+01
2.000024196357875184e+01
1.999965756885687895e+01
1.999913150364907821e+01
1.999866206486994002e+01
1.999824621197577201e+01
1.999787986254013106e+01
1.999755813641347757e+01
1.999727566560709491e+01
1.999702697451992606e+01
1.999680689744604933e+01
1.999661095036858072e+01
1.999643562361228177e+01
1.999627854856699471e+01
1.999613853992119772e+01
1.999601551737220362e+01
1.999591033412812990e+01
1.999582453698234730e+01
1.999576009662079201e+01
1.999571912816779218e+01
1.999570363388069794e+01
1.999571528014238098e+01
1.999575522217075729e+01
1.999582398032457320e+01
1.999592136826433730e+01
1.999604646859930313e+01
1.999619764915897235e+01
1.999637261151156764e+01
1.999656846382609388e+01
1.999678180868922439e+01
1.999700884110019672e+01
1.999724544603105869e+01
1.999748729728499086e+01
1.999772994892171596e+01
1.999796892015016780e+01
1.999819977138822935e+01
1.999841817087881779e+01
1.999861995384164004e+01
1.999880116972264688e+01
1.999895812239803661e+01
1.999908740272243790e+01
1.999918591069068441e+01
1.999925087094408838e+01
1.999927983919743824e+01
1.999927070212581270e+01
1.999922166842365812e+01
1.999913125390072466e+01
1.999899825681371013e+01
1.999882173176411015e+01
1.999860095132120819e+01
1.999833537192301591e+01
1.999802458491673107e+01
1.999766827670155678e+01
1.999726617751808178e+01
1.999681801908937828e+01
1.999632349340483728e+01
1.999578220780701798e+01
1.999519366194533987e+01
1.999455723186910561e+01
1.999387216254250887e+01
1.999313763817526990e+01
1.999235287936592798e+01
1.999151748577897081e+01
1.999063201050547178e+01
1.998969983476845869e+01
1.998873004445829693e+01
1.998774774330375337e+01
1.998681050270884896e+01
1.998607206035765316e+01
1.998582859989255667e+01
