2.000137078807746960e+01
2.000286812751270205e+01
2.000328512888339816e+01
2.000314843022224309e+01
2.000278993434350383e+01
2.000239548016748614e+01
2.000204687404730208e+01
2.000176725698217695e+01
2.000155299855227398e+01
2.000139030076932656e+01
2.000126187401805211e+01
2.000114940018096732e+01
2.000103508781685235e+01
2.000090332383500424e+01
2.000074225570757136e+01
2.000054485720320230e+01
2.000030920435067827e+01
2.000003797475602951e+01
1.999973738150644920e+01
1.999941584856555465e+01
1.999908269175256237e+01
1.999874701821510925e+01
1.999841693154376543e+01
1.999809907147715649e+01
1.999779844443721544e+01
1.999751847887977974e+01
1.999726122747942725e+01
1.999702765071209853e+01
1.999681792069766928e+01
1.999663171268523243e+01
1.999646845367934844e+01
1.999632751951089205e+01
1.999620837310055776e+01
1.999611064763108104e+01
1.999603417957328233e+01
1.999597899952489399e+01
1.999594529094695616e+01
1.999593332560783310e+01
1.999594338551446171e+01
1.999597568010100090e+01
1.999603026541298334e+01
1.999610697221780242e+01
1.999620534644225955e+01
1.999632460579018556e+01
1.999646361319326715e+01
1.999662086767034097e+01
1.999679451147272502e+01
1.999698235154984260e+01
1.999718189327247941e+01
1.999739038366229238e+01
1.999760486122021064e+01
1.999782221012248939e+01
1.999803921623229286e+01
1.999825262210177712e+01
1.999845918012643153e+01
1.999865570196455522e+01
1.999883910287709554e+01
1.999900644048807052e+01
1.999915494661667736e+01
1.999928205331829290e+01
1.999938541116892665e+01
1.999946290142841576e+01
1.999951264118140415e+01
1.999953298275243796e+01
1.999952250830559208e+01
1.999948002017068305e+01
1.999940453203869950e+01
1.999929526072135744e+01
1.999915163146464181e+01
1.999897330819607078e+01
1.999876026674510143e+01
1.999851296469872963e+01
1.999823263937295437e+01
1.999792189083330030e+01
1.999758551614153035e+01
1.999723209512714206e+01
1.999687548381221092e+01
1.999653852380365748e+01
1.999625366055391140e+01
1.999607807241663338e+01
1.999607742420630530e+01
