1.999982704702932779e+01
2.000135806414736450e+01
2.000200337044607579e+01
2.000220703697705105e+01
2.000226214672027680e+01
2.000228743380797880e+01
2.000230196817646089e+01
2.000230227205760869e+01
2.000229088998653282e+01
2.000227965303893285e+01
2.000228302821220439e+01
2.000231222572907086e+01
2.000237242974895224e+01
2.000246282596997105e+01
2.000257807766121587e+01
2.000271021702793917e+01
2.000285033868240347e+01
2.000298986694842540e+01
2.000312136721741396e+01
2.000323897009589302e+01
2.000333849461753033e+01
2.000341736648110569e+01
2.000347439858918008e+01
2.000350950633128733e+01
2.000352340265457940e+01
2.000351731459835491e+01
2.000349274374234909e+01
2.000345128692700314e+01
2.000339451733615448e+01
2.000332392367055689e+01
2.000324089352528034e+01
2.000314672972082519e+01
2.000304268402947372e+01
2.000292999677188632e+01
2.000280993182531120e+01
2.000268380105686461e+01
2.000255297510962293e+01
2.000241888014415892e+01
2.000228298267569471e+01
2.000214676578443473e+01
2.000201170009010099e+01
2.000187921419384551e+01
2.000175066711171468e+01
2.000162732576141522e+01
2.000151034865032074e+01
2.000140077704861952e+01
2.000129953338513644e+01
2.000120742625860615e+01
2.000112516121194517e+01
2.000105335622422231e+01
2.000099256003715098e+01
2.000094327330020860e+01
2.000090596985701907e+01
2.000088111917927947e+01
2.000086920748326236e+01
2.000087075858351682e+01
2.000088635343933419e+01
2.000091664713161421e+01
2.000096238565356188e+01
2.000102442169939820e+01
2.000110372720794416e+01
2.000120140707473837e+01
2.000131871033107345e+01
2.000145704202447661e+01
2.000161797326885704e+01
2.000180325165514361e+01
2.000201480844663493e+01
2.000225476724752838e+01
2.000252544422902545e+01
2.000282933741102198e+01
2.000316909290420497e+01
2.000354742592734070e+01
2.000396693212163512e+01
2.000442972467425307e+01
2.000493663770537722e+01
2.000548588758252677e+01
2.000607036703774355e+01
2.000667455956001106e+01
2.000726843864803683e+01
2.000780345959263684e+01
2.000815775804221630e+01
