1.999993242752639944e+01
1.999929437357212336e+01
1.999814620385282282e+01
1.999713453246400263e+01
1.999652547630985566e+01
1.999630440008446541e+01
1.999635823231317389e+01
1.999656748474217949e+01
1.999684251669957291e+01
1.999712904782737155e+01
1.999740038013457877e+01
1.999764659657218147e+01
1.999786545690027495e+01
1.999805664034017383e+01
1.999821903873396778e+01
1.999835018250525920e+01
1.999844679470270137e+01
1.999850574271544446e+01
1.999852492085916467e+01
1.999850384877366238e+01
1.999844391729773108e+01
1.999834832388247463e+01
1.999822176316073552e+01
1.999806998109600542e+01
1.999789927495595521e+01
1.999771602040535967e+01
1.999752627576468811e+01
1.999733549538944288e+01
1.999714835586350503e+01
1.999696869232069218e+01
1.999679951934495392e+01
1.999664311671745054e+01
1.999650115130367212e+01
1.999637481420025509e+01
1.999626495389723502e+01
1.999617219264072432e+01
1.999609701764915570e+01
1.999603984399722734e+01
1.999600104889246310e+01
1.999598098013071024e+01
1.999597994311677596e+01
1.999599817198620144e+01
1.999603579068406844e+01
1.999609276916016043e+01
1.999616888014082861e+01
1.999626366004904554e+01
1.999637637728007533e+01
1.999650601079618539e+01
1.999665123851991311e+01
1.999681043810407388e+01
1.999698169748555188e+01
1.999716283569379982e+01
1.999735143213226962e+01
1.999754486175394064e+01
1.999774033640152737e+01
1.999793494715465414e+01
1.999812570977077186e+01
1.999830960807835112e+01
1.999848363661055117e+01
1.999864484028724831e+01
1.999879034708155601e+01
1.999891740033913834e+01
1.999902338340247354e+01
1.999910583887095683e+01
1.999916248568595378e+01
1.999919122896410073e+01
1.999919017062195792e+01
1.999915762192023294e+01
1.999909212527420976e+01
1.999899249092685949e+01
1.999885786710687086e+01
1.999868786312941893e+01
1.999848275508124473e+01
1.999824384080639916e+01
1.999797399024762612e+01
1.999767875012840790e+01
1.999736795342031925e+01
1.999706028915851874e+01
1.999678911976225137e+01
1.999661567208955049e+01
1.999657135899178684e+01
