1.999982768130925948e+01
1.999900877042416525e+01
1.999787438043280119e+01
1.999647351011026331e+01
1.999496379614852160e+01
1.999354262445310582e+01
1.999235205265248183e+01
1.999146285166763803e+01
1.999088544263715050e+01
1.999059400082270699e+01
1.999054597807009159e+01
1.999069447740306771e+01
1.999099437910705745e+01
1.999140485831358305e+01
1.999189014544026932e+01
1.999241960413442243e+01
1.999296757066538532e+01
1.999351309166700474e+01
1.999403958116197799e+01
1.999453440500292345e+01
1.999498840711273218e+01
1.999539542190603925e+01
1.999575179652241985e+01
1.999605596122314921e+01
1.999630805462259531e+01
1.999650960659536736e+01
1.999666326727504639e+01
1.999677257377928541e+01
1.999684173685358957e+01
1.999687544454751986e+01
1.999687867616572490e+01
1.999685653038541844e+01
1.999681406912860027e+01
1.999675618400192079e+01
1.999668748814178443e+01
1.999661223735660087e+01
1.999653427947772499e+01
1.999645703060891577e+01
1.999638347419485029e+01
1.999631617783964188e+01
1.999625732079186591e+01
1.999620872876743150e+01
1.999617190918981535e+01
1.999614808329153703e+01
1.999613821290969895e+01
1.999614302033619495e+01
1.999616299913822459e+01
1.999619841995782465e+01
1.999624932861938120e+01
1.999631554086213114e+01
1.999639663484983743e+01
1.999649194312541312e+01
1.999660054580250446e+01
1.999672126735175937e+01
1.999685267553482149e+01
1.999699308745333326e+01
1.999714057832146707e+01
1.999729299811216521e+01
1.999744798795281042e+01
1.999760300622319775e+01
1.999775535329755627e+01
1.999790220146554631e+01
1.999804062326460752e+01
1.999816762496741163e+01
1.999828017704714966e+01
1.999837524688239654e+01
1.999844982828041751e+01
1.999850098324121106e+01
1.999852587940832649e+01
1.999852186092005013e+01
1.999848652915285285e+01
1.999841792412193797e+01
1.999831477635792254e+01
1.999817703084364950e+01
1.999800647808950416e+01
1.999780801719449030e+01
1.999759006927640570e+01
1.999736669859557381e+01
1.999715573647404554e+01
1.999700493110128718e+01
1.999701314605772495e+01
