2.000009295896449046e+01
1.999770250736443344e+01
1.999627555641244214e+01
1.999513674546182784e+01
1.999404966299156783e+01
1.999300999936495060e+01
1.999204437152211966e+01
1.999118972452717102e+01
1.999048218363111928e+01
1.998995154582793532e+01
1.998961467151999472e+01
1.998947317968497117e+01
1.998951484238690668e+01
1.998971732839241966e+01
1.999005247420888409e+01
1.999049000755211480e+01
1.999100027442715088e+01
1.999155597684183405e+01
1.999213312257139208e+01
1.999271142027247450e+01
1.999327431415995804e+01
1.999380880374690861e+01
1.999430513917513252e+01
1.999475646267973161e+01
1.999515842664091281e+01
1.999550882511811523e+01
1.999580724426913747e+01
1.999605474624875612e+01
1.999625358226656502e+01
1.999640693787191381e+01
1.999651870289373079e+01
1.999659326591875796e+01
1.999663532915054986e+01
1.999664974454951860e+01
1.999664136987007623e+01
1.999661494728944433e+01
1.999657500546863531e+01
1.999652578345159171e+01
1.999647117848981637e+01
1.999641471507343482e+01
1.999635953127675947e+01
1.999630838099690067e+01
1.999626364667714640e+01
1.999622735862927669e+01
1.999620121924620619e+01
1.999618662463749175e+01
1.999618468655991421e+01
1.999619624950082297e+01
1.999622190403370325e+01
1.999626199363128976e+01
1.999631661933149118e+01
1.999638564213511316e+01
1.999646867947645745e+01
1.999656510776809881e+01
1.999667405802473397e+01
1.999679442114367944e+01
1.999692484808127801e+01
1.999706376316814627e+01
1.999720936981199060e+01
1.999735967214188292e+01
1.999751248792393454e+01
1.999766547497120683e+01
1.999781615669985158e+01
1.999796195126814169e+01
1.999810019374314862e+01
1.999822818057965179e+01
1.999834319349348277e+01
1.999844255149166372e+01
1.999852365125218867e+01
1.999858404328338324e+01
1.999862151659277387e+01
1.999863425947195594e+01
1.999862107094329389e+01
1.999858173792322802e+01
1.999851753316153236e+01
1.999843230267217464e+01
1.999833373905504885e+01
1.999823718814106144e+01
1.999816813641616875e+01
1.999817848961975031e+01
1.999833275750279427e+01
