2.000038710631816841e+01
2.000023982513160803e+01
1.999970339570547040e+01
1.999869631927798608e+01
1.999742829243825781e+01
1.999612113234939770e+01
1.999488849289986803e+01
1.999377768905037911e+01
1.999279973300104629e+01
1.999195378931441169e+01
1.999123755061823360e+01
1.999065093624167133e+01
1.999019565897187789e+01
1.998987349108472955e+01
1.998968440175118033e+01
1.998962521333544018e+01
1.998968894934955287e+01
1.998986484970422239e+01
1.999013891112558383e+01
1.999049476540662695e+01
1.999091470556116690e+01
1.999138070899637754e+01
1.999187533642273706e+01
1.999238244721364310e+01
1.999288770544866622e+01
1.999337888548333098e+01
1.999384600288980707e+01
1.999428130839234541e+01
1.999467917921436921e+01
1.999503594459961064e+01
1.999534966979108930e+01
1.999561992197176608e+01
1.999584753235884094e+01
1.999603436525638145e+01
1.999618310062054150e+01
1.999629703415886084e+01
1.999637989731983012e+01
1.999643569744502614e+01
1.999646857976127734e+01
1.999648271005191447e+01
1.999648217741479073e+01
1.999647091664458642e+01
1.999645264848986059e+01
1.999643083673273480e+01
1.999640865911771570e+01
1.999638899032284911e+01
1.999637439623920088e+01
1.999636713343672767e+01
1.999636915560950712e+01
1.999638212264407500e+01
1.999640741074808048e+01
1.999644612441904101e+01
1.999649910524034269e+01
1.999656694335456564e+01
1.999664998158305451e+01
1.999674832840131700e+01
1.999686185723814091e+01
1.999699022145366101e+01
1.999713285297603704e+01
1.999728897731277755e+01
1.999745761670455835e+01
1.999763761015637442e+01
1.999782762289849103e+01
1.999802616174834213e+01
1.999823160450221238e+01
1.999844221323001747e+01
1.999865617448868704e+01
1.999887162901820048e+01
1.999908671802059601e+01
1.999929965275168087e+01
1.999950878751932493e+01
1.999971276502028417e+01
1.999991071684242172e+01
2.000010260475626822e+01
2.000028976725958074e+01
2.000047595262071809e+01
2.000066874734419997e+01
2.000088244224820500e+01
2.000113810907787126e+01
2.000145631617160902e+01
2.000179246906191111e+01
