2.058467698504320254e+01
2.035990994509035090e+01
2.020606065309310040e+01
2.011010808319072041e+01
2.005552576903912865e+01
2.002681982950972284e+01
2.001274118009209602e+01
2.000624965656959731e+01
2.000343002887975530e+01
2.000228563627036493e+01
2.000187078414824526e+01
2.000176447367081778e+01
2.000178980992341948e+01
2.000187598057182115e+01
2.000199500814649411e+01
2.000213451251025276e+01
2.000228691918297486e+01
2.000244573159316630e+01
2.000260465889792627e+01
2.000275773648125721e+01
2.000289969579899108e+01
2.000302625301529602e+01
2.000313426004878181e+01
2.000322170858430582e+01
2.000328762708425501e+01
2.000333190738578537e+01
2.000335510725202326e+01
2.000335824949072006e+01
2.000334265323843752e+01
2.000330979326133729e+01
2.000326120315013867e+01
2.000319841750558325e+01
2.000312294221267706e+01
2.000303625170802846e+01
2.000293979848259340e+01
2.000283503058890133e+01
2.000272340643113367e+01
2.000260640544127355e+01
2.000248553287374520e+01
2.000236231240808493e+01
2.000223827491802098e+01
2.000211493909818117e+01
2.000199379376176267e+01
2.000187627406204527e+01
2.000176374021318892e+01
2.000165746471183681e+01
2.000155862488897895e+01
2.000146829030560980e+01
2.000138742684326232e+01
2.000131690170001164e+01
2.000125749461846070e+01
2.000120990573319091e+01
2.000117478592970954e+01
2.000115272726068838e+01
2.000114433312884898e+01
2.000115015211293823e+01
2.000117081185499757e+01
2.000120691873683754e+01
2.000125915870139792e+01
2.000132828434624344e+01
2.000141511674076256e+01
2.000152057950804263e+01
2.000164573270365054e+01
2.000179168690728559e+01
2.000195974114275899e+01
2.000215130338471425e+01
2.000236795407735713e+01
2.000261136957526276e+01
2.000288341827582528e+01
2.000318607899084355e+01
2.000352136795865476e+01
2.000389129962868395e+01
2.000429758004565883e+01
2.000474119041222565e+01
2.000522129383821124e+01
2.000573285646555632e+01
2.000626170602979670e+01
2.000677344696443782e+01
2.000719998695336699e+01
2.000743171385516561e+01
2.000740375369787216e+01
