2.000005695134057504e+01
2.000045682571102645e+01
2.000003397436163155e+01
1.999925362828534148e+01
1.999835245508343107e+01
1.999745532263058223e+01
1.999662243036449993e+01
1.999587452229695117e+01
1.999521610010502926e+01
1.999464670499774499e+01
1.999416419802276579e+01
1.999376437046032251e+01
1.999344038731280904e+01
1.999318304052018647e+01
1.999298163889767466e+01
1.999282504635904445e+01
1.999270251430624867e+01
1.999260419849462167e+01
1.999252141252792114e+01
1.999244673287640239e+01
1.999237404628008363e+01
1.999229860548212656e+01
1.999221708715002777e+01
1.999212764024774813e+01
1.999202988810429105e+01
1.999192486343706321e+01
1.999181486252243189e+01
1.999170322717041870e+01
1.999159406618936075e+01
1.999149194586505018e+01
1.999140156969672688e+01
1.999132747515371733e+01
1.999127376284086566e+01
1.999124387387096391e+01
1.999124042131474965e+01
1.999126507895288896e+01
1.999131852557859546e+01
1.999140044045967812e+01
1.999150954312849038e+01
1.999164367016709321e+01
1.999179988033212396e+01
1.999197457999709826e+01
1.999216366062829664e+01
1.999236264125174500e+01
1.999256680919353357e+01
1.999277135390404325e+01
1.999297148873257868e+01
1.999316255799905662e+01
1.999334012649035586e+01
1.999350005007128317e+01
1.999363852699096000e+01
1.999375213040827148e+01
1.999383782278212607e+01
1.999389295376099085e+01
1.999391524423380062e+01
1.999390275693540886e+01
1.999385385745325294e+01
1.999376716765052819e+01
1.999364151313914917e+01
1.999347586710744906e+01
1.999326929281685139e+01
1.999302088609633898e+01
1.999272971794002274e+01
1.999239478067615039e+01
1.999201493842631905e+01
1.999158887860387068e+01
1.999111507104085561e+01
1.999059173308738480e+01
1.999001680781316992e+01
1.998938796280657826e+01
1.998870263423213700e+01
1.998795817914650286e+01
1.998715222886973564e+01
1.998628351276323301e+01
1.998535347944839913e+01
1.998436973408148631e+01
1.998335196456197949e+01
1.998234374095967070e+01
1.998142732884785389e+01
1.998074337999414851e+01
1.998043445509392768e+01
