2.116649091520818615e+01
2.149990156672928165e+01
2.181777705199172956e+01
2.211720865182667950e+01
2.239536098269825359e+01
2.264901810534957960e+01
2.287459370379050227e+01
2.306832935523374317e+01
2.322654080516996800e+01
2.334590200829858730e+01
2.342374707700630410e+01
2.345836608885817398e+01
2.344926047869571306e+01
2.339732278972197932e+01
2.330491021141587638e+01
2.317579300873054393e+01
2.301497566045275533e+01
2.282840738852168627e+01
2.262261563519325236e+01
2.240430693257025396e+01
2.217998202308212186e+01
2.195560583400306953e+01
2.173636022006308011e+01
2.152649181000906964e+01
2.132925262308410197e+01
2.114692004323796937e+01
2.098087650752823663e+01
2.083172762981437742e+01
2.069943932016470711e+01
2.058347828507622168e+01
2.048294480502053716e+01
2.039669092544623297e+01
2.032342067282409914e+01
2.026177144906254668e+01
2.021037742596020337e+01
2.016791672376533739e+01
2.013314460954604002e+01
2.010491506080574098e+01
2.008219294627405915e+01
2.006405887132397936e+01
2.004970848359148761e+01
2.003844776936280780e+01
2.002968561554792259e+01
2.002292467312362589e+01
2.001775134640628906e+01
2.001382554124786139e+01
2.001087064315988329e+01
2.000866405678207016e+01
2.000702852255598430e+01
2.000582433320547793e+01
2.000494249788619783e+01
2.000429885043958578e+01
2.000382905430907243e+01
2.000348443251512975e+01
2.000322853966876835e+01
2.000303437693440145e+01
2.000288216389159146e+01
2.000275757298746271e+01
2.000265035154070148e+01
2.000255325208100743e+01
2.000246121714799585e+01
2.000237075878353110e+01
2.000227949564126462e+01
2.000218580219276632e+01
2.000208855581078993e+01
2.000198694415318812e+01
2.000188032375579539e+01
2.000176811851864400e+01
2.000164972973064081e+01
2.000152446880068524e+01
2.000139150708402980e+01
2.000124983415464186e+01
2.000109830178485026e+01
2.000093581151817190e+01
2.000076190275320442e+01
2.000057775789369074e+01
2.000038821354377916e+01
2.000020248684506541e+01
2.000003430295465989e+01
1.999989115645894699e+01
1.999978929862845689e+01
