2.033423530598495077e+01
2.068677921100771400e+01
2.102421360923693427e+01
2.134592527055441735e+01
2.165096849067485607e+01
2.193780722260822458e+01
2.220438139195862348e+01
2.244821067808505077e+01
2.266652438733778396e+01
2.285640769150741392e+01
2.301497066550169279e+01
2.313954020886320251e+01
2.322786891569343126e+01
2.327834815817631409e+01
2.329020712978545760e+01
2.326367615064258842e+01
2.320009207789041739e+01
2.310192702690194011e+01
2.297272894889548667e+01
2.281697324632448343e+01
2.263983675621857472e+01
2.244691663322787534e+01
2.224392441462586589e+01
2.203638807052487891e+01
2.182939170773665083e+01
2.162737481037862253e+01
2.143400252843876430e+01
2.125210797587415357e+01
2.108369878747268800e+01
2.093001449788226509e+01
2.079161888354735410e+01
2.066851176114329647e+01
2.056024697576880200e+01
2.046604648985391961e+01
2.038490381835260123e+01
2.031567302609804315e+01
2.025714184977039878e+01
2.020808917199405386e+01
2.016732812218686277e+01
2.013373663770197197e+01
2.010627752391409473e+01
2.008401002842965610e+01
2.006609478633249566e+01
2.005179376535338776e+01
2.004046659917995754e+01
2.003156444880617926e+01
2.002462231568757645e+01
2.001925052938405969e+01
2.001512596350242745e+01
2.001198338772108443e+01
2.000960724672783897e+01
2.000782405661009378e+01
2.000649553126045888e+01
2.000551248715127528e+01
2.000478953947149918e+01
2.000426055014581905e+01
2.000387478728593038e+01
2.000359371833995681e+01
2.000338837698162919e+01
2.000323722125685677e+01
2.000312441077287318e+01
2.000303844197254577e+01
2.000297107075653003e+01
2.000291647273260764e+01
2.000287060473230127e+01
2.000283070109910710e+01
2.000279490251969250e+01
2.000276197004627932e+01
2.000273108143261780e+01
2.000270166683010586e+01
2.000267331729224551e+01
2.000264573530302670e+01
2.000261876360900004e+01
2.000259246797575230e+01
2.000256729111587362e+01
2.000254420910657061e+01
2.000252479208664980e+01
2.000251111090417666e+01
2.000250634544877570e+01
2.000251547642486827e+01
2.000253961794078350e+01
