1.999883192291073186e+01
2.000017602828242858e+01
2.000267114563957094e+01
2.000666099968562150e+01
2.001269264519265079e+01
2.002133669747484390e+01
2.003313566036265314e+01
2.004866670222659764e+01
2.006855598727041823e+01
2.009347314461437151e+01
2.012410655974753482e+01
2.016113055107307517e+01
2.020516801727305989e+01
2.025675274300829543e+01
2.031629410910774780e+01
2.038404648538211106e+01
2.046008472726524019e+01
2.054428663925490994e+01
2.063632271615434632e+01
2.073565306701684818e+01
2.084153108600355964e+01
2.095301322943712208e+01
2.106897404637729210e+01
2.118812559880874602e+01
2.130904037767629688e+01
2.143017693932416279e+01
2.154990761378868314e+01
2.166654783110527305e+01
2.177838676204908097e+01
2.188371913986222239e+01
2.198087819575452784e+01
2.206826967471158696e+01
2.214440680339609102e+01
2.220794591706656362e+01
2.225772218283529114e+01
2.229278452003040911e+01
2.231242844541116455e+01
2.231622520930744358e+01
2.230404530350125469e+01
2.227607427895211245e+01
2.223281887296870707e+01
2.217510176694629465e+01
2.210404387548950922e+01
2.202103390116818460e+01
2.192768587767330857e+01
2.182578647745799572e+01
2.171723481307830639e+01
2.160397820406273794e+01
2.148794776430721498e+01
2.137099767047413934e+01
2.125485154899340046e+01
2.114105869273756255e+01
2.103096184892288179e+01
2.092567728044330977e+01
2.082608679904108229e+01
2.073284064861236331e+01
2.064636950641686752e+01
2.056690352599793314e+01
2.049449623117295260e+01
2.042905118442784485e+01
2.037034958548120045e+01
2.031807729869037971e+01
2.027185015061987983e+01
2.023123673950455625e+01
2.019577828003528808e+01
2.016500529864023150e+01
2.013845121580168396e+01
2.011566297175975748e+01
2.009620899846432351e+01
2.007968487538019531e+01
2.006571705950927509e+01
2.005396513506349621e+01
2.004412295361085583e+01
2.003591937883247809e+01
2.002911885382038903e+01
2.002352365626979491e+01
2.001897703205824186e+01
2.001537494416956520e+01
2.001267874005029768e+01
2.001097317971558454e+01
2.001046798937022686e+01
