1.999998373636100268e+01
1.999984358900045223e+01
2.000027657917665280e+01
2.000089361314818959e+01
2.000150234674626049e+01
2.000205665901371788e+01
2.000253927976634216e+01
2.000293793585879953e+01
2.000324109485262980e+01
2.000344260025111254e+01
2.000354400672487643e+01
2.000355434044093172e+01
2.000348789455462040e+01
2.000336146798039039e+01
2.000319192301195415e+01
2.000299449552202091e+01
2.000278188902930410e+01
2.000256400757974973e+01
2.000234810738101743e+01
2.000213917769890770e+01
2.000194039966256909e+01
2.000175359721639978e+01
2.000157962102554166e+01
2.000141865873161251e+01
2.000127046480595894e+01
2.000113452575363482e+01
2.000101017216023180e+01
2.000089665339322309e+01
2.000079318319114208e+01
2.000069896908691547e+01
2.000061322829497357e+01
2.000053519709390670e+01
2.000046413476539087e+01
2.000039932549451649e+01
2.000034007807950331e+01
2.000028572497700807e+01
2.000023562106731845e+01
2.000018914146688331e+01
2.000014567987728853e+01
2.000010464650373265e+01
2.000006546592737422e+01
2.000002757510230467e+01
1.999999042107610236e+01
1.999995345888446252e+01
1.999991614942755191e+01
1.999987795733775542e+01
1.999983834888765344e+01
1.999979678960943019e+01
1.999975274266353154e+01
1.999970566588315890e+01
1.999965501039999438e+01
1.999960021794522902e+01
1.999954071833530733e+01
1.999947592873179758e+01
1.999940524969741062e+01
1.999932806424648390e+01
1.999924373450583914e+01
1.999915160235688560e+01
1.999905098300911988e+01
1.999894116639278252e+01
1.999882141322886753e+01
1.999869095482591774e+01
1.999854898733334352e+01
1.999839467309485741e+01
1.999822713856487866e+01
1.999804547237890517e+01
1.999784872375400724e+01
1.999763591355687353e+01
1.999740603901367564e+01
1.999715809759231178e+01
1.999689114817760327e+01
1.999660441410140876e+01
1.999629747716452499e+01
1.999597065051194633e+01
1.999562544815488607e+01
1.999526542901695336e+01
1.999489672161422504e+01
1.999453033863930074e+01
1.999418471441742895e+01
1.999390201541764966e+01
1.999372480344027281e+01
