1.999952241343327231e+01
1.999945234518899184e+01
1.999998425432026394e+01
2.000061454652504267e+01
2.000112295863939949e+01
2.000143831314757392e+01
2.000157918099132459e+01
2.000160957650674476e+01
2.000160412997158943e+01
2.000163146414433868e+01
2.000174850570807195e+01
2.000200155902397015e+01
2.000243001428254530e+01
2.000307111360854506e+01
2.000396437673259697e+01
2.000515534110143534e+01
2.000669828022655494e+01
2.000865798946552587e+01
2.001111082173737898e+01
2.001414513480843382e+01
2.001786129855315011e+01
2.002237148066346251e+01
2.002779912958149566e+01
2.003427830024163114e+01
2.004195272598966682e+01
2.005097463919613077e+01
2.006150325986554250e+01
2.007370301465402918e+01
2.008774133278372886e+01
2.010378616325775525e+01
2.012200313713453781e+01
2.014255246415201484e+01
2.016558561155800788e+01
2.019124182714826787e+01
2.021964459715378482e+01
2.025089811506668624e+01
2.028508384668815623e+01
2.032225727287127270e+01
2.036244487806103720e+01
2.040564145533773655e+01
2.045180777318098819e+01
2.050086865328744068e+01
2.055271147987699720e+01
2.060718516678921119e+01
2.066409958153523974e+01
2.072322543748116885e+01
2.078429464285132866e+01
2.084700109962062342e+01
2.091100194941506274e+01
2.097591925567259352e+01
2.104134212498732026e+01
2.110682926781166913e+01
2.117191201290536640e+01
2.123609779198010017e+01
2.129887411216582649e+01
2.135971305145519139e+01
2.141807629781927957e+01
2.147342076370717123e+01
2.152520478442151841e+01
2.157289491252494784e+01
2.161597329028884928e+01
2.165394556376023516e+01
2.168634925656759904e+01
2.171276251216186637e+01
2.173281306058991902e+01
2.174618725212122072e+01
2.175263900163496444e+01
2.175199854114052300e+01
2.174418100598294146e+01
2.172919522866862252e+01
2.170715357470750817e+01
2.167828503699554688e+01
2.164295507756462555e+01
2.160170065954503471e+01
2.155529106781745696e+01
2.150484435841816833e+01
2.145202398534288335e+01
2.139942475587459114e+01
2.135117025611734931e+01
2.131416529300491902e+01
2.129923659656196833e+01
