2.000129489999828536e+01
2.000160393780079104e+01
2.000176324388074178e+01
2.000202847047837196e+01
2.000234256845640957e+01
2.000261006627843585e+01
2.000276082976388636e+01
2.000276072595220711e+01
2.000261440065002461e+01
2.000235258396548588e+01
2.000201785847348290e+01
2.000165330778726869e+01
2.000129650622898936e+01
2.000097746271800858e+01
2.000071903645777383e+01
2.000053837357804198e+01
2.000044865395653559e+01
2.000046075219072250e+01
2.000058473160684613e+01
2.000083113731587048e+01
2.000121216938918067e+01
2.000174267233262171e+01
2.000244103441138677e+01
2.000332993710101093e+01
2.000443698911060864e+01
2.000579522865887938e+01
2.000744352690052708e+01
2.000942686508532020e+01
2.001179653841517592e+01
2.001461024790253518e+01
2.001793211748451640e+01
2.002183261077928478e+01
2.002638835324730593e+01
2.003168184522886008e+01
2.003780105592390370e+01
2.004483888940597680e+01
2.005289250865104123e+01
2.006206251629409465e+01
2.007245198535711950e+01
2.008416534131100661e+01
2.009730710342832793e+01
2.011198049408710276e+01
2.012828593392606891e+01
2.014631944018868381e+01
2.016617095481733557e+01
2.018792262520062053e+01
2.021164706914347065e+01
2.023740565036080952e+01
2.026524679747118540e+01
2.029520438895670864e+01
2.032729623584074474e+01
2.036152268450446101e+01
2.039786535895821018e+01
2.043628606170953788e+01
2.047672584667558837e+01
2.051910427818890881e+01
2.056331887746632958e+01
2.060924476826701834e+01
2.065673452262268484e+01
2.070561820804701370e+01
2.075570364255613498e+01
2.080677685734779914e+01
2.085860277900729187e+01
2.091092614280990603e+01
2.096347265743707311e+01
2.101595045879921031e+01
2.106805191039545733e+01
2.111945580956968627e+01
2.116983013220731280e+01
2.121883542182204607e+01
2.126612900304035847e+01
2.131137001739365999e+01
2.135422526744493510e+01
2.139437451890783137e+01
2.143151362451450836e+01
2.146534648210690577e+01
2.149555737880246653e+01
2.152171852859095225e+01
2.154310724571540092e+01
2.155821316895654149e+01
2.156408481998369098e+01
