1.999954980930346338e+01
2.000068061472239123e+01
2.000153735885810491e+01
2.000214299393818251e+01
2.000254586783008648e+01
2.000281727560111733e+01
2.000298131678745150e+01
2.000303564627706976e+01
2.000297538311406242e+01
2.000280731636133069e+01
2.000255179237476710e+01
2.000223836881852435e+01
2.000189996806633630e+01
2.000156818287310756e+01
2.000127064974142144e+01
2.000103018160536905e+01
2.000086515070656290e+01
2.000079051785682793e+01
2.000081912820519747e+01
2.000096302427689210e+01
2.000123471272141273e+01
2.000164827288169178e+01
2.000222036966613359e+01
2.000297111712015408e+01
2.000392482307485054e+01
2.000511060072688352e+01
2.000656288068273980e+01
2.000832178521126181e+01
2.001043342388510737e+01
2.001295006660750175e+01
2.001593023824683470e+01
2.001943870555696137e+01
2.002354637285873906e+01
2.002833006809165184e+01
2.003387222019815894e+01
2.004026041503094291e+01
2.004758682205845943e+01
2.005594748417052386e+01
2.006544146829737940e+01
2.007616987241076245e+01
2.008823469555782282e+01
2.010173757542939654e+01
2.011677840611327639e+01
2.013345385326415382e+01
2.015185578426078195e+01
2.017206963874248515e+01
2.019417276392373140e+01
2.021823274200010800e+01
2.024430573560436741e+01
2.027243488276908678e+01
2.030264876388772421e+01
2.033495996684234086e+01
2.036936377164229839e+01
2.040583697603011970e+01
2.044433687278137057e+01
2.048480039920814377e+01
2.052714345832507448e+01
2.057126043402657345e+01
2.061702388270438391e+01
2.066428443166606499e+01
2.071287086473384065e+01
2.076259041210168732e+01
2.081322924335954383e+01
2.086455318903114531e+01
2.091630868413271216e+01
2.096822399130365611e+01
2.102001072269849757e+01
2.107136573789584943e+01
2.112197348038699118e+01
2.117150886106929875e+01
2.121964072837773330e+01
2.126603580482615286e+01
2.131036283008267418e+01
2.135229508039531865e+01
2.139150912236276980e+01
2.142766923021693160e+01
2.146038812079560287e+01
2.148911097442952922e+01
2.151289241662097140e+01
2.152980374449579060e+01
2.153617929946631193e+01
