1.999820539109034101e+01
1.999786527491811228e+01
1.999788547557255214e+01
1.999794819724031925e+01
1.999802234815101443e+01
1.999818070359217970e+01
1.999844366143107521e+01
1.999879803280323998e+01
1.999921150119055113e+01
1.999964734703175395e+01
2.000007092022205768e+01
2.000045380441492782e+01
2.000077596207191988e+01
2.000102647186690774e+01
2.000120307834195899e+01
2.000131088698752180e+01
2.000136071993415499e+01
2.000136745605749766e+01
2.000134861601963365e+01
2.000132322767145965e+01
2.000131107452462231e+01
2.000133217610516567e+01
2.000140658708616925e+01
2.000155436897722083e+01
2.000179576669486536e+01
2.000215151516108847e+01
2.000264328100608324e+01
2.000329414424736996e+01
2.000412916715206890e+01
2.000517593871067490e+01
2.000646512201429061e+01
2.000803094801782933e+01
2.000991165674502525e+01
2.001214985475649399e+01
2.001479278494005953e+01
2.001789250364889483e+01
2.002150595230472163e+01
2.002569492252039751e+01
2.003052591405155525e+01
2.003606987590728039e+01
2.004240183942002673e+01
2.004960043211224274e+01
2.005774728070294088e+01
2.006692630082523010e+01
2.007722288035437685e+01
2.008872295889490900e+01
2.010151201098104679e+01
2.011567394953581456e+01
2.013128995074088223e+01
2.014843722609245802e+01
2.016718774831145566e+01
2.018760695732417076e+01
2.020975245475958459e+01
2.023367271670882062e+01
2.025940583504088011e+01
2.028697831301774812e+01
2.031640392187860655e+01
2.034768264729718368e+01
2.038079973398320632e+01
2.041572483222407541e+01
2.045241127844438367e+01
2.049079549447482407e+01
2.053079652350383100e+01
2.057231572736899139e+01
2.061523658992753383e+01
2.065942470722378843e+01
2.070472786015478306e+01
2.075097620733896520e+01
2.079798244890291059e+01
2.084554178347989861e+01
2.089343119562028761e+01
2.094140710041638087e+01
2.098919967550195409e+01
2.103649953339055401e+01
2.108293107756177776e+01
2.112799447152183774e+01
2.117095977240980176e+01
2.121063876599662024e+01
2.124500482286883596e+01
2.127034525040285828e+01
2.128037216514348984e+01
