2.000112425846990405e+01
2.000125780770675377e+01
2.000065395984301020e+01
2.000007054673105955e+01
1.999972106309838438e+01
1.999954816671886704e+01
1.999944921625924721e+01
1.999936157647294266e+01
1.999927165248900351e+01
1.999919397280745059e+01
1.999914950299435290e+01
1.999915246258115786e+01
1.999920609903228907e+01
1.999930421309218787e+01
1.999943516934076371e+01
1.999958591421264842e+01
1.999974492278313676e+01
1.999990370649549121e+01
2.000005716810447964e+01
2.000020314006486544e+01
2.000034164081172250e+01
2.000047403268381530e+01
2.000060239741000956e+01
2.000072912982868090e+01
2.000085680962699897e+01
2.000098826015822695e+01
2.000112677982936660e+01
2.000127642062549427e+01
2.000144231794929794e+01
2.000163096968681486e+01
2.000185049080583610e+01
2.000211079907316503e+01
2.000242375485473545e+01
2.000280325151461724e+01
2.000326527823503397e+01
2.000382796543618014e+01
2.000451162479606637e+01
2.000533879645384161e+01
2.000633430680561275e+01
2.000752534019902740e+01
2.000894152429266981e+01
2.001061502173455864e+01
2.001258062672011206e+01
2.001487585048441531e+01
2.001754099394851849e+01
2.002061919206371954e+01
2.002415642317494715e+01
2.002820147232364434e+01
2.003280584243341522e+01
2.003802360461888910e+01
2.004391118392211624e+01
2.005052707566837711e+01
2.005793149113964802e+01
2.006618593199914358e+01
2.007535269632459674e+01
2.008549431555973896e+01
2.009667293230700480e+01
2.010894961985705720e+01
2.012238365479956670e+01
2.013703174654842343e+01
2.015294723374118036e+01
2.017017925494477382e+01
2.018877189422808627e+01
2.020876330723933023e+01
2.023018481428991677e+01
2.025305993213898503e+01
2.027740328860669905e+01
2.030321929955697868e+01
2.033050039612053084e+01
2.035922437621279357e+01
2.038935018931202237e+01
2.042081072703743061e+01
2.045350048809211430e+01
2.048725331674328487e+01
2.052180415864521734e+01
2.055671838811667129e+01
2.059127469821370937e+01
2.062424249994391801e+01
2.065353948606109569e+01
2.067552162747251643e+01
2.068427063827402890e+01
