1.999981702729451172e+01
2.000025220012615890e+01
2.000040548282928299e+01
2.000031607769745179e+01
2.000010373327211610e+01
1.999988939380565611e+01
1.999971900228229060e+01
1.999959408251902104e+01
1.999950096755115680e+01
1.999943142683277841e+01
1.999938635787998109e+01
1.999937170191613234e+01
1.999939275748420187e+01
1.999945067664920018e+01
1.999954178655896087e+01
1.999965884591522780e+01
1.999979309104185887e+01
1.999993611877878408e+01
2.000008116454557339e+01
2.000022364788210893e+01
2.000036117899991339e+01
2.000049317767347645e+01
2.000062041046641781e+01
2.000074453916914408e+01
2.000086782500020632e+01
2.000099298998666342e+01
2.000112324718669754e+01
2.000126243294301176e+01
2.000141524007398885e+01
2.000158745402888272e+01
2.000178620797066387e+01
2.000202019495737460e+01
2.000229985150632928e+01
2.000263749566932603e+01
2.000304743216087644e+01
2.000354603062125847e+01
2.000415178764177426e+01
2.000488538265544847e+01
2.000576973619495291e+01
2.000683007300400007e+01
2.000809399609848427e+01
2.000959156527029492e+01
2.001135538165785377e+01
2.001342066757395344e+01
2.001582533803150810e+01
2.001861005159925000e+01
2.002181823549594242e+01
2.002549607243445351e+01
2.002969244304330942e+01
2.003445881604434575e+01
2.003984907969531548e+01
2.004591931022411799e+01
2.005272747306846526e+01
2.006033305672832157e+01
2.006879663815386294e+01
2.007817938378631695e+01
2.008854248192187697e+01
2.009994652594025766e+01
2.011245083209729856e+01
2.012611272583349731e+01
2.014098677628478740e+01
2.015712400396616744e+01
2.017457105301250664e+01
2.019336934019130680e+01
2.021355415299619906e+01
2.023515368199599962e+01
2.025818792725937101e+01
2.028266734739076682e+01
2.030859104613930555e+01
2.033594408434046130e+01
2.036469319049669480e+01
2.039477952499860436e+01
2.042610632051518849e+01
2.045851684184294328e+01
2.049175667577368287e+01
2.052540483214298916e+01
2.055875961208628411e+01
2.059062317138260667e+01
2.061896797442904017e+01
2.064026496508657971e+01
2.064885830786079168e+01
