1.999873393521841081e+01
1.999771351270868891e+01
1.999701855138984641e+01
1.999646242016725495e+01
1.999589057860545438e+01
1.999531356639268509e+01
1.999481210483968496e+01
1.999445629715840056e+01
1.999427348404974936e+01
1.999425374558740032e+01
1.999436679639244829e+01
1.999457693525252466e+01
1.999485192840750614e+01
1.999516656762730449e+01
1.999550301543314035e+01
1.999584957176504574e+01
1.999619903570144785e+01
1.999654714459306959e+01
1.999689137164528674e+01
1.999723006784995505e+01
1.999756196684209186e+01
1.999788592102450124e+01
1.999820086265415497e+01
1.999850585453719987e+01
1.999880022361855580e+01
1.999908370065899987e+01
1.999935656201027001e+01
1.999961973571796392e+01
1.999987489617581460e+01
2.000012452814644348e+01
2.000037198625038926e+01
2.000062154780566814e+01
2.000087847685417586e+01
2.000114909834577759e+01
2.000144088483995830e+01
2.000176255788155544e+01
2.000212419728486068e+01
2.000253735548962197e+01
2.000301517465955925e+01
2.000357249901873047e+01
2.000422598412236042e+01
2.000499419821488800e+01
2.000589771705002917e+01
2.000695920959894636e+01
2.000820351672577857e+01
2.000965772047791802e+01
2.001135120369232823e+01
2.001331569698610835e+01
2.001558531178129741e+01
2.001819655430860934e+01
2.002118831897994511e+01
2.002460185212030197e+01
2.002848068420106742e+01
2.003287052791563383e+01
2.003781913144294791e+01
2.004337608908893387e+01
2.004959260110992503e+01
2.005652118526328920e+01
2.006421533159537063e+01
2.007272910859744997e+01
2.008211670649876623e+01
2.009243193694203100e+01
2.010372765930009464e+01
2.011605515137146227e+01
2.012946338797555512e+01
2.014399820990484002e+01
2.015970130720497622e+01
2.017660891185867200e+01
2.019474999603097132e+01
2.021414358339374573e+01
2.023479458416706578e+01
2.025668693818396449e+01
2.027977229970059270e+01
2.030395047342625503e+01
2.032903680992010109e+01
2.035470417809883514e+01
2.038038873936766393e+01
2.040511618313211528e+01
2.042723801447126419e+01
2.044390589809178138e+01
2.045056637562811375e+01
