2.000067733100560829e+01
1.999962875148069941e+01
1.999914211571052647e+01
1.999902358234579580e+01
1.999902351070031159e+01
1.999904165094074671e+01
1.999906123813059367e+01
1.999908692792899956e+01
1.999912484081871256e+01
1.999917791895801145e+01
1.999924726036893929e+01
1.999933335046100069e+01
1.999943671221403108e+01
1.999955779359786590e+01
1.999969652935330799e+01
1.999985183885697282e+01
2.000002127779751149e+01
2.000020093810125843e+01
2.000038560931032450e+01
2.000056914692886423e+01
2.000074496334379859e+01
2.000090654499367915e+01
2.000104792168016488e+01
2.000116403496508610e+01
2.000125098645392185e+01
2.000130616649489212e+01
2.000132828177395439e+01
2.000131730425867715e+01
2.000127436661009739e+01
2.000120162228818899e+01
2.000110208729172356e+01
2.000097947356088568e+01
2.000083802146274081e+01
2.000068233598189948e+01
2.000051723051893759e+01
2.000034758211242902e+01
2.000017820021475146e+01
2.000001371231983427e+01
1.999985846871471296e+01
1.999971646862038099e+01
1.999959130881300950e+01
1.999948615512001382e+01
1.999940373651478254e+01
1.999934636133099630e+01
1.999931595332157386e+01
1.999931410585175229e+01
1.999934215105916735e+01
1.999940124198235125e+01
1.999949244468040987e+01
1.999961683764444231e+01
1.999977561486650401e+01
1.999997019321384784e+01
2.000020231698123752e+01
2.000047416538779999e+01
2.000078845320368970e+01
2.000114853036068396e+01
2.000155847578718493e+01
2.000202318758974940e+01
2.000254846502487638e+01
2.000314108400833035e+01
2.000380886772224898e+01
2.000456074600509737e+01
2.000540680054093201e+01
2.000635830051913899e+01
2.000742770319897801e+01
2.000862863542312198e+01
2.000997580833472966e+01
2.001148486043862462e+01
2.001317206771145507e+01
2.001505385699118378e+01
2.001714600021159995e+01
2.001946230031369822e+01
2.002201248088141838e+01
2.002479873947806865e+01
2.002781021839073716e+01
2.003101382064171787e+01
2.003433939684939347e+01
2.003765413376276427e+01
2.004072144292321056e+01
2.004312458294614530e+01
2.004416416378808208e+01
