2.000018270017752897e+01
2.000008156741334986e+01
2.000025326903501011e+01
2.000061663432896708e+01
2.000106478220912010e+01
2.000152947643385204e+01
2.000197626842242471e+01
2.000238815795237812e+01
2.000275195606765166e+01
2.000305614383935904e+01
2.000329344304069323e+01
2.000346328109180050e+01
2.000357181542955232e+01
2.000362991997834783e+01
2.000365031285344841e+01
2.000364494716812658e+01
2.000362325970806410e+01
2.000359142029740767e+01
2.000355241797771555e+01
2.000350669160561168e+01
2.000345300356916312e+01
2.000338932835515493e+01
2.000331359715384494e+01
2.000322423307857633e+01
2.000312045819936202e+01
2.000300240342077984e+01
2.000287106211282051e+01
2.000272814425894552e+01
2.000257587397838677e+01
2.000241677353756131e+01
2.000225345946795130e+01
2.000208847046401672e+01
2.000192413498161770e+01
2.000176248091880282e+01
2.000160518417005306e+01
2.000145355005404113e+01
2.000130852061967701e+01
2.000117070022783139e+01
2.000104039243570853e+01
2.000091764302841568e+01
2.000080228410636707e+01
2.000069397681470207e+01
2.000059224978696193e+01
2.000049653346743384e+01
2.000040618829905625e+01
2.000032052853450892e+01
2.000023884063561752e+01
2.000016039805304757e+01
2.000008447224882602e+01
2.000001034048187520e+01
1.999993729234387274e+01
1.999986463372115253e+01
1.999979168919657724e+01
1.999971780480553463e+01
1.999964234881827352e+01
1.999956471358783716e+01
1.999948431491381839e+01
1.999940059428404027e+01
1.999931301860702249e+01
1.999922108112260943e+01
1.999912430184118506e+01
1.999902223020806247e+01
1.999891444346898339e+01
1.999880055170486415e+01
1.999868019828290855e+01
1.999855306329467197e+01
1.999841886588213313e+01
1.999827737198372546e+01
1.999812839621339933e+01
1.999797180754106307e+01
1.999780753878683015e+01
1.999763559602592267e+01
1.999745608406896480e+01
1.999726927980930924e+01
1.999707578989266210e+01
1.999687706496236572e+01
1.999667617495821403e+01
1.999648039576879910e+01
1.999630315097185118e+01
1.999616744967480386e+01
1.999604998389258981e+01
