1.999963389889846610e+01
1.999867164142077058e+01
1.999901159241626303e+01
1.999956774718152275e+01
1.999998953243859035e+01
2.000026830511534470e+01
2.000043393933544777e+01
2.000051539010250679e+01
2.000052779220942867e+01
2.000048062225957679e+01
2.000038199331439159e+01
2.000024158741686975e+01
2.000007119100962427e+01
1.999988417985673550e+01
1.999969436884773089e+01
1.999951475153665470e+01
1.999935640710412343e+01
1.999922776388934054e+01
1.999913427636489160e+01
1.999907848451471537e+01
1.999906035811306992e+01
1.999907781206119850e+01
1.999912727531697954e+01
1.999920423042148343e+01
1.999930366756120037e+01
1.999942043087078147e+01
1.999954945811804308e+01
1.999968593192268074e+01
1.999982536517708809e+01
1.999996364642768043e+01
2.000009706413004906e+01
2.000022232335791017e+01
2.000033656449926411e+01
2.000043738561861772e+01
2.000052286728784878e+01
2.000059159766196970e+01
2.000064269272408524e+01
2.000067580769423259e+01
2.000069113786078745e+01
2.000068940628488079e+01
2.000067183776147317e+01
2.000064011983973700e+01
2.000059635278506676e+01
2.000054299091814158e+01
2.000048277765849392e+01
2.000041867924167249e+01
2.000035381629825793e+01
2.000029140112065207e+01
2.000023467883220363e+01
2.000018687720909583e+01
2.000015116788343406e+01
2.000013063321917528e+01
2.000012825094873747e+01
2.000014688677897112e+01
2.000018930167800946e+01
2.000025816901617404e+01
2.000035609959354233e+01
2.000048568864519183e+01
2.000064955112178922e+01
2.000085038650053448e+01
2.000109103131651977e+01
2.000137452344231903e+01
2.000170416460567324e+01
2.000208358994290947e+01
2.000251680147308875e+01
2.000300823089026991e+01
2.000356274104466792e+01
2.000418561575889953e+01
2.000488247740945624e+01
2.000565911179541345e+01
2.000652115918549967e+01
2.000747359467935738e+01
2.000851979468534481e+01
2.000966010241484483e+01
2.001088937370570520e+01
2.001219298837541416e+01
2.001353999088924951e+01
2.001487280629154952e+01
2.001609107489774786e+01
2.001703772879401910e+01
2.001746927760541439e+01
