1.999933064476365274e+01
1.999949225714074785e+01
1.999971775594998746e+01
2.000008510326700772e+01
2.000054518930645742e+01
2.000103710131368473e+01
2.000152033847292543e+01
2.000197158874609116e+01
2.000237545926074745e+01
2.000272027243804729e+01
2.000299861214866937e+01
2.000320892174276466e+01
2.000335580234123967e+01
2.000344861036266764e+01
2.000349906946874512e+01
2.000351883994656177e+01
2.000351769423204829e+01
2.000350255543343181e+01
2.000347734168373037e+01
2.000344339820340167e+01
2.000340023879467211e+01
2.000334637594336229e+01
2.000328005974549939e+01
2.000319984635393311e+01
2.000310495430395363e+01
2.000299542841118949e+01
2.000287214085323484e+01
2.000273668394682502e+01
2.000259119233035321e+01
2.000243814206037740e+01
2.000228015136566384e+01
2.000211980731364037e+01
2.000195952689017176e+01
2.000180145837895651e+01
2.000164742094512960e+01
2.000149887748638378e+01
2.000135693488638111e+01
2.000122236383273844e+01
2.000109563198708784e+01
2.000097694467869047e+01
2.000086628794415589e+01
2.000076347134505994e+01
2.000066816717896145e+01
2.000057994596793165e+01
2.000049830634197789e+01
2.000042270022923674e+01
2.000035255310461935e+01
2.000028727995078626e+01
2.000022629782836958e+01
2.000016903499644272e+01
2.000011493807678775e+01
2.000006347703524057e+01
2.000001414873564443e+01
1.999996647965094709e+01
1.999992002774401101e+01
1.999987438424290076e+01
1.999982917406239835e+01
1.999978405766867695e+01
1.999973873165201965e+01
1.999969292941607080e+01
1.999964642275144655e+01
1.999959902286027358e+01
1.999955058154749565e+01
1.999950099385766222e+01
1.999945019991441342e+01
1.999939818830941007e+01
1.999934499875246274e+01
1.999929072850568801e+01
1.999923553512016383e+01
1.999917964411168825e+01
1.999912335406038011e+01
1.999906705649890881e+01
1.999901125215830433e+01
1.999895666297415886e+01
1.999890434773351444e+01
1.999885636167681113e+01
1.999881627301143894e+01
1.999879228375578677e+01
1.999879780023056242e+01
1.999886642444916163e+01
1.999905072606634349e+01
