1.999919938543143161e+01
2.000118036826301449e+01
2.000164566759334761e+01
2.000144641360471098e+01
2.000110134975489373e+01
2.000082274388669745e+01
2.000064112311144626e+01
2.000051359773537385e+01
2.000038528089601186e+01
2.000021589148553147e+01
1.999998677585629281e+01
1.999969874568539652e+01
1.999936624448109157e+01
1.999901086140984319e+01
1.999865574986625560e+01
1.999832164447884963e+01
1.999802456993679911e+01
1.999777499510018330e+01
1.999757803355242203e+01
1.999743427740153123e+01
1.999734091215357523e+01
1.999729286625549562e+01
1.999728383024334732e+01
1.999730707464141233e+01
1.999735604124687072e+01
1.999742472786272884e+01
1.999750789806318352e+01
1.999760116173445113e+01
1.999770096337826786e+01
1.999780451721376195e+01
1.999790971265894157e+01
1.999801501260375147e+01
1.999811935490859938e+01
1.999822206430988558e+01
1.999832277650072854e+01
1.999842137381871154e+01
1.999851793053270299e+01
1.999861266500870727e+01
1.999870589661340858e+01
1.999879800612012559e+01
1.999888939849155278e+01
1.999898046875281210e+01
1.999907157138352787e+01
1.999916299451149015e+01
1.999925493990162195e+01
1.999934750996969512e+01
1.999944070249575745e+01
1.999953441293454759e+01
1.999962844456407396e+01
1.999972252539215845e+01
1.999981633101137746e+01
1.999990951234056169e+01
2.000000172624306316e+01
2.000009266810556952e+01
2.000018210480695302e+01
2.000026990616610334e+01
2.000035607536194604e+01
2.000044077453759073e+01
2.000052434850157113e+01
2.000060734297414911e+01
2.000069051898714179e+01
2.000077486274917504e+01
2.000086159221657311e+01
2.000095215645372448e+01
2.000104823436587864e+01
2.000115172835420552e+01
2.000126475347585497e+01
2.000138962055690683e+01
2.000152881052105869e+01
2.000168493312618878e+01
2.000186065699229587e+01
2.000205859049501456e+01
2.000228106975509235e+01
2.000252982944232727e+01
2.000280539457042650e+01
2.000310621441417780e+01
2.000342655797797065e+01
2.000375324163853463e+01
2.000405554924699913e+01
2.000427366391286199e+01
2.000426144164521247e+01
