1.999875970286737825e+01
1.999850874461430550e+01
1.999903672852008185e+01
1.999984624122568633e+01
2.000072740523722103e+01
2.000164453959270361e+01
2.000257091465807235e+01
2.000346660889449169e+01
2.000428341662700760e+01
2.000497899450292039e+01
2.000552489771863307e+01
2.000590866531579692e+01
2.000613160685887237e+01
2.000620484802297128e+01
2.000614531419863695e+01
2.000597250627332713e+01
2.000570628804122109e+01
2.000536556975999503e+01
2.000496764623820312e+01
2.000452795698724628e+01
2.000406008259227164e+01
2.000357585642578684e+01
2.000308551792872080e+01
2.000259787276441870e+01
2.000212044086112684e+01
2.000165958419168177e+01
2.000122061168562126e+01
2.000080786345953143e+01
2.000042477490155690e+01
2.000007392841721909e+01
1.999975709796689216e+01
1.999947529387062062e+01
1.999922881383776030e+01
1.999901730478687867e+01
1.999883983613482386e+01
1.999869498578222959e+01
1.999858093515265622e+01
1.999849556927363281e+01
1.999843657784147410e+01
1.999840155184942248e+01
1.999838807200520208e+01
1.999839378553373237e+01
1.999841646912069848e+01
1.999845407811828935e+01
1.999850477901232182e+01
1.999856697134071126e+01
1.999863929474260260e+01
1.999872062812166362e+01
1.999881007942772015e+01
1.999890697098002335e+01
1.999901082014188702e+01
1.999912131931227677e+01
1.999923831353392245e+01
1.999936178293537381e+01
1.999949182188428765e+01
1.999962862698004784e+01
1.999977248115975570e+01
1.999992375159448699e+01
2.000008287912036309e+01
2.000025038041973247e+01
2.000042684999309373e+01
2.000061296748258499e+01
2.000080950224804610e+01
2.000101732702232837e+01
2.000123743022383849e+01
2.000147092636238000e+01
2.000171906960009593e+01
2.000198326748336797e+01
2.000226508478643339e+01
2.000256625197028626e+01
2.000288865180232634e+01
2.000323430632500177e+01
2.000360532063204744e+01
2.000400380199767270e+01
2.000443172169421757e+01
2.000489067583728087e+01
2.000538118953574340e+01
2.000590033387731381e+01
2.000643290797283314e+01
2.000692327700410189e+01
2.000718910153955221e+01
