6.076920210108706755e+00
5.975044828495652105e+00
5.873060617338132339e+00
5.770958262009568962e+00
5.668728556399597274e+00
5.566361271751127049e+00
5.463845071520021079e+00
5.361167266903357209e+00
5.258313469112021465e+00
5.155266978627849994e+00
5.052008119616901993e+00
4.948513243721519572e+00
4.844754181077357558e+00
4.740697209404665990e+00
4.636303432911120126e+00
4.531527621094509684e+00
4.426320185088918890e+00
4.320624627177479304e+00
4.214382081356814247e+00
4.107524621523522157e+00
4.000000000000000000e+00
