6.074786898048937900e+00
5.972909088741205963e+00
5.870922263829214671e+00
5.768816579134693256e+00
5.666582574832383479e+00
5.564209832890595564e+00
5.461686975992087412e+00
5.359001492015475598e+00
5.256139559223605318e+00
5.153085795425788262e+00
5.049823086506471270e+00
4.946332244870386141e+00
4.842591854933272266e+00
4.738577721907823559e+00
4.634262778550475304e+00
4.529616122508212328e+00
4.424603131156112035e+00
4.319183704161352999e+00
4.213312928143997382e+00
4.106937758320900578e+00
4.000000000000000000e+00
