6.074978101661034025e+00
5.972962667522699221e+00
5.870933885111780270e+00
5.768817220559181891e+00
5.666580265178458475e+00
5.564206912149114004e+00
5.461684107686515688e+00
5.358998836530672882e+00
5.256137118575301415e+00
5.153083524926225678e+00
5.049820939065086556e+00
4.946330176990818117e+00
4.842589842695599778e+00
4.738575734586951249e+00
4.634260823255240247e+00
4.529614153292230938e+00
4.424601213775395614e+00
4.319181703988866694e+00
4.213311085200387218e+00
4.106935626422516528e+00
4.000000000000000000e+00
