2.000000000220765983e+01
1.999967231640783893e+01
2.015132528772167930e+01
2.046218970738448562e+01
2.088534195948419736e+01
2.130283713959150305e+01
2.159392034288822160e+01
2.168909193820684322e+01
2.158945357038071933e+01
2.135383357124115022e+01
2.106016444408630761e+01
2.077561678492554265e+01
2.053567104908600172e+01
2.035505132798625638e+01
2.022509421157517906e+01
2.014118923929694915e+01
2.008284173059848499e+01
2.005244097681237037e+01
2.002597325731010969e+01
2.002088363840043073e+01
2.000176132036540366e+01
