2.000000000027677061e+01
1.998936612471004892e+01
1.998888037879819635e+01
1.998758108899314578e+01
1.998621184601677214e+01
1.998493026765299518e+01
1.998401773980367224e+01
1.998432591910425415e+01
1.998717783687582639e+01
1.999558867730159406e+01
2.001244398354056386e+01
2.004306824818891286e+01
2.008906768705252333e+01
2.015596184562636140e+01
2.023868772177370090e+01
2.034280124163013070e+01
2.045191653889342831e+01
2.057733364371958373e+01
2.068672368539663964e+01
2.080920442493408018e+01
2.084751979945326639e+01
