1.999999999935237582e+01
1.998725042315601641e+01
1.998794398818711215e+01
1.998793534535870009e+01
1.998792308382095584e+01
1.998795777387596573e+01
1.998790946963383064e+01
1.998798028806893612e+01
1.998787322023957458e+01
1.998802682185255009e+01
1.998780434200201128e+01
1.998813147291527059e+01
1.998768246339037091e+01
1.998835544093144634e+01
1.998746851781574563e+01
1.998880197466546349e+01
1.998708579416616260e+01
1.998963249229901606e+01
1.998638592317355389e+01
1.999108910465495725e+01
1.998222497504320927e+01
