1.999999999923615590e+01
2.036830385481142969e+01
2.115446642241819220e+01
2.199612911879852462e+01
2.243251549657435717e+01
2.227255478141608336e+01
2.169729962986126637e+01
2.104997148940191209e+01
2.055788499935550462e+01
2.026245005322426707e+01
2.011142321767519192e+01
2.004254291774585894e+01
2.001417740465049988e+01
2.000368519145074941e+01
1.999984278385112191e+01
1.999998772458248908e+01
1.999809906339960719e+01
2.000164326792985037e+01
1.999633933939400166e+01
2.000491578709945628e+01
1.998669661994972557e+01
