1.999999999996013145e+01
2.024531010549630139e+01
2.090349457488199647e+01
2.172192849500572009e+01
2.228877061619592581e+01
2.233077389035317140e+01
2.189674814205490705e+01
2.127297247576252559e+01
2.072848046077109530e+01
2.036688752650563927e+01
2.016644384165289949e+01
2.006865563667538055e+01
2.002529255031375399e+01
2.000827516882177193e+01
2.000113999501024509e+01
2.000071338134376120e+01
1.999777696226747636e+01
2.000196300669605165e+01
1.999592377400031395e+01
2.000508649636397962e+01
1.998692619502617163e+01
