2.000000000105122666e+01
1.997432363996909288e+01
2.007984075936811763e+01
2.036802097119806376e+01
2.084805165764188573e+01
2.140514700113595126e+01
2.185565085014616216e+01
2.203833370223152599e+01
2.189776001566518460e+01
2.151810654644718568e+01
2.105952366427668210e+01
2.065921273257811208e+01
2.037173834826006313e+01
2.019500836765982754e+01
2.009370931625259971e+01
2.004458065015650803e+01
2.001653506428395701e+01
2.000956489507365887e+01
1.999903750746150166e+01
2.000487026692237080e+01
1.998981332436051161e+01
