2.000000000193919547e+01
1.997756019296176433e+01
1.997664037690497096e+01
1.998367568615297429e+01
2.002466821032765765e+01
2.013588855088324792e+01
2.034443939417309011e+01
2.064762852950585881e+01
2.100504675529931831e+01
2.135072561585220186e+01
2.160875536453012202e+01
2.171996412777519581e+01
2.165809660787417457e+01
2.144984409494454525e+01
2.115399612789473949e+01
2.084694261638770030e+01
2.057544186272808773e+01
2.037086206910087682e+01
2.022323332087570336e+01
2.013313845111459699e+01
2.008644469371984087e+01
