6.078331264772938169e+00
5.976442481688294173e+00
5.874396938715221950e+00
5.772146973294660199e+00
5.669653224778586242e+00
5.566899822572981549e+00
5.463903537974421631e+00
5.360707597102996935e+00
5.257361869773879093e+00
5.153900311757302788e+00
5.050328251172899741e+00
4.946623746984530889e+00
4.842747500039542352e+00
4.738653238140751789e+00
4.634294111889560419e+00
4.529624797559659299e+00
4.424600830226141923e+00
4.319176759336913918e+00
4.213304013261885750e+00
4.106929599220579874e+00
4.000000000000000000e+00
