6.077406707804997588e+00
5.975531331426923387e+00
5.873546885023483100e+00
5.771444044841334886e+00
5.669213427071913003e+00
5.566844435852778439e+00
5.464325112456995370e+00
5.361641825095787794e+00
5.258778902361193275e+00
5.155718203810275568e+00
5.052438644075427199e+00
4.948915695742362786e+00
4.845120901929646173e+00
4.741021430387118762e+00
4.636579689050441822e+00
4.531753020189697168e+00
4.426493445615846234e+00
4.320747484303621988e+00
4.214456058591860454e+00
4.107555983622284579e+00
4.000000000000000000e+00
