6.075005400061776584e+00
5.973127554395580852e+00
5.871140459952858492e+00
5.769034683827314325e+00
5.666800963025218074e+00
5.564428998635396084e+00
5.461907435921031784e+00
5.359223709943864655e+00
5.256363874430575400e+00
5.153312394948477149e+00
5.050051900096951485e+00
4.946562881487962748e+00
4.842823331618432370e+00
4.738808307900196581e+00
4.634489406637301023e+00
4.529834136030181924e+00
4.424805155536768453e+00
4.319359409529901939e+00
4.213447164925554489e+00
4.107012090300417917e+00
4.000000000000000000e+00
