6.074787343033873910e+00
5.972909271336244608e+00
5.870921831194182872e+00
5.768815400684681016e+00
5.666580603484788092e+00
5.564207095821515736e+00
5.461683562414320292e+00
5.358997535574576254e+00
5.256135194426494017e+00
5.153081155208937503e+00
5.049818254266869921e+00
4.946327306776845845e+00
4.842586822492846999e+00
4.738572664975305493e+00
4.634257641398290772e+00
4.529611012987757590e+00
4.424597898793747319e+00
4.319178576972036332e+00
4.213307632785157075e+00
4.106933368544376073e+00
4.000000000000000000e+00
