6.074742418339061700e+00
5.972864348755549280e+00
5.870877080547656668e+00
5.768771139060569375e+00
5.666537262741022651e+00
5.564165149120628762e+00
5.461643443628018346e+00
5.358959593496905427e+00
5.256099691715236055e+00
5.153048293895092336e+00
5.049788204459268570e+00
4.946300225675596351e+00
4.842562861447995637e+00
4.738551966308776286e+00
4.634240325755140333e+00
4.529597155761564409e+00
4.424587491872357781e+00
4.319171472450168636e+00
4.213303469460309536e+00
4.106931534475216417e+00
4.000000000000000000e+00
