1.999999999981964294e+01
1.998807943338596260e+01
2.000538901004951242e+01
2.003913074845748454e+01
2.010038991022314647e+01
2.019725803591747493e+01
2.033383805308321968e+01
2.050728817232851497e+01
2.070654674793889427e+01
2.091303444213219365e+01
2.110326372994917321e+01
2.125283680470952064e+01
2.134111984369834047e+01
2.135570723272981297e+01
2.129553050816967286e+01
2.117143013218259640e+01
2.100352707163100519e+01
2.081612974200639243e+01
2.063216924853434620e+01
2.047307482695552139e+01
2.040061820319715480e+01
