1.999999999882281543e+01
1.998992664554626941e+01
1.999103106982474642e+01
1.999114256240922316e+01
1.999133024274796711e+01
1.999150032998706195e+01
1.999167789910759652e+01
1.999189546936279172e+01
1.999221746773620012e+01
1.999275055004870438e+01
1.999365515822919903e+01
1.999515497800154051e+01
1.999754514293103824e+01
2.000119121232370745e+01
2.000653500691992548e+01
2.001405648376145052e+01
2.002431383104634222e+01
2.003771340875108820e+01
2.005448903248738901e+01
2.007154654149712769e+01
2.006626616328912860e+01
