1.999999999930492933e+01
1.998945408774148547e+01
1.999044807518385980e+01
1.999041564998084652e+01
1.999046896869606726e+01
1.999051453844357340e+01
1.999056823165749819e+01
1.999063142528472881e+01
1.999070558365298567e+01
1.999079150154478768e+01
1.999088999490817287e+01
1.999100216476396241e+01
1.999113102752924220e+01
1.999128000681725226e+01
1.999146103592875434e+01
1.999167707386600057e+01
1.999196914717886742e+01
1.999228786797382540e+01
1.999262040060278878e+01
1.999145602693364054e+01
1.997911032842466739e+01
