1.999999999936045469e+01
1.998943907168352041e+01
1.999042202780523780e+01
1.999037203354890480e+01
1.999040069295809019e+01
1.999041331191671844e+01
1.999042493394610531e+01
1.999043648418264496e+01
1.999044936184262511e+01
1.999046455430266533e+01
1.999048302565223523e+01
1.999050547518240961e+01
1.999053322197590887e+01
1.999056576295237164e+01
1.999060764255536427e+01
1.999064992066972835e+01
1.999071556997881416e+01
1.999073234368251661e+01
1.999066394323235940e+01
1.998902787264893988e+01
1.997649792511901978e+01
