2.458333333145404609e+01
2.276437064355705786e+01
2.142859634306076799e+01
2.060889013955762650e+01
2.021215005962636724e+01
2.005851756250293505e+01
2.001065926781063453e+01
1.999891546365128292e+01
1.999715947964836005e+01
1.999763956164249734e+01
1.999841004619308649e+01
1.999904286831922207e+01
1.999947975506776388e+01
1.999974994350442259e+01
1.999990897838130621e+01
1.999998510282285835e+01
2.000004845413389987e+01
1.999999684097091190e+01
1.999975213733743473e+01
1.999668208526471247e+01
1.997684853986538656e+01
