1.999999994330137199e+01
1.999815660740581080e+01
1.999828887583435844e+01
1.999828260436943594e+01
1.999828488317398012e+01
1.999828562012984889e+01
1.999828619720625156e+01
1.999828672308601440e+01
1.999828731971834017e+01
1.999828808518302381e+01
1.999828912169795458e+01
1.999829054431248210e+01
1.999829248537599824e+01
1.999829509621062584e+01
1.999829854628621106e+01
1.999830302058707332e+01
1.999830871403173305e+01
1.999831582541514052e+01
1.999832454605667209e+01
1.999833505391799093e+01
1.999834749207431628e+01
1.999836197650151703e+01
1.999837854322390385e+01
1.999839721945427229e+01
1.999841784880752726e+01
1.999844041353167867e+01
1.999846437797929610e+01
1.999848997136243867e+01
1.999851568300294602e+01
1.999854313809232664e+01
1.999856772178297604e+01
1.999859657335328222e+01
1.999861440263693169e+01
1.999864813767520033e+01
1.999864566701103996e+01
1.999870193308304422e+01
1.999864047630692099e+01
1.999878290228415523e+01
1.999854374744787222e+01
1.999894998699468474e+01
1.999726159930833091e+01
