6.074802814436384146e+00
6.023876886856188051e+00
5.972924499230527040e+00
5.921944589591098485e+00
5.870936126592730453e+00
5.819898021565197865e+00
5.768829134243877554e+00
5.717728268803782044e+00
5.666594170682100362e+00
5.615425523021646548e+00
5.564220942861387798e+00
5.512978977037338524e+00
5.461698097770164573e+00
5.410376697910069588e+00
5.359013085806115129e+00
5.307605479763100043e+00
5.256152002044762739e+00
5.204650672377180598e+00
5.153099400900824634e+00
5.101495980513693240e+00
5.049838078541243114e+00
4.998123227661423584e+00
4.946348816004872084e+00
4.894512076341208662e+00
4.842610074252229779e+00
4.790639695181510227e+00
4.738597630237308067e+00
4.686480360611513518e+00
4.634284140461356394e+00
4.582004978082585112e+00
4.529638615181815986e+00
4.477180504034457442e+00
4.424625782283426290e+00
4.371969245143083604e+00
4.319205314677724061e+00
4.266328006429461972e+00
4.213330892778536452e+00
4.160207072627459368e+00
4.106949147053260418e+00
4.053549367662721892e+00
4.000000000000000000e+00
