2.000000000235893793e+01
1.999877936752426777e+01
2.000171624738919363e+01
2.000664719472009168e+01
2.001491063688719052e+01
2.002768380535377446e+01
2.004624990831243991e+01
2.007183986673092235e+01
2.010550120454904999e+01
2.014796630298398483e+01
2.019954442960263563e+01
2.026005111913508117e+01
2.032878232337456481e+01
2.040453367624927239e+01
2.048565955337296174e+01
2.057016299744235965e+01
2.065580606832611466e+01
2.074023030727488148e+01
2.082107814869074147e+01
2.089610769476714935e+01
2.096329489235816723e+01
2.102091862613179529e+01
2.106762553950218475e+01
2.110247258137190229e+01
2.112494644187050952e+01
2.113496024221849723e+01
2.113282907899238339e+01
2.111922722243914308e+01
2.109513081368715959e+01
2.106175067333899875e+01
2.102046019098132490e+01
2.097272326263774289e+01
2.092002653381502597e+01
2.086382037582588467e+01
2.080546922953141475e+01
2.074622579040994808e+01
2.068720987886041840e+01
2.062959741785302370e+01
2.057491430525239551e+01
2.052893461597720659e+01
2.051072349002788542e+01
