6.075016144285569908e+00
5.973137004242800252e+00
5.871147455549929006e+00
5.769038731629311911e+00
5.666801635576164564e+00
5.564426035192750142e+00
5.461900755143623165e+00
5.359213355334992102e+00
5.256350042911095422e+00
5.153295268759613634e+00
5.050031637200827817e+00
4.946539283289280498e+00
4.842795892540613600e+00
4.738775937828417995e+00
4.634450949462409319e+00
4.529788602899380123e+00
4.424753209805943222e+00
4.319304422782899167e+00
4.213397691499286779e+00
4.106982159812946342e+00
4.000000000000000000e+00
