6.078403355235221461e+00
5.976534679867798516e+00
5.874558361639403259e+00
5.772430550526578941e+00
5.670077683626311149e+00
5.567412805491132488e+00
5.464385964531810913e+00
5.361027980033910900e+00
5.257461506135353346e+00
5.153825994378034459e+00
5.050180218990938386e+00
4.946481676494675739e+00
4.842645316722403948e+00
4.738592521936262791e+00
4.634264276236912394e+00
4.529614258622953749e+00
4.424601204781230201e+00
4.319182654755068462e+00
4.213312586418846983e+00
4.106938213934826720e+00
4.000000000000000000e+00
