2.000000000112266463e+01
2.001110292461101636e+01
2.000264253031214778e+01
2.000855431529177508e+01
1.999973927632199278e+01
2.000595699818012463e+01
1.999971527705339369e+01
2.001017036732181609e+01
2.001075402302260287e+01
2.002805006484788919e+01
2.003523621696232482e+01
2.005510658198695140e+01
2.006104089684711766e+01
2.007310240513314170e+01
2.006735108759513864e+01
2.006372716479567231e+01
2.004344102983562337e+01
2.002738835150826091e+01
2.000117608717431494e+01
1.998429785687264371e+01
1.996849577363900607e+01
