6.077644015741547889e+00
6.026708492884974788e+00
5.975709250982744081e+00
5.924617546750298835e+00
5.873415612033859645e+00
5.822102127316802544e+00
5.770691485204786808e+00
5.719211585581284396e+00
5.667699188818889233e+00
5.616190577572054643e+00
5.564710455241399956e+00
5.513265853788273496e+00
5.461848416520541427e+00
5.410441740404661637e+00
5.359028299336189960e+00
5.307593252911957826e+00
5.256125464370857259e+00
5.204617039908050025e+00
5.153062409182393999e+00
5.101457455473696001e+00
5.049798863829634499e+00
4.998083692655693078e+00
4.946309116685473128e+00
4.894472282311435052e+00
4.842570228527586451e+00
4.790599842536011010e+00
4.738557831914635088e+00
4.686440703732457358e+00
4.634244745954081424e+00
4.581966008702815785e+00
4.529600284915724195e+00
4.477143088307551366e+00
4.424589631934241929e+00
4.371934798445582970e+00
4.319173121058001108e+00
4.266298732289477869e+00
4.213305371522168663e+00
4.160186258741966014e+00
4.106934229406720149e+00
4.053541346808852808e+00
4.000000000000000000e+00
