6.078309190342079837e+00
6.027385065726478253e+00
5.976434536387965402e+00
5.925456597337751319e+00
5.874450223695168560e+00
5.823414334521244129e+00
5.772347791460426869e+00
5.721249396247370278e+00
5.670117889189332239e+00
5.618951947739447839e+00
5.567750184507252342e+00
5.516511144249038878e+00
5.465233299603970529e+00
5.413915045418423055e+00
5.362554691361144599e+00
5.311150452173723835e+00
5.259700434368203226e+00
5.208202617564096748e+00
5.156654828089509479e+00
5.105054702171868186e+00
5.053399636268114392e+00
5.001686723092572784e+00
4.949912673789588879e+00
4.898073729325220782e+00
4.846165567080652714e+00
4.794183210922904337e+00
4.742120954450045112e+00
4.689972305728744573e+00
4.637729961457043082e+00
4.585385810621899871e+00
4.532930974602390251e+00
4.480355865139469707e+00
4.427650290257428622e+00
4.374803532859785626e+00
4.321804548818346525e+00
4.268641982713494265e+00
4.215304608835362288e+00
4.161781011510671036e+00
4.108060816812251659e+00
4.054133253198044962e+00
4.000000000000000000e+00
