6.077551777876152528e+00
6.026627252194320938e+00
5.975676291690940722e+00
5.924697892934562837e+00
5.873691032528966183e+00
5.822654633620711451e+00
5.771587563368346885e+00
5.720488628888530158e+00
5.669356574287345296e+00
5.618190078392013120e+00
5.566987752706263670e+00
5.515748139013889606e+00
5.464469706155469453e+00
5.413150845655704479e+00
5.361789865956031242e+00
5.310384984924917617e+00
5.258934320050573596e+00
5.207435875290951088e+00
5.155887523035437070e+00
5.104286979134630364e+00
5.052631768666978829e+00
5.000919180213010407e+00
4.949146207186997160e+00
4.897309476156073593e+00
4.845405164397589282e+00
4.793428910929369735e+00
4.741375728390182509e+00
4.689239922360369128e+00
4.637015029058601634e+00
4.584693771578258747e+00
4.532268051474610537e+00
4.479728950027866752e+00
4.427066791297256998e+00
4.374271156085271173e+00
4.321331056814786464e+00
4.268234852903725063e+00
4.214970715658495237e+00
4.161526093741207077e+00
4.107889119138629752e+00
4.054046705678969964e+00
4.000000000000000000e+00
