6.074757559472183210e+00
6.023831616985463988e+00
5.972879229899034748e+00
5.921899322293310952e+00
5.870890861674603833e+00
5.819852759655300467e+00
5.768783875934949457e+00
5.717683014701147037e+00
5.666548921369603420e+00
5.615380279021909615e+00
5.564175704583757209e+00
5.512933744719902052e+00
5.461652871424321098e+00
5.410331477281099311e+00
5.358967870369009567e+00
5.307560268779908164e+00
5.256106794717857689e+00
5.204605468141861202e+00
5.153054199910581445e+00
5.101450784381386327e+00
5.049792891410450402e+00
4.998078057691225595e+00
4.946303677363929729e+00
4.894466991810604739e+00
4.842565078556300584e+00
4.790594839149234119e+00
4.738552985951239194e+00
4.686436027608083421e+00
4.634240253249509500e+00
4.581961714856163326e+00
4.529596208398894319e+00
4.477139251981153478e+00
4.424586063827769422e+00
4.371931533860508701e+00
4.319170200218279021e+00
4.266296207926780326e+00
4.213303292380527587e+00
4.160184705235161040e+00
4.106933237291921834e+00
4.053541050896005693e+00
4.000000000000000000e+00
