6.074756509436037177e+00
6.023830566354384075e+00
5.972878178581638942e+00
5.921898270305931966e+00
5.870889809051710095e+00
5.819851706465924757e+00
5.768782822300487112e+00
5.717681960825505172e+00
5.666547867583998865e+00
5.615379225847490829e+00
5.564174652814779520e+00
5.512932695528910187e+00
5.461651826488938433e+00
5.410330438929871200e+00
5.358966841741320764e+00
5.307559253992129911e+00
5.256105799024637371e+00
5.204604498078169605e+00
5.153053263397123551e+00
5.101449890773660734e+00
5.049792051470431531e+00
4.998077283460636622e+00
4.946302981919749264e+00
4.894466388886926644e+00
4.842564582022465203e+00
4.790594462341625892e+00
4.738552740866613711e+00
4.686435923976073781e+00
4.634240297517140839e+00
4.581961909122230558e+00
4.529596549359854230e+00
4.477139729929184853e+00
4.424586661802142551e+00
4.371932226936633192e+00
4.319170955143193602e+00
4.266296982843664765e+00
4.213304037267857183e+00
4.160185361930751391e+00
4.106933741329855891e+00
4.053541331340623444e+00
4.000000000000000000e+00
