6.074755933037052635e+00
6.023829989676685592e+00
5.972877601624169586e+00
5.921897693045026223e+00
5.870889231457812940e+00
5.819851128506362770e+00
5.768782243941616983e+00
5.717681382035194382e+00
5.666547288333633858e+00
5.615378646113051708e+00
5.564174072577007024e+00
5.512932114773077430e+00
5.461651245204945937e+00
5.410329857113254981e+00
5.358966259395555376e+00
5.307558671132505346e+00
5.256105215684077514e+00
5.204603914315561575e+00
5.153052679308979478e+00
5.101449306510172477e+00
5.049791467257111144e+00
4.998076699626739838e+00
4.946302398934534494e+00
4.894465807404463575e+00
4.842564002935247025e+00
4.790593886842597904e+00
4.738552170518520512e+00
4.686435360786100013e+00
4.634239744013983753e+00
4.581961368431601400e+00
4.529596025273606053e+00
4.477139226962182583e+00
4.424586185230066526e+00
4.371931782808375466e+00
4.319170550257525498e+00
4.266296624689758232e+00
4.213303733905327420e+00
4.160185121841680100e+00
4.106933573152961259e+00
4.053541243648959735e+00
4.000000000000000000e+00
