6.074755907946954636e+00
6.023829964551312699e+00
5.972877576457395143e+00
5.921897667840685386e+00
5.870889206217907663e+00
5.819851103231886924e+00
5.768782218633389469e+00
5.717681356693582906e+00
5.666547262958575359e+00
5.615378620704235324e+00
5.564174047134105017e+00
5.512932089295917493e+00
5.461651219693581361e+00
5.410329831567967318e+00
5.358966233816842006e+00
5.307558645521103458e+00
5.256105190041065356e+00
5.204603888642557408e+00
5.153052653608463984e+00
5.101449280785958607e+00
5.049791441514994261e+00
4.998076673875390341e+00
4.946302373186701296e+00
4.894465781678565719e+00
4.842563977257438701e+00
4.790593861249379692e+00
4.738552145059943044e+00
4.686435335529586688e+00
4.634239719048742323e+00
4.581961343873588000e+00
4.529596001270853378e+00
4.477139203700462922e+00
4.424586162938349609e+00
4.371931761764370705e+00
4.319170530791776486e+00
4.266296607190163570e+00
4.213303718817142496e+00
4.160185109671177273e+00
4.106933564457550645e+00
4.053541239041955180e+00
4.000000000000000000e+00
