2.000000018605793528e+01
1.999689874892044728e+01
1.999693257597733975e+01
1.999697105459194191e+01
1.999809014964379017e+01
2.000242097130156438e+01
2.001434102350365052e+01
2.004115635852075528e+01
2.009289978892881123e+01
2.018073441138842128e+01
2.031419068296812824e+01
2.049821464049140829e+01
2.073115341172508153e+01
2.100422862737829632e+01
2.130226588779232344e+01
2.160504020274423453e+01
2.188872235812074152e+01
2.212736366064457627e+01
2.229485233020448831e+01
2.236805400238119290e+01
2.233158194360630944e+01
2.218348444670999342e+01
2.193931112187438970e+01
2.163108234710408695e+01
2.129968646079896288e+01
2.098365231695000332e+01
2.071001182506370597e+01
2.049113573088406781e+01
2.032711279244114522e+01
2.021063283464004812e+01
2.013153516279834321e+01
2.007983984808439004e+01
2.004714370663813483e+01
2.002710731687335866e+01
2.001511165662355296e+01
2.000822641685195080e+01
2.000419294306517415e+01
2.000224163302071645e+01
2.000073589478420999e+01
2.000076640671592898e+01
1.999802657273721707e+01
