2.000000009316539717e+01
1.999892296445920081e+01
1.999854668909757294e+01
1.999806822474790735e+01
1.999760803467230375e+01
1.999721988992977373e+01
1.999694046284892934e+01
1.999677961766273526e+01
1.999672478973982237e+01
1.999675011089279053e+01
1.999682663384198733e+01
1.999693128557346355e+01
1.999705461591173616e+01
1.999720936538236771e+01
1.999744303474555096e+01
1.999785790366420812e+01
1.999864132093674129e+01
2.000010717749557543e+01
2.000274638197954502e+01
2.000727939875982386e+01
2.001469958757337153e+01
2.002629151375632333e+01
2.004361012998563041e+01
2.006840807771300561e+01
2.010251425024316774e+01
2.014766823847582700e+01
2.020534439215469646e+01
2.027657472706413344e+01
2.036182339849588985e+01
2.046089144049253505e+01
2.057289679544295424e+01
2.069630122389161997e+01
2.082890059759299106e+01
2.096808833030345198e+01
2.111041223945287015e+01
2.125283072423063757e+01
2.139014579238526537e+01
2.152052072762306167e+01
2.163452799158260831e+01
2.173619472980233525e+01
2.177129110137002499e+01
