1.999999999782894378e+01
1.999897701729184618e+01
1.999917940959381468e+01
1.999927019721217292e+01
1.999932998938891515e+01
1.999933814719666003e+01
1.999928353793447044e+01
1.999915895141332456e+01
1.999896454732170170e+01
1.999870930769392885e+01
1.999841070735475768e+01
1.999809237966679021e+01
1.999778029788573264e+01
1.999749849456498652e+01
1.999726546787589854e+01
1.999709218667607047e+01
1.999698210240915230e+01
1.999693317971726714e+01
1.999694157014256746e+01
1.999700683630621256e+01
1.999713830054496810e+01
1.999736353288545487e+01
1.999773789441080041e+01
1.999835870569601326e+01
1.999937795200155932e+01
2.000102530215822227e+01
2.000361571211265499e+01
2.000758643425341887e+01
2.001346809779570890e+01
2.002196300527373296e+01
2.003378861661012067e+01
2.004992682692532568e+01
2.007106723299074957e+01
2.009851448964751697e+01
2.013235269064282562e+01
2.017463838425575062e+01
2.022342322551533655e+01
2.028339807279169094e+01
2.034671432416949344e+01
2.042574560487842561e+01
2.045388834491222951e+01
