1.999999994093146682e+01
1.999838369955766737e+01
1.999858425891283886e+01
1.999867007324671420e+01
1.999877342779616285e+01
1.999888047185800133e+01
1.999898633904954792e+01
1.999908345930663245e+01
1.999916303825141739e+01
1.999921558437216618e+01
1.999923181678926554e+01
1.999920383346632491e+01
1.999912640677132103e+01
1.999899816429977761e+01
1.999882236429368376e+01
1.999860702305051063e+01
1.999836426816909452e+01
1.999810900583563011e+01
1.999785711455235671e+01
1.999762362263981785e+01
1.999742111494784780e+01
1.999725905110791402e+01
1.999714357796218778e+01
1.999707925976673906e+01
1.999707018800266312e+01
1.999712548767612930e+01
1.999725946877505223e+01
1.999750526128478967e+01
1.999790593609580824e+01
1.999855157373033521e+01
1.999953271132775257e+01
2.000105229214425506e+01
2.000324361899028958e+01
2.000652844096108396e+01
2.001098025479171483e+01
2.001748730084066707e+01
2.002565250618556192e+01
2.003752739524849247e+01
2.005093608096881042e+01
2.007076911435406430e+01
2.007659004124525381e+01
