1.999999991953102807e+01
1.999817203491629058e+01
1.999831462661008885e+01
1.999832444490815675e+01
1.999834941570304281e+01
1.999838084551482353e+01
1.999842123247324821e+01
1.999847139430974963e+01
1.999853156840186585e+01
1.999860120304913380e+01
1.999867884329409051e+01
1.999876204474809072e+01
1.999884734622739302e+01
1.999893031977711999e+01
1.999900571642723790e+01
1.999906772459671345e+01
1.999911034535279697e+01
1.999912787785474322e+01
1.999911547120525057e+01
1.999906970139813467e+01
1.999898905764912627e+01
1.999887432946226440e+01
1.999872867262649123e+01
1.999855761400391785e+01
1.999836840565826890e+01
1.999816994845016893e+01
1.999797110055202864e+01
1.999778192410898825e+01
1.999760946012774454e+01
1.999746454335751977e+01
1.999734853860670825e+01
1.999727919827422085e+01
1.999724442633009147e+01
1.999729201733954298e+01
1.999736876576283251e+01
1.999762276127107086e+01
1.999785906012815673e+01
1.999853649489306306e+01
1.999897891070319389e+01
2.000053173574933396e+01
1.999929562446959608e+01
