2.000000005775114431e+01
1.999815662954817697e+01
1.999828879833587791e+01
1.999828240191150996e+01
1.999828457283273764e+01
1.999828519260736215e+01
1.999828563179522334e+01
1.999828599147519625e+01
1.999828638117196178e+01
1.999828688061317905e+01
1.999828757349814268e+01
1.999828856659226517e+01
1.999829000595123318e+01
1.999829208946036019e+01
1.999829507515245197e+01
1.999829928572197701e+01
1.999830510746165757e+01
1.999831298513336364e+01
1.999832340681507503e+01
1.999833688850078417e+01
1.999835393702553077e+01
1.999837503589141363e+01
1.999840056553204448e+01
1.999843084205430799e+01
1.999846590972981986e+01
1.999850582560022971e+01
1.999854997617096330e+01
1.999859832159076589e+01
1.999864889210880037e+01
1.999870261482745448e+01
1.999875401555103238e+01
1.999880909212963687e+01
1.999885141935670774e+01
1.999890637521917469e+01
1.999892079539274903e+01
1.999898760012547427e+01
1.999893016165201587e+01
1.999906697156519897e+01
1.999881516270100335e+01
1.999919572864074269e+01
1.999749725482251961e+01
