2.145833332620162182e+01
2.061766001597100484e+01
2.018392998163071184e+01
2.003656481181594629e+01
2.000448797480320451e+01
1.999929619021098048e+01
1.999852658286861029e+01
1.999850088285325000e+01
1.999862540871273353e+01
1.999881091274919243e+01
1.999903152945301343e+01
1.999926065695708743e+01
1.999947297315655703e+01
1.999965000528308678e+01
1.999978371233492425e+01
1.999987571055478597e+01
1.999993367433091151e+01
1.999996727308720423e+01
1.999998526308064228e+01
1.999999419200351269e+01
1.999999830240108523e+01
2.000000006516716056e+01
2.000000074630906610e+01
2.000000101870261204e+01
2.000000105169205256e+01
2.000000118227857371e+01
2.000000099498885220e+01
2.000000145478946578e+01
2.000000061996566458e+01
2.000000248373889278e+01
1.999999891581515143e+01
2.000000643872232686e+01
1.999999170376746349e+01
2.000002172170207260e+01
1.999996288970193703e+01
2.000007980939196273e+01
1.999985349080135322e+01
2.000029275512121885e+01
1.999945997978658241e+01
2.000092452658418196e+01
1.999460034781077411e+01
