1.999999998753163766e+01
1.999815679771415233e+01
1.999828911285846189e+01
1.999828284199197626e+01
1.999828511519014640e+01
1.999828581792658255e+01
1.999828629688503057e+01
1.999828662360774345e+01
1.999828687222439783e+01
1.999828707754998192e+01
1.999828725965286580e+01
1.999828742948656313e+01
1.999828759139744605e+01
1.999828774499351169e+01
1.999828788700832760e+01
1.999828801342763285e+01
1.999828812032468051e+01
1.999828820567935139e+01
1.999828826734555065e+01
1.999828830786707101e+01
1.999828832461790284e+01
1.999828832983219584e+01
1.999828830956624870e+01
1.999828830615759045e+01
1.999828825221632655e+01
1.999828830106602595e+01
1.999828817221283117e+01
1.999828843909009279e+01
1.999828801356663277e+01
1.999828902983805534e+01
1.999828743033161871e+01
1.999829099681712918e+01
1.999828505604819995e+01
1.999829727708998561e+01
1.999827608667852630e+01
1.999831728292119237e+01
1.999824459554060496e+01
1.999838080759423420e+01
1.999813968412149734e+01
1.999855024030959783e+01
1.999686369171558908e+01
