2.000000008022419351e+01
1.999815682337897016e+01
1.999828925609507735e+01
1.999828310945492760e+01
1.999828542096499362e+01
1.999828610281235086e+01
1.999828654139830419e+01
1.999828682567316918e+01
1.999828703268955721e+01
1.999828719596983362e+01
1.999828733475820286e+01
1.999828746114695122e+01
1.999828758274137286e+01
1.999828770359022201e+01
1.999828782449976927e+01
1.999828794383821062e+01
1.999828805791942443e+01
1.999828816315024227e+01
1.999828825465418092e+01
1.999828833168070830e+01
1.999828838812000598e+01
1.999828843273867207e+01
1.999828844828748231e+01
1.999828847404999976e+01
1.999828843995200245e+01
1.999828849689849619e+01
1.999828836226845397e+01
1.999828860711288669e+01
1.999828814089999440e+01
1.999828909388848786e+01
1.999828740476363009e+01
1.999829084743330299e+01
1.999828474354617569e+01
1.999829674633427601e+01
1.999827527960164986e+01
1.999831610823017058e+01
1.999824297517212557e+01
1.999837858668569979e+01
1.999813678197094902e+01
1.999854639845396065e+01
1.999685947251055040e+01
