2.493055561397018849e+01
2.390832110515632181e+01
2.287269936946471205e+01
2.189839011491776333e+01
2.110601626037149003e+01
2.056259134522801446e+01
2.024941785918048964e+01
2.009646314881901930e+01
2.003235246290314464e+01
2.000898736620916907e+01
2.000150951894782025e+01
1.999943325586571063e+01
1.999900466628952600e+01
1.999904192106445677e+01
1.999920152396034823e+01
1.999938231282839141e+01
1.999954956121349881e+01
1.999968932495239571e+01
1.999979725850990420e+01
1.999987490430835635e+01
1.999992715184561476e+01
1.999996016867551063e+01
1.999997977059611287e+01
1.999999081729957240e+01
1.999999657186438995e+01
1.999999965558762227e+01
2.000000075999415117e+01
2.000000195589956320e+01
2.000000122279987380e+01
2.000000327906190378e+01
1.999999994851828333e+01
2.000000628130206692e+01
1.999999543428535986e+01
2.000001498969448832e+01
1.999998180021348659e+01
2.000003964787924104e+01
1.999994317393131382e+01
2.000010672274337153e+01
1.999983934834383703e+01
2.000025243867155211e+01
1.999894625527667813e+01
