6.074721610579252307e+00
5.972843635339594393e+00
5.870856600083588006e+00
5.768750925274155783e+00
5.666517342232403998e+00
5.564145556276962168e+00
5.461624218820611887e+00
5.358940784356014397e+00
5.256081354104454206e+00
5.153030492234775828e+00
5.049771014345788345e+00
4.946283733733232602e+00
4.842547176364944583e+00
4.738537215224731369e+00
4.634226697995517341e+00
4.529584871609061203e+00
4.424576964488475816e+00
4.319163116943612657e+00
4.213298231025339291e+00
4.106929526240378436e+00
4.000000000000000000e+00
