6.080164779189575874e+00
5.978293002345632878e+00
5.876313120780967125e+00
5.774215248503247189e+00
5.671989770012070942e+00
5.569625381568281242e+00
5.467108402117073496e+00
5.364421743081809524e+00
5.261543888318826134e+00
5.158448224397504944e+00
5.055103023406808838e+00
4.951472249185111529e+00
4.847517062867233939e+00
4.743197918733817353e+00
4.638476641579646120e+00
4.533318616754422159e+00
4.427693467486183643e+00
4.321575909695088313e+00
4.214942067829591466e+00
4.107768684123022318e+00
4.000000000000000000e+00
