1.999999999785393001e+01
1.998827994286277132e+01
1.998912471322227447e+01
1.998908833158011333e+01
1.998910449976669312e+01
1.998911050179899362e+01
1.998911468601737340e+01
1.998911956504415954e+01
1.998912323728915297e+01
1.998913360679963702e+01
1.998913787854994695e+01
1.998916690515572725e+01
1.998916201173114615e+01
1.998924664319347499e+01
1.998917915430869741e+01
1.998943908086722843e+01
1.998909939118476231e+01
1.998993609775296676e+01
1.998859844019851906e+01
1.999113102414209564e+01
1.998082102386433689e+01
