2.000000000035289460e+01
1.998827963426525045e+01
1.998912458854038832e+01
1.998908840274311416e+01
1.998910475128277753e+01
1.998911080783550531e+01
1.998911475609983768e+01
1.998911888141126525e+01
1.998912099341877280e+01
1.998912865367374891e+01
1.998912869536912851e+01
1.998915159459875568e+01
1.998913836230646979e+01
1.998921219753216150e+01
1.998913144282440513e+01
1.998937567519103808e+01
1.998901848561912686e+01
1.998983609998019162e+01
1.998847957043400569e+01
1.999099308264850094e+01
1.998067559225864898e+01
