2.000000000039179326e+01
2.071069481482974695e+01
2.159872256548514002e+01
2.222925878410756440e+01
2.231903474386148645e+01
2.194488753114717383e+01
2.137402614115017485e+01
2.084593210663012286e+01
2.046678450731364762e+01
2.023571446960114528e+01
2.011029692334138730e+01
2.004797437436857166e+01
2.001922162880604361e+01
2.000685090241674757e+01
2.000193470299913301e+01
2.000024022771041388e+01
1.999960336990388399e+01
1.999998388559176377e+01
1.999896486113500416e+01
2.000144341472452325e+01
1.998565249756575213e+01
