2.000000000228289210e+01
1.998578650680619262e+01
2.003786285592740413e+01
2.016896274769262831e+01
2.040573077179127282e+01
2.073383997428420145e+01
2.109708764927209046e+01
2.141576951000259044e+01
2.161489613116291153e+01
2.165082738095048853e+01
2.152647225482002113e+01
2.128733087695979265e+01
2.099894106580290298e+01
2.072046284266300020e+01
2.048755095534619031e+01
2.031298843485078010e+01
2.019118749680205482e+01
2.011351151627962963e+01
2.006276232019281025e+01
2.003753117509423376e+01
2.001177008566082804e+01
