1.999999999842574994e+01
1.999060645985762363e+01
1.999133775550773606e+01
1.999103927702737948e+01
1.999048271116182107e+01
1.998968125074211599e+01
1.998878943306469935e+01
1.998807096772853242e+01
1.998793619583084080e+01
1.998907298929693610e+01
1.999244476126381187e+01
1.999957791792595430e+01
2.001212101767465867e+01
2.003262921236536798e+01
2.006250580727677146e+01
2.010526071110106017e+01
2.015912668943811781e+01
2.023024295096260516e+01
2.030695921262251602e+01
2.040565465350462304e+01
2.043404094170455210e+01
