6.074720622418164240e+00
5.972842747031192445e+00
5.870855934358478301e+00
5.768750508822785505e+00
5.666517190497417644e+00
5.564145683623615390e+00
5.461624641005979441e+00
5.358941507596324705e+00
5.256082386626649949e+00
5.153031818724056023e+00
5.049772625858834019e+00
4.946285573724297890e+00
4.842549214324213480e+00
4.738539337038232269e+00
4.634228869060191158e+00
4.529586924841175311e+00
4.424578911426594985e+00
4.319164793032461702e+00
4.213299739791783516e+00
4.106930838144176477e+00
4.000000000000000000e+00
