6.077572416534064992e+00
5.975594211772022213e+00
5.873277157624340994e+00
5.770633754971470353e+00
5.667794144151587332e+00
5.564907750969624978e+00
5.462038247464247931e+00
5.359157615322875934e+00
5.256200304879107499e+00
5.153105096568323162e+00
5.049826335139958822e+00
4.946330232103439251e+00
4.842588591184694202e+00
4.738574622070462539e+00
4.634260012366540948e+00
4.529613813444427706e+00
4.424600998216719816e+00
4.319181804000785441e+00
4.213311139504690495e+00
4.106935845652921913e+00
4.000000000000000000e+00
