6.078500504713790775e+00
5.976627700066948101e+00
5.874636839817332756e+00
5.772484879569465654e+00
5.670113724202691330e+00
5.567466863283539347e+00
5.464517348124368290e+00
5.361286234978059007e+00
5.257837094834050262e+00
5.154243612134870922e+00
5.050550643938105821e+00
4.946756486673629993e+00
4.842823076358236278e+00
4.738695926332036734e+00
4.634319359512075742e+00
4.529641075589333710e+00
4.424612963904849927e+00
4.319186679226788783e+00
4.213313314764186579e+00
4.106937102977938459e+00
4.000000000000000000e+00
