6.080109292499195739e+00
5.978237744785593222e+00
5.876258767360898361e+00
5.774161492742804214e+00
5.671933111804595917e+00
5.569552814024616438e+00
5.466988786021929947e+00
5.364198943443745371e+00
5.261136782746465457e+00
5.157760663934558565e+00
5.054044005976363607e+00
4.949982724336137174e+00
4.845596529637871797e+00
4.740920178079106151e+00
4.635987116390142049e+00
4.530811587402857832e+00
4.425379745396391229e+00
4.319650024651237707e+00
4.213561534457181068e+00
4.107040832418761056e+00
4.000000000000000000e+00
