1.999999999974237497e+01
1.999085825948809614e+01
1.999150839880001840e+01
1.999107149596214583e+01
1.998994706167030344e+01
1.998851732468419229e+01
1.998657715784752043e+01
1.998510407430183378e+01
1.998320316067082913e+01
1.998280642575661759e+01
1.998176266089460640e+01
1.998481147098727817e+01
1.998817220389340221e+01
2.000274005203275252e+01
2.002086976396548224e+01
2.006287455261244190e+01
2.011007946253918632e+01
2.019565603410262966e+01
2.027794793070385992e+01
2.041156280085841601e+01
2.045686294254346649e+01
