1.999999998011278635e+01
2.002230852946465589e+01
2.008901289784612132e+01
2.020991442856789888e+01
2.039243708914147746e+01
2.063093830298858933e+01
2.090805169979716993e+01
2.119849149560248236e+01
2.147399007167452467e+01
2.170788050803566804e+01
2.187874655795473444e+01
2.197297098077640243e+01
2.198606300440179595e+01
2.192261539307465057e+01
2.179485864386164806e+01
2.162007731518057696e+01
2.141747921223024775e+01
2.120525405882293413e+01
2.099842603262599994e+01
2.080777342446208777e+01
2.063973830322568048e+01
2.049702577276080717e+01
2.037953669834612214e+01
2.028534312967879671e+01
2.021152833133600168e+01
2.015481765741638043e+01
2.011199786220234387e+01
2.008015946208974967e+01
2.005680867144257462e+01
2.003989291258304917e+01
2.002777526069860770e+01
2.001918309778303495e+01
2.001314795847693517e+01
2.000894561897430535e+01
2.000604392249044139e+01
2.000405463616506196e+01
2.000270344985218429e+01
2.000178184313275764e+01
2.000112337695796327e+01
2.000025646143643243e+01
1.999656773327660630e+01
