1.999999999834062336e+01
1.999738221940409488e+01
1.999767269141883830e+01
1.999788349930572551e+01
1.999843336428401130e+01
1.999955470542341374e+01
2.000165415553513881e+01
2.000532211871793464e+01
2.001136547414690625e+01
2.002081497714652158e+01
2.003490125925222642e+01
2.005499293478868594e+01
2.008249731984050968e+01
2.011873190477551177e+01
2.016478137007714011e+01
2.022135861121350686e+01
2.028868796426663224e+01
2.036642490616516454e+01
2.045362032602142222e+01
2.054873086288649020e+01
2.064967137364225991e+01
2.075390222258571171e+01
2.085854285240882078e+01
2.096050347106573852e+01
2.105662784062575454e+01
2.114384127375237910e+01
2.121929844052380787e+01
2.128052524851862515e+01
2.132554794801249543e+01
2.135300136004968863e+01
2.136220699581789972e+01
2.135321260632071017e+01
2.132678550256382266e+01
2.128435853615064843e+01
2.122792765283836047e+01
2.115991598849467437e+01
2.108301592812523495e+01
2.100004774932908447e+01
2.091430045011420447e+01
2.083303192544168425e+01
2.080230029868835118e+01
