2.000000003398681514e+01
1.999837041261806547e+01
1.999836778199681575e+01
1.999823577976654931e+01
1.999814594902865039e+01
1.999811030395270706e+01
1.999817015578156898e+01
1.999838722070298047e+01
1.999885640765635841e+01
1.999971860163499571e+01
2.000117481523465557e+01
2.000349997635389343e+01
2.000705425464202847e+01
2.001228940537996337e+01
2.001974757240006397e+01
2.003005042719365747e+01
2.004387745559553835e+01
2.006193353648338373e+01
2.008490747232306006e+01
2.011342454006570080e+01
2.014799714578331091e+01
2.018897808131679383e+01
2.023652062754993963e+01
2.029054890923740473e+01
2.035074068276633952e+01
2.041652338850425608e+01
2.048708306812808999e+01
2.056138480702728089e+01
2.063820279765408472e+01
2.071615790535683388e+01
2.079376070860586623e+01
2.086945818095732363e+01
2.094168256571213860e+01
2.100890100810002181e+01
2.106966511229750694e+01
2.112265890702701299e+01
2.116674590801545719e+01
2.120102431034311863e+01
2.122493070820431882e+01
2.123857525504731569e+01
2.124151624750811607e+01
