6.080943891702466075e+00
6.030021134001390060e+00
5.979072049805950861e+00
5.928095510811703939e+00
5.877090441294898326e+00
5.826055671292980520e+00
5.774989932078712584e+00
5.723891832722625139e+00
5.672759834073213270e+00
5.621592218987680134e+00
5.570387060250131306e+00
5.519142188005383254e+00
5.467855159125772246e+00
5.416523231316914710e+00
5.365143344905495937e+00
5.313712115091089316e+00
5.262225836994732120e+00
5.210680505157852416e+00
5.159071848325908149e+00
5.107395379486019849e+00
5.055646460289629829e+00
5.003820378212559206e+00
4.951912434074363212e+00
4.899918036810053223e+00
4.847832801599319730e+00
4.795652646564025012e+00
4.743373882240875083e+00
4.690993286992418021e+00
4.638508160600077979e+00
4.585916347748779209e+00
4.533216223306750337e+00
4.480406632556194424e+00
4.427486782172875834e+00
4.374456081486507664e+00
4.321313939032077833e+00
4.268059520649738481e+00
4.214691483147661621e+00
4.161207626408518045e+00
4.107604371180941349e+00
4.053874546356651010e+00
4.000000000000000000e+00
