6.074766638395580287e+00
6.023840684252676603e+00
5.972888261621680073e+00
5.921908301945921771e+00
5.870899768891337800e+00
5.819861570548622076e+00
5.768792566036105463e+00
5.717691561336228467e+00
5.666557305227180485e+00
5.615388484639244560e+00
5.564183720011455669e+00
5.512941560794293316e+00
5.461660481017170277e+00
5.410338874730135750e+00
5.358975051141212198e+00
5.307567229331056069e+00
5.256113532480886974e+00
5.204611981578278090e+00
5.153060488571806985e+00
5.101456848939876387e+00
5.049798733628995784e+00
4.998083680306280030e+00
4.946309083860948697e+00
4.894472186079854126e+00
4.842570064412081265e+00
4.790599619726790159e+00
4.738557562956383862e+00
4.686440400503341763e+00
4.634244418273350874e+00
4.581965664179408648e+00
4.529599928940452713e+00
4.477142724975474053e+00
4.424589263161144537e+00
4.371934427213041374e+00
4.319172745339296959e+00
4.266298359182940203e+00
4.213304989011645851e+00
4.160185900814554749e+00
4.106933868290562728e+00
4.053541233737767868e+00
4.000000000000000000e+00
