6.074824491730796083e+00
6.023898569336999742e+00
5.972946185963388999e+00
5.921966280203088573e+00
5.870957820521055304e+00
5.819919718127482433e+00
5.768850832634330850e+00
5.717749968103749580e+00
5.666615869877281497e+00
5.615447221028282421e+00
5.564242638561711196e+00
5.513000669323869118e+00
5.461719785597361820e+00
5.410398380350509129e+00
5.359034762106518635e+00
5.307627149393189470e+00
5.256173664728836847e+00
5.204672328094429368e+00
5.153121049835444722e+00
5.101517622929703677e+00
5.049859714549196354e+00
4.998144856834731975e+00
4.946370436791941216e+00
4.894533685205701978e+00
4.842631664457358376e+00
4.790661255115103323e+00
4.738619141152461189e+00
4.686501793632880997e+00
4.634305452679871706e+00
4.582026107531874004e+00
4.529659474458415325e+00
4.477200972292600945e+00
4.424645695304782578e+00
4.371988383164928216e+00
4.319223387662071367e+00
4.266344636642461552e+00
4.213345594907404568e+00
4.160219234764309881e+00
4.106958021413111837e+00
4.053554127613777425e+00
4.000000000000000000e+00
