6.074769894481529597e+00
6.023843944857746102e+00
5.972891535178241007e+00
5.921911602785713491e+00
5.870903116359628804e+00
5.819864987167528092e+00
5.768796074874836144e+00
5.717695183572360840e+00
5.666561058603909906e+00
5.615392383017022482e+00
5.564187773765499223e+00
5.512945777628402766e+00
5.461664866823727316e+00
5.410343434289601738e+00
5.358979788602873384e+00
5.307572148501432885e+00
5.256118636972766822e+00
5.204617274866883747e+00
5.153065973986854509e+00
5.101462529604663843e+00
5.049804612343804067e+00
4.998089759362903450e+00
4.946315364766627809e+00
4.894478669160891471e+00
4.842576748258982988e+00
4.790606500433320925e+00
4.738564633094007661e+00
4.686447647759904633e+00
4.634251823670303416e+00
4.581973199765204008e+00
4.529607554838922745e+00
4.477150385647320263e+00
4.424596882714826762e+00
4.371941903585369715e+00
4.319179943160659896e+00
4.266305101238775599e+00
4.213311046416399641e+00
4.160190983581249391e+00
4.106937620743485340e+00
4.053543262350463472e+00
4.000000000000000000e+00
