6.074759331687292985e+00
6.023833376858938493e+00
5.972880962285754158e+00
5.921901025079590042e+00
5.870892534023026244e+00
5.819854400466580202e+00
5.768785484172545885e+00
5.717684589338125178e+00
5.666550461421928198e+00
5.615381783592558129e+00
5.564177172928713944e+00
5.512935176335661325e+00
5.461654266156672044e+00
5.410332835452841493e+00
5.358969192921899882e+00
5.307561557423398746e+00
5.256108052074074166e+00
5.204606697873237486e+00
5.153055406813585648e+00
5.101451974427802405e+00
5.049794071715662191e+00
4.998079236389942004e+00
4.946304863372164462e+00
4.894468194460952049e+00
4.842566307086368482e+00
4.790596102052905536e+00
4.738554290161532734e+00
4.686437377587199471e+00
4.634241649872078206e+00
4.581963154376426317e+00
4.529597681007328625e+00
4.477140741022582304e+00
4.424587543674041612e+00
4.371932970448564326e+00
4.319171546558478347e+00
4.266297409720949396e+00
4.213304275235732810e+00
4.160185403222380174e+00
4.106933561296941093e+00
4.053541088974708551e+00
4.000000000000000000e+00
