6.074758554451822334e+00
6.023832599240976471e+00
5.972880184314011132e+00
5.921900246769986609e+00
5.870891755399229694e+00
5.819853621561385637e+00
5.768784705031990256e+00
5.717683810025299351e+00
5.666549682020758816e+00
5.615381004211465132e+00
5.564176393704113543e+00
5.512934397435341083e+00
5.461653487783041605e+00
5.410332057846041209e+00
5.358968416362723808e+00
5.307560782235976049e+00
5.256107278628308066e+00
5.204605926587063003e+00
5.153054638155231792e+00
5.101451208918397207e+00
5.049793309932738339e+00
4.998078478972666439e+00
4.946304111029469652e+00
4.894467447984179209e+00
4.842565567368563251e+00
4.790595370117562979e+00
4.738553567204379036e+00
4.686436665035545346e+00
4.634240949467415938e+00
4.581962468287270163e+00
4.529597011980873944e+00
4.477140092585552900e+00
4.424586920395114475e+00
4.371932378276667919e+00
4.319170993252813950e+00
4.266296905384541205e+00
4.213303832953674721e+00
4.160185039712437138e+00
4.106933297305451980e+00
4.053540947761270274e+00
4.000000000000000000e+00
