6.074757526060702517e+00
6.023831570338987973e+00
5.972879154913288247e+00
5.921899216875542216e+00
5.870890725029862978e+00
5.819852590751192878e+00
5.768783673833941528e+00
5.717682778515599473e+00
5.666548650304343404e+00
5.615379972428533151e+00
5.564175362037576456e+00
5.512933366119050937e+00
5.461652457110673708e+00
5.410331028180538127e+00
5.358967388146215427e+00
5.307559756000081563e+00
5.256106255004725725e+00
5.204604906318365920e+00
5.153053622105813858e+00
5.101450198085610843e+00
5.049792305458370656e+00
4.998077482155101059e+00
4.946303123337134622e+00
4.894466471071234892e+00
4.842564603094240638e+00
4.790594420571155254e+00
4.738552634738621983e+00
4.686435752312043235e+00
4.634240059518904609e+00
4.581961604602877713e+00
4.529596178622186997e+00
4.477139294343242426e+00
4.424586162998129346e+00
4.371931668668222137e+00
4.319170339949476300e+00
4.266296318931790843e+00
4.213303326482408018e+00
4.160184629518004940e+00
4.106933003214467526e+00
4.053540791818539546e+00
4.000000000000000000e+00
