6.074923078509582908e+00
6.023906560434272528e+00
5.972911494113915865e+00
5.921914441288752329e+00
5.870899970627139197e+00
5.819859966964827436e+00
5.768790505801111301e+00
5.717689447758123045e+00
5.666555252142591925e+00
5.615386521235501860e+00
5.564181849569306060e+00
5.512939777285978060e+00
5.461658774442715192e+00
5.410337233452303884e+00
5.358973463260953807e+00
5.307565683590731886e+00
5.256112018830015664e+00
5.204610491467597022e+00
5.153059015033166546e+00
5.101455386510536094e+00
5.049797278177162951e+00
4.998082228807899874e+00
4.946307634166888789e+00
4.894470736700080593e+00
4.842568614331580257e+00
4.790598168258489942e+00
4.738556109629794122e+00
4.686438944983965627e+00
4.634242960306429460e+00
4.581964203551693871e+00
4.529598465454029999e+00
4.477141258430918036e+00
4.424587793340221786e+00
4.371932953889222873e+00
4.319171268209527348e+00
4.266296878206862431e+00
4.213303503597511046e+00
4.160184416329560264e+00
4.106932398178196664e+00
4.053540001566863893e+00
4.000000000000000000e+00
