6.075129986109781832e+00
6.024036346757693394e+00
5.972983836741490471e+00
5.921950091738621857e+00
5.870915597354543713e+00
5.819866091671873853e+00
5.768792631374862978e+00
5.717690052487438557e+00
5.666555327522653229e+00
5.615386428606679914e+00
5.564181711673546360e+00
5.512939633975868503e+00
5.461658638429004675e+00
5.410337108702233166e+00
5.358973350721710105e+00
5.307565582943091442e+00
5.256111929088896240e+00
5.204610411270020442e+00
5.153058942837863476e+00
5.101455320755555967e+00
5.049797217398163340e+00
4.998082171714964161e+00
4.946307579682243549e+00
4.894470683963842994e+00
4.842568562685105604e+00
4.790598117214915241e+00
4.738556058839761498e+00
4.686438894202129113e+00
4.634242909362001228e+00
4.581964152324310646e+00
4.529598413855023153e+00
4.477141206388656869e+00
4.424587740790375534e+00
4.371932900761058782e+00
4.319171214444454066e+00
4.266296823733673804e+00
4.213303449012597568e+00
4.160184364321502848e+00
4.106932366581659721e+00
4.053540024088155391e+00
4.000000000000000000e+00
