6.075491413752414971e+00
6.024295827973673134e+00
5.973156191213819355e+00
5.922055390423738075e+00
5.870974728910717033e+00
5.819896700328522243e+00
5.768807325728337432e+00
5.717696662457072421e+00
5.666558166166153931e+00
5.615387639271880893e+00
5.564182269382586199e+00
5.512939950091100272e+00
5.461658875878894648e+00
5.410337328727004902e+00
5.358973575253303423e+00
5.307565819240585903e+00
5.256112178936440671e+00
5.204610674312625918e+00
5.153059217823313887e+00
5.101455606057474057e+00
5.049797511286543639e+00
4.998082472520688491e+00
4.946307885899371648e+00
4.894470994305152090e+00
4.842568876100915354e+00
4.790598432885110114e+00
4.738556376148782334e+00
4.686439212705495905e+00
4.634243228750935195e+00
4.581964472392745513e+00
4.529598734471438348e+00
4.477141527472985771e+00
4.424588062298305147e+00
4.371933222668155317e+00
4.319171536777595577e+00
4.266297146574425270e+00
4.213303773275048236e+00
4.160184691727031314e+00
4.106932704391049072e+00
4.053540330214763898e+00
4.000000000000000000e+00
