1.999999998391595213e+01
2.015057007686048962e+01
2.041434226731524149e+01
2.077854249852965651e+01
2.120155976354247329e+01
2.162528281349345249e+01
2.199190137835416081e+01
2.225600578546158204e+01
2.239069584546054514e+01
2.238922658226014306e+01
2.226364735408661844e+01
2.204087261534327169e+01
2.175649239644306832e+01
2.144746719867817220e+01
2.114560995017346912e+01
2.087353762337967567e+01
2.064366260542356102e+01
2.045960248136173476e+01
2.031880165191247301e+01
2.021525987143136760e+01
2.014171476248212045e+01
2.009107494816302264e+01
2.005718165238064898e+01
2.003508673009409691e+01
2.002103754953213510e+01
2.001231592029497364e+01
2.000702739037046740e+01
2.000389530504132551e+01
2.000208498905551480e+01
2.000106572247063141e+01
2.000050874998255779e+01
2.000021540847843582e+01
2.000006857952257633e+01
2.000000064755282381e+01
1.999997450854216297e+01
1.999996670895472661e+01
1.999997268230103131e+01
1.999992242678167287e+01
1.999978195448207074e+01
1.999820231144173732e+01
1.999360725093447400e+01
