1.999999994167173156e+01
1.999832159205446303e+01
1.999842602287787940e+01
1.999845482133776642e+01
1.999865481643710297e+01
1.999909364213984020e+01
1.999989292229429338e+01
2.000121440501501624e+01
2.000327295768561342e+01
2.000634571249253213e+01
2.001077954999227160e+01
2.001699509770610064e+01
2.002548577683398534e+01
2.003681053756156416e+01
2.005157931439546815e+01
2.007043084082297213e+01
2.009400323926386278e+01
2.012289864880367674e+01
2.015764394187782926e+01
2.019865018018638025e+01
2.024617376405133484e+01
2.030028218490528857e+01
2.036082691036794756e+01
2.042742529117004224e+01
2.049945259847629586e+01
2.057604451328073125e+01
2.065610971587581801e+01
2.073835174354890043e+01
2.082129902976802072e+01
2.090334198920217190e+01
2.098277611291203826e+01
2.105785021465438334e+01
2.112681913309667436e+01
2.118800056593021353e+01
2.123983596080510949e+01
2.128096134851550403e+01
2.131029800313650213e+01
2.132726949873907785e+01
2.133227020136259355e+01
2.132867665945269309e+01
2.132561792367141607e+01
