2.000000011997844140e+01
1.999885349679863111e+01
1.999897491485839041e+01
1.999895954607610449e+01
1.999894987026579329e+01
1.999893811392881204e+01
1.999893568279126299e+01
1.999895638160963784e+01
1.999901995271854460e+01
1.999915343211175767e+01
1.999939302362280458e+01
1.999978622829129193e+01
2.000039423962167717e+01
2.000129453112242928e+01
2.000258351415709157e+01
2.000437908903893458e+01
2.000682286133847043e+01
2.001008175457473826e+01
2.001434872718887092e+01
2.001984230254262087e+01
2.002680465091721729e+01
2.003549802419752623e+01
2.004619943614570587e+01
2.005919359824125436e+01
2.007476425372921014e+01
2.009318418773600357e+01
2.011470431491772359e+01
2.013954234286266498e+01
2.016787157064365132e+01
2.019981038768919746e+01
2.023541303264854463e+01
2.027466196758928163e+01
2.031746252016490217e+01
2.036363837252271836e+01
2.041293199315765960e+01
2.046498518389012133e+01
2.051934743558415519e+01
2.057513753094447395e+01
2.063079494842703099e+01
2.067805448973090421e+01
2.069263676955415576e+01
