2.000000002680989297e+01
1.999855516399452426e+01
1.999872924033299881e+01
1.999874203952057172e+01
1.999876952970436506e+01
1.999879424414562479e+01
1.999881848155568420e+01
1.999884190142882900e+01
1.999886450550594930e+01
1.999888655620863176e+01
1.999890881226311734e+01
1.999893275113277369e+01
1.999896083299795535e+01
1.999899680949111413e+01
1.999904608318611210e+01
1.999911612178755860e+01
1.999921692961426345e+01
1.999936157684357241e+01
1.999956678412098654e+01
1.999985355629678807e+01
2.000024785427931917e+01
2.000078128823417956e+01
2.000149180908217872e+01
2.000242436854315287e+01
2.000363151157903019e+01
2.000517385946722015e+01
2.000712043761329539e+01
2.000954880005788539e+01
2.001254490387648133e+01
2.001620268719521434e+01
2.002062331961943187e+01
2.002591405122854340e+01
2.003218672237180797e+01
2.003955521838474496e+01
2.004813303193859753e+01
2.005802048982632968e+01
2.006929773604641198e+01
2.008187145658868644e+01
2.009537046629770174e+01
2.010685817693221011e+01
2.010888769730081549e+01
