2.000000002525469966e+01
1.999846079738384574e+01
1.999862863828832715e+01
1.999862665027456288e+01
1.999864070354902523e+01
1.999865292764530977e+01
1.999866621186414406e+01
1.999868052975210730e+01
1.999869596429487117e+01
1.999871248308351568e+01
1.999873001483053159e+01
1.999874847726812988e+01
1.999876781120891067e+01
1.999878802115222953e+01
1.999880922606370248e+01
1.999883172246737217e+01
1.999885606169425500e+01
1.999888314287754909e+01
1.999891432308390193e+01
1.999895154572192624e+01
1.999899748808201139e+01
1.999905572845377932e+01
1.999913093275332443e+01
1.999922905991482835e+01
1.999935758452480172e+01
1.999952573418426027e+01
1.999974473797902874e+01
2.000002808104360952e+01
2.000039175911414091e+01
2.000085452366195682e+01
2.000143811158148921e+01
2.000216742428089844e+01
2.000307069598136067e+01
2.000417928107792775e+01
2.000552784196858980e+01
2.000714976762719033e+01
2.000907917245140411e+01
2.001128546183129586e+01
2.001368840945745475e+01
2.001518439948119976e+01
2.001371698551611189e+01
