1.999999997938930463e+01
1.999845853632871595e+01
1.999862605987272701e+01
1.999862347350123315e+01
1.999863688576160214e+01
1.999864842704314327e+01
1.999866100589319373e+01
1.999867461223646359e+01
1.999868934565666123e+01
1.999870518950194054e+01
1.999872208535336782e+01
1.999873995776324875e+01
1.999875874415062427e+01
1.999877843029749869e+01
1.999879909497151331e+01
1.999882096571749557e+01
1.999884448760018074e+01
1.999887040640894398e+01
1.999889986768165784e+01
1.999893453267041821e+01
1.999897671213865635e+01
1.999902951850495114e+01
1.999909703642871506e+01
1.999918451132132802e+01
1.999929855460042205e+01
1.999944736363589470e+01
1.999964095334560810e+01
1.999989139516502235e+01
2.000021305816059325e+01
2.000062284391224310e+01
2.000114041026319356e+01
2.000178835062838445e+01
2.000259236980519617e+01
2.000358109689574349e+01
2.000478631375094807e+01
2.000623856512322263e+01
2.000796942474078932e+01
2.000994831929679663e+01
2.001210091457101115e+01
2.001336737227012463e+01
2.001181960978010466e+01
