2.000000007923686951e+01
1.999843998350252150e+01
1.999860380640201640e+01
1.999859509469670726e+01
1.999860159623914768e+01
1.999860529249767893e+01
1.999860917172738795e+01
1.999861331681540477e+01
1.999861795332420655e+01
1.999862321372101803e+01
1.999862920052881066e+01
1.999863599366491940e+01
1.999864365569800739e+01
1.999865223419323357e+01
1.999866176351749658e+01
1.999867226719263869e+01
1.999868376157435179e+01
1.999869626148714374e+01
1.999870978833191515e+01
1.999872438113902717e+01
1.999874011102633986e+01
1.999875709951134084e+01
1.999877554109804478e+01
1.999879573053128468e+01
1.999881809507427377e+01
1.999884323210136117e+01
1.999887195221310421e+01
1.999890532790324116e+01
1.999894474796223776e+01
1.999899197631277303e+01
1.999904921838073335e+01
1.999911917685944474e+01
1.999920514886707679e+01
1.999931089958904451e+01
1.999944108524648101e+01
1.999959834903338418e+01
1.999978788211179292e+01
1.999997332160205943e+01
2.000012391381496357e+01
1.999953826682614633e+01
1.999734192403957422e+01
