2.000000003239697577e+01
1.999843758055346044e+01
1.999860069121899642e+01
1.999859080865230965e+01
1.999859579509687535e+01
1.999859757379522307e+01
1.999859909420433013e+01
1.999860039567653658e+01
1.999860166133068873e+01
1.999860298551783799e+01
1.999860444028865558e+01
1.999860608522939387e+01
1.999860797436985749e+01
1.999861015918255447e+01
1.999861268983401885e+01
1.999861561547885458e+01
1.999861898404633820e+01
1.999862284181749317e+01
1.999862723295644784e+01
1.999863219912309731e+01
1.999863777927201980e+01
1.999864400973525846e+01
1.999865092470058414e+01
1.999865855718545760e+01
1.999866694064020578e+01
1.999867611131602274e+01
1.999868611155218900e+01
1.999869699405342516e+01
1.999870882756336243e+01
1.999872170300270824e+01
1.999873574383619612e+01
1.999875110417209711e+01
1.999876800833785495e+01
1.999878658002835863e+01
1.999880723838959895e+01
1.999882793946724746e+01
1.999884903385183321e+01
1.999883165524337869e+01
1.999874887623347064e+01
1.999794298103405765e+01
1.999566941268494702e+01
