2.437500004564624589e+01
2.420883489954960766e+01
2.360352803240878927e+01
2.281680946154222056e+01
2.206339238418236093e+01
2.142914337230821431e+01
2.093852865500744542e+01
2.058517332420395718e+01
2.034679673551152135e+01
2.019555178532961648e+01
2.010498484227386484e+01
2.005364731429409275e+01
2.002603095149392942e+01
2.001190715331062719e+01
2.000503636845717637e+01
2.000186475406184528e+01
2.000048862757985546e+01
1.999994313783918187e+01
1.999976311353033864e+01
1.999973421338714985e+01
1.999976171812532044e+01
1.999980550196944051e+01
1.999984947047525097e+01
1.999988781658687031e+01
1.999991904089989703e+01
1.999994339654423570e+01
1.999996179519589035e+01
1.999997532962960278e+01
1.999998506004585863e+01
1.999999192477045185e+01
1.999999669595374385e+01
2.000000002001848642e+01
2.000000225066567694e+01
2.000000398834144733e+01
2.000000363003041670e+01
2.000000352228326861e+01
1.999997920222942227e+01
1.999995289046396607e+01
1.999969118097381227e+01
2.000013935245167218e+01
2.000469870510278270e+01
