6.078724048783980649e+00
6.027800160640410354e+00
5.976849871182687401e+00
5.925872115420435904e+00
5.874865843157667911e+00
5.823829935953972914e+00
5.772763208490602871e+00
5.721664399620206787e+00
5.670532163222122612e+00
5.619365057643985750e+00
5.568161533913077221e+00
5.516919922801020171e+00
5.465638420927196428e+00
5.414315076169079255e+00
5.362947772729042661e+00
5.311534216275986431e+00
5.260071919629115911e+00
5.208558189474561395e+00
5.156990114599457442e+00
5.105364556091738670e+00
5.053678139889176357e+00
5.001927251972263733e+00
4.950108036388412458e+00
4.898216396175902432e+00
4.846247997131102103e+00
4.794198274236305402e+00
4.742062440440811599e+00
4.689835497365352879e+00
4.637512247378225538e+00
4.585087306367404913e+00
4.532555116400376782e+00
4.479909957313262581e+00
4.427145956073236022e+00
4.374257092492307208e+00
4.321237199294419185e+00
4.268079954125640896e+00
4.214778858391626137e+00
4.161327207847013376e+00
4.107718049939412808e+00
4.053944410154590727e+00
4.000000000000000000e+00
