6.078620922749697009e+00
6.027696981517819630e+00
5.976746637197033252e+00
5.925768826732840111e+00
5.874762501427134964e+00
5.823726545210491601e+00
5.772659776135558474e+00
5.721560937727505625e+00
5.670428690164379226e+00
5.619261600074252350e+00
5.568058129114057841e+00
5.516816621391426700e+00
5.465535289886854109e+00
5.414212202112110184e+00
5.362845265319865717e+00
5.311432211648392965e+00
5.259970583637067598e+00
5.208457720577237993e+00
5.156890746164742190e+00
5.105266557893434864e+00
5.053581818574564899e+00
5.001832950288212842e+00
4.950016130975353867e+00
4.898127293768475887e+00
4.846162129040772371e+00
4.794116089033568784e+00
4.741984394801880498e+00
4.689762045100047239e+00
4.637443826712369876e+00
4.585024325614779350e+00
4.532497938227076695e+00
4.479858881872627485e+00
4.427101203375659821e+00
4.374218784485948142e+00
4.321205342303980679e+00
4.268054422720088503e+00
4.214759382702317758e+00
4.161313370352353935e+00
4.107709305505756525e+00
4.053940189975950403e+00
4.000000000000000000e+00
