6.074795738830719216e+00
6.023869800233618399e+00
5.972917398574232095e+00
5.921937474261330436e+00
5.870928996177903869e+00
5.819890875568013655e+00
5.768821972138399090e+00
5.717721089994543426e+00
5.666586974480629202e+00
5.615418308616748178e+00
5.564213709286354614e+00
5.512971723133882840e+00
5.461690822150152336e+00
5.410369398916900607e+00
5.359005761478624841e+00
5.307598127806171462e+00
5.256144619812437746e+00
5.204643256875996826e+00
5.153091948823376178e+00
5.101488488315024661e+00
5.049830542573608305e+00
4.998115644386096790e+00
4.946341182303038764e+00
4.894504389949344336e+00
4.842602334350677218e+00
4.790631903168019790e+00
4.738589790719978545e+00
4.686472482657745964e+00
4.634276239141220444e+00
4.581997076346799425e+00
4.529630746118480822e+00
4.477172713557886041e+00
4.424618132341745280e+00
4.371961817598609024e+00
4.319198216281989744e+00
4.266321375688240103e+00
4.213324911346133739e+00
4.160201984684544385e+00
4.106945295304874399e+00
4.053547231201814149e+00
4.000000000000000000e+00
