6.074765377134469624e+00
6.023839421858795617e+00
5.972887001553114139e+00
5.921907054426408301e+00
5.870898547571524517e+00
5.819860390114162563e+00
5.768791439589999293e+00
5.717690498091704043e+00
5.666556309326351126e+00
5.615387555224300442e+00
5.564182852227227194e+00
5.512940747207051295e+00
5.461659713004658023e+00
5.410338143584888293e+00
5.358974348807128862e+00
5.307566548805520590e+00
5.256112867962064783e+00
5.204611328442857676e+00
5.153059843254908401e+00
5.101456208770038359e+00
5.049798096653563384e+00
4.998083045128375090e+00
4.946308449498781457e+00
4.894471551852042523e+00
4.842569429848264662e+00
4.790598984500460844e+00
4.738556926835927108e+00
4.686439763317251206e+00
4.634243779886126013e+00
4.581965024475616488e+00
4.529599287816562736e+00
4.477142082342931317e+00
4.424588618979921506e+00
4.371933781601873292e+00
4.319172098953678152e+00
4.266297714230381288e+00
4.213304352434896316e+00
4.160185292066092444e+00
4.106933338577565706e+00
4.053540905565011343e+00
4.000000000000000000e+00
