2.000000001420612605e+01
1.999846871166669260e+01
1.999942485270035064e+01
2.000072956962631210e+01
2.000286659095965192e+01
2.000611265139595929e+01
2.001083899864201854e+01
2.001747764775668514e+01
2.002651996995463080e+01
2.003850428697512598e+01
2.005399739165947537e+01
2.007356969396247592e+01
2.009776503098607492e+01
2.012706675545522828e+01
2.016186226213783783e+01
2.020240843779959405e+01
2.024880058629777224e+01
2.030094717683001448e+01
2.035855232746231636e+01
2.042110734051521348e+01
2.048789194216597309e+01
2.055798523547767331e+01
2.063028582488596641e+01
2.070354015241462520e+01
2.077637781005299900e+01
2.084735243899147150e+01
2.091498675599692447e+01
2.097782021414892384e+01
2.103445776944759871e+01
2.108361816536397626e+01
2.112418007340361115e+01
2.115522443065721703e+01
2.117607153936669562e+01
2.118631285064310887e+01
2.118584003901457891e+01
2.117488923185545246e+01
2.115413144940920986e+01
2.112501731220942602e+01
2.109049381531995948e+01
2.105855099137754038e+01
2.104575503221531108e+01
