2.000000000606965145e+01
1.999868773001579214e+01
1.999898752699495574e+01
1.999928014406110677e+01
1.999981650512074083e+01
2.000067574861379072e+01
2.000198414836574656e+01
2.000389445829826585e+01
2.000659180338637810e+01
2.001029493528868741e+01
2.001525623522290687e+01
2.002175963935377112e+01
2.003011621459045699e+01
2.004065718048353162e+01
2.005372435332402503e+01
2.006965819197952428e+01
2.008878383916190202e+01
2.011139575195486273e+01
2.013774167785257418e+01
2.016800683726632215e+01
2.020229920734389495e+01
2.024063676115954635e+01
2.028293740687368185e+01
2.032901220775555373e+01
2.037856226648056435e+01
2.043117944852059154e+01
2.048635092125772061e+01
2.054346731511970603e+01
2.060183418266540656e+01
2.066068634724379294e+01
2.071920470519420121e+01
2.077653506634730007e+01
2.083180881046365229e+01
2.088416516710051241e+01
2.093277654350123385e+01
2.097687365893048295e+01
2.101578443691405695e+01
2.104888889536501750e+01
2.107563690253747524e+01
2.109370928192285533e+01
2.109810792174266680e+01
