1.999999997016813680e+01
1.999850219327999667e+01
1.999867199303356813e+01
1.999866328463938814e+01
1.999867110554835392e+01
1.999867559311406850e+01
1.999868018622898447e+01
1.999868494438129218e+01
1.999869013162792797e+01
1.999869591715125594e+01
1.999870246145323804e+01
1.999870993250198836e+01
1.999871852198114652e+01
1.999872845934348575e+01
1.999874002655097982e+01
1.999875357449046476e+01
1.999876954170852983e+01
1.999878847587579855e+01
1.999881105826336736e+01
1.999883813142222877e+01
1.999887073018291161e+01
1.999891011598658608e+01
1.999895781444663356e+01
1.999901565592193364e+01
1.999908581875559932e+01
1.999917087463332166e+01
1.999927383526274127e+01
1.999939819907001137e+01
1.999954799568659425e+01
1.999972782338866395e+01
1.999994286970923341e+01
2.000019888413447333e+01
2.000050205151357829e+01
2.000085848555273671e+01
2.000127319504142065e+01
2.000174522998458926e+01
2.000226226014030928e+01
2.000274696902355487e+01
2.000306351498435120e+01
2.000230175760554019e+01
2.000001722587512631e+01
