2.319444448627387700e+01
2.232297094748923527e+01
2.160279523962859116e+01
2.104584207110429972e+01
2.064768146313487662e+01
2.038214333243249143e+01
2.021568868449346823e+01
2.011686625643460147e+01
2.006093121542465241e+01
2.003057866412776633e+01
2.001471985161457923e+01
2.000671934065745106e+01
2.000282078966332477e+01
2.000099323161084186e+01
2.000018012492552799e+01
1.999984947254650081e+01
1.999974071418630217e+01
1.999972924324562129e+01
1.999975676332809371e+01
1.999979665539567719e+01
1.999983720666682885e+01
1.999987364811770263e+01
1.999990441850895095e+01
1.999992941517810863e+01
1.999994916803913014e+01
1.999996444298337295e+01
1.999997604875852630e+01
1.999998474376998203e+01
1.999999119399646830e+01
1.999999595593142487e+01
1.999999946677266038e+01
2.000000200694107022e+01
2.000000359159357188e+01
2.000000341174547458e+01
1.999999867712933721e+01
1.999997724600946469e+01
1.999990876563373021e+01
1.999964855908276817e+01
1.999894792413765643e+01
1.999621100150029918e+01
1.999127454248809954e+01
