6.081454554315181227e+00
5.979584494245202109e+00
5.877606969900500467e+00
5.775511623429442132e+00
5.673289027508757520e+00
5.570929015526639994e+00
5.468420451858284181e+00
5.365750661647114228e+00
5.262903919161725952e+00
5.159859161752244461e+00
5.056586300202301487e+00
4.953044197469619547e+00
4.849178871103248412e+00
4.744927813067292277e+00
4.640221581967526099e+00
4.534995932230074800e+00
4.429192941005876349e+00
4.322783492690844831e+00
4.215761743047488963e+00
4.108170161842262580e+00
4.000000000000000000e+00
