6.075070459977363946e+00
5.973192606650938430e+00
5.871205365199397619e+00
5.769099333576836131e+00
5.666865381243590072e+00
5.564493459718057089e+00
5.461972547993226179e+00
5.359290314768631269e+00
5.256433017970705279e+00
5.153385080614589775e+00
5.050129275214815472e+00
4.946646062845469594e+00
4.842914062336422631e+00
4.738908479562664589e+00
4.634601834386475439e+00
4.529960392848182416e+00
4.424945530181749298e+00
4.319506838442669583e+00
4.213586024427325327e+00
4.107105335379544364e+00
4.000000000000000000e+00
