6.074719017139157629e+00
5.972841138379486381e+00
5.870854320796120795e+00
5.768748891123147260e+00
5.666515570735533913e+00
5.564144065921832194e+00
5.461623032701973912e+00
5.358939921066194323e+00
5.256080841978915785e+00
5.153030346550023566e+00
5.049771269943082785e+00
4.946284390913505469e+00
4.842548272418856214e+00
4.738538705207641755e+00
4.634228606540101048e+00
4.529587057825007257e+00
4.424579415784624103e+00
4.319165561444841650e+00
4.213300573978323804e+00
4.106931416367767262e+00
4.000000000000000000e+00
