2.000000000324700622e+01
2.029692767342266535e+01
2.114446531918370553e+01
2.220898039046934969e+01
2.286807448211306948e+01
2.266390993780493801e+01
2.177772286261438239e+01
2.086024158995049760e+01
2.030989336118618738e+01
2.008371182341763372e+01
2.001455329486350010e+01
1.999834986303209661e+01
1.999659418172959846e+01
1.999763131122456272e+01
1.999812933738218490e+01
2.000024629205677584e+01
1.999799658195134100e+01
2.000268293965818955e+01
1.999577368823392121e+01
2.000597349533502722e+01
1.998587054194922530e+01
