1.999999999623880242e+01
1.997926551640960113e+01
1.997718287334968679e+01
1.997411149501479954e+01
1.998562737797719180e+01
2.004852035830942469e+01
2.021370108004078858e+01
2.051612820758689537e+01
2.094356087275870948e+01
2.143247377720097546e+01
2.187594786689050963e+01
2.214643994039983710e+01
2.212611761470524741e+01
2.179396596244281525e+01
2.127020809818956337e+01
2.076085763868243461e+01
2.038778175209199262e+01
2.017701709204595417e+01
2.006610854370146058e+01
2.002789044811025931e+01
1.999998995867781559e+01
