2.000000000210497930e+01
1.998441599493422061e+01
1.998096817504693590e+01
1.997913038908565397e+01
1.997923982045213620e+01
1.997950787069218137e+01
1.997991031524757233e+01
1.997928204986905953e+01
1.998257528530429639e+01
1.999315132233778769e+01
2.002913156696068242e+01
2.009896640133834111e+01
2.022993933750634810e+01
2.041315790740410563e+01
2.066676309762467412e+01
2.094510788030386195e+01
2.125748400275263705e+01
2.152623830961312734e+01
2.175849847987244701e+01
2.186155076161826116e+01
2.188043566246460614e+01
