1.999999999757937630e+01
1.999303255445472161e+01
1.999332149975641570e+01
1.999171178754783895e+01
1.998875479101315022e+01
1.998540929187928938e+01
1.998226347140572301e+01
1.998069894590102535e+01
1.997938491739596500e+01
1.998007378906990894e+01
1.997903221957574615e+01
1.998205157711597835e+01
1.998324060928710111e+01
1.999856533508055989e+01
2.001803882950958524e+01
2.007400152066529131e+01
2.014141454801439934e+01
2.027187836334615412e+01
2.040390491576716059e+01
2.061814789940768122e+01
2.069746809958132872e+01
