1.999999999962816943e+01
1.998853596865777504e+01
1.999005331497505367e+01
1.999113536665940316e+01
1.999201268657818531e+01
1.999275364969501467e+01
1.999245215976762680e+01
1.999173441611418767e+01
1.998946049218521992e+01
1.998757471017628973e+01
1.998431018034960971e+01
1.998319170733443073e+01
1.998031705040181549e+01
1.998131292784807300e+01
1.997869200343371787e+01
1.998246243166954628e+01
1.998036722352076922e+01
1.999083980856275389e+01
1.999456929264296079e+01
2.002345987916059755e+01
2.002568653299613288e+01
