1.999999999835094400e+01
1.998724090516774154e+01
1.998792281469780363e+01
1.998790290998707420e+01
1.998788430876162181e+01
1.998791702575409346e+01
1.998787779999702252e+01
1.998796591771855802e+01
1.998789950569906182e+01
1.998811487180319091e+01
1.998800677921936497e+01
1.998849399305983709e+01
1.998829630256415157e+01
1.998927823261125880e+01
1.998880435284767998e+01
1.999056534940063301e+01
1.998933083977361136e+01
1.999225430316449348e+01
1.998932797069928213e+01
1.999408698644516491e+01
1.998522412146940042e+01
