2.000000000415601775e+01
1.998725244537934742e+01
1.998793771592942647e+01
1.998791889727254301e+01
1.998789748638057162e+01
1.998792440637206980e+01
1.998787457641646981e+01
1.998794839791059630e+01
1.998785614247305631e+01
1.998803390527626789e+01
1.998785952328299942e+01
1.998825838295116242e+01
1.998792864955284898e+01
1.998876699218833153e+01
1.998811528041804664e+01
1.998974014671072297e+01
1.998837500286346724e+01
1.999130012240867060e+01
1.998842143444803199e+01
1.999344929115361680e+01
1.998470866828802173e+01
