2.000000000098372510e+01
1.998725357590117113e+01
1.998793956690373719e+01
1.998792128634086751e+01
1.998789989906364184e+01
1.998792642397671671e+01
1.998787546142827054e+01
1.998794780981091890e+01
1.998785282175788325e+01
1.998802696189236983e+01
1.998784575537752772e+01
1.998823537849274601e+01
1.998789040923482219e+01
1.998871074360992139e+01
1.998803425393607114e+01
1.998963587463884295e+01
1.998824453670157197e+01
1.999115526148098709e+01
1.998826647443109294e+01
1.999330885613280273e+01
1.998457589219742658e+01
