1.999999999970586018e+01
1.998725546105194439e+01
1.998794917848692521e+01
1.998793963961396969e+01
1.998792473668253677e+01
1.998795527799909877e+01
1.998790136646969984e+01
1.998796669954053229e+01
1.998785406166215495e+01
1.998800479771125183e+01
1.998777983846419559e+01
1.998810985664736606e+01
1.998766343106532162e+01
1.998834995738368292e+01
1.998747740482517798e+01
1.998884976330703367e+01
1.998717744140266817e+01
1.998981464308573663e+01
1.998666364897060532e+01
1.999153263022309091e+01
1.998273942662854097e+01
