2.000000000212040518e+01
1.998725379375051858e+01
1.998794833912319646e+01
1.998794028051716509e+01
1.998792734130382698e+01
1.998796014377403552e+01
1.998790806612810300e+01
1.998797447942411054e+01
1.998786151410315881e+01
1.998801037571316996e+01
1.998778172397899056e+01
1.998810553854723437e+01
1.998765016768615510e+01
1.998832200593989938e+01
1.998742937946224885e+01
1.998876965442617859e+01
1.998705780790767506e+01
1.998963726386173079e+01
1.998642609377955282e+01
1.999121522425851438e+01
1.998238917183198282e+01
