6.078183281311584807e+00
6.027259474445807896e+00
5.976309848465515273e+00
5.925332715830531782e+00
5.874324722948515820e+00
5.823278213632579359e+00
5.772180637854135377e+00
5.721016409642410316e+00
5.669770380947899646e+00
5.618430884858580221e+00
5.566992252937856378e+00
5.515456423445475487e+00
5.463834115998941421e+00
5.412144297145123240e+00
5.360411560964569055e+00
5.308660676520529975e+00
5.256910528728568899e+00
5.205169847755186652e+00
5.153437030512670880e+00
5.101703001653614677e+00
5.049955220579413151e+00
4.998180744566211864e+00
4.946367987102936681e+00
4.894507231167274597e+00
4.842590556057939644e+00
4.790611432898419508e+00
4.738564321712275706e+00
4.686444287519101692e+00
4.634246723216184805e+00
4.581967130309617886e+00
4.529600977463335454e+00
4.477143583911215252e+00
4.424590056581269693e+00
4.371935211876839311e+00
4.319173552988412546e+00
4.266299193920931820e+00
4.213305857647173802e+00
4.160186786350558386e+00
4.106934750200633033e+00
4.053541936349720487e+00
4.000000000000000000e+00
