1.999999992235759905e+01
2.000147349334357116e+01
2.000096672795063313e+01
2.000289878231418683e+01
2.000324598506422191e+01
2.000618721431160196e+01
2.000765086300190632e+01
2.001175363542798635e+01
2.001428713877452381e+01
2.001929962883200531e+01
2.002240363533362100e+01
2.002760187120496127e+01
2.003033561867681200e+01
2.003462342904442650e+01
2.003579588291261970e+01
2.003798987842617407e+01
2.003652980974352360e+01
2.003579423044963193e+01
2.003120809138881597e+01
2.002747824752471573e+01
2.002016996829577522e+01
2.001430551967527904e+01
2.000552018282568412e+01
1.999903211573274220e+01
1.999039797106303951e+01
1.998487286028888121e+01
1.997779445284702504e+01
1.997434453189505632e+01
1.996958039466530010e+01
1.996859067485616634e+01
1.996617885879689780e+01
1.996739137506787642e+01
1.996685332378629596e+01
1.996964289884650867e+01
1.997028467029698007e+01
1.997394709268480995e+01
1.997510755870485610e+01
1.997905284870186549e+01
1.998023641961806263e+01
1.998409276282615821e+01
1.998405014662421308e+01
