1.999999992911293134e+01
2.000177171643658980e+01
2.000034657682682848e+01
2.000152265150801512e+01
2.000016351810479875e+01
2.000149595987490869e+01
2.000033417579518158e+01
2.000201460144863219e+01
2.000128514545674108e+01
2.000356845827877805e+01
2.000353329180659401e+01
2.000664648841424054e+01
2.000747586574729908e+01
2.001148580452286296e+01
2.001312796096940971e+01
2.001782865093307606e+01
2.001992837520139545e+01
2.002480176530417921e+01
2.002671100855101116e+01
2.003099222441635519e+01
2.003189130324379974e+01
2.003474354782386158e+01
2.003386182083131573e+01
2.003462883746331613e+01
2.003150746960141504e+01
2.002995990179701380e+01
2.002465171057633242e+01
2.002111293270036541e+01
2.001421312339227043e+01
2.000948633980299718e+01
2.000196095047290257e+01
1.999707884438370087e+01
1.998996558932937617e+01
1.998587871933956350e+01
1.997999802329493235e+01
1.997733809011723594e+01
1.997312756972778658e+01
1.997212111502382470e+01
1.996962457649700085e+01
1.997015606917015162e+01
1.996888140808732715e+01
