1.999999998024764025e+01
2.000069855964149568e+01
2.000030768108441492e+01
2.000128345734090729e+01
2.000082481287532232e+01
2.000160228639087734e+01
2.000108277873999540e+01
2.000167958273058133e+01
2.000112429725377083e+01
2.000158290804832362e+01
2.000102937549608839e+01
2.000140208463602320e+01
2.000089526098790316e+01
2.000124772347317403e+01
2.000085075404577140e+01
2.000127574477760817e+01
2.000108334466305493e+01
2.000170863784621389e+01
2.000184658215897571e+01
2.000282253775321095e+01
2.000342311102849635e+01
2.000488575685604431e+01
2.000604165787606803e+01
2.000806033718703603e+01
2.000977157750494939e+01
2.001229945012109113e+01
2.001443318436390939e+01
2.001728013780618554e+01
2.001956080183252240e+01
2.002240260147753759e+01
2.002444162516032478e+01
2.002686931595174968e+01
2.002823267697485576e+01
2.002983447774509074e+01
2.003013430432435271e+01
2.003059057351892847e+01
2.002957671708475473e+01
2.002874076196695441e+01
2.002636515940769968e+01
2.002427138069596424e+01
2.002176758549467195e+01
