2.000000014300273676e+01
2.000242223740443848e+01
2.000112890422812129e+01
2.000274558709449124e+01
2.000076594440955446e+01
2.000135553034165881e+01
1.999836593694622877e+01
1.999805962028153772e+01
1.999491784874546241e+01
1.999654224903263966e+01
2.000096017852720820e+01
2.002128596472099176e+01
2.006173236022049267e+01
2.013860391476477929e+01
2.025403187341255418e+01
2.041644501411519386e+01
2.061701330943130728e+01
2.085277914777923058e+01
2.110558755519522123e+01
2.136547800645623951e+01
2.160980036279153893e+01
2.182574343011696882e+01
2.199008520115006249e+01
2.209191514514284904e+01
2.211442954042808395e+01
2.205797601339230241e+01
2.192261326701155966e+01
2.172756498523230206e+01
2.149039546318916649e+01
2.124004110622323083e+01
2.099490207301784039e+01
2.077501324979730413e+01
2.058607291109314019e+01
2.043379506996087613e+01
2.031363866144133468e+01
2.022351482119760746e+01
2.015632539624657227e+01
2.010823226186924018e+01
2.007391799330637383e+01
2.004974009870430862e+01
2.003846239406266250e+01
