4.045195581213335778e+00
4.044440407543161697e+00
4.043686327566490490e+00
4.042933427124967949e+00
4.042181775179805925e+00
4.041431450972323702e+00
4.040682561370680048e+00
4.039935248808919077e+00
4.039189696722021772e+00
4.038446134160238010e+00
4.037704840552842178e+00
4.036966150610266979e+00
4.036230459087756017e+00
4.035498224976275417e+00
4.034769974678823701e+00
4.034046303776486653e+00
4.033327877065110201e+00
4.032615426623638477e+00
4.031909747761454277e+00
4.031211692774991029e+00
4.030522162520036034e+00
4.029842095881408071e+00
4.029172457287486964e+00
4.028514222473254414e+00
4.027868362744714936e+00
4.027235828031603404e+00
4.026617529041409682e+00
4.026014318843253115e+00
4.025426974216186338e+00
4.024856177098817156e+00
4.024302496475381297e+00
4.023766371029608990e+00
4.023248092897665273e+00
4.022747792851242288e+00
4.022265427246128233e+00
4.021800767077654548e+00
4.021353389491137520e+00
4.020922672100266659e+00
4.020507790465551068e+00
4.020107719073959807e+00
4.019721236134349063e+00
4.019346932456489441e+00
4.018983224609294247e+00
4.018628372452832664e+00
4.018280501007395422e+00
4.017937626462240175e+00
4.017597685942016383e+00
4.017258570448766442e+00
4.016918160195154464e+00
4.016574361356003209e+00
4.016225143109016571e+00
4.015868573729981961e+00
4.015502854468723015e+00
4.015126349971207986e+00
4.014737614133682797e+00
4.014335410473271359e+00
4.013918726362227574e+00
4.013486780779995655e+00
4.013039025563156059e+00
4.012575140450319822e+00
4.012095022502144559e+00
4.011598770704721595e+00
4.011086666723214122e+00
4.010559152857857690e+00
4.010016808266049892e+00
4.009460324462857272e+00
4.008890481011175844e+00
4.008308122177113297e+00
4.007714135174798464e+00
4.007109430474972811e+00
4.006494924518632317e+00
4.005871525095135333e+00
4.005240119618014738e+00
4.004601566677786550e+00
4.003956691554867220e+00
4.003306287355217208e+00
4.002651124787908188e+00
4.001991978012635620e+00
4.001329678599398143e+00
4.000665229075629270e+00
4.000000000000000000e+00
