4.050220139065277003e+00
4.049458206322363196e+00
4.048697440113018686e+00
4.047937784006741424e+00
4.047179203914793355e+00
4.046421682719293145e+00
4.045665214186773717e+00
4.044909797846292676e+00
4.044155435963324052e+00
4.043402132014004557e+00
4.042649890116051914e+00
4.041898714986958296e+00
4.041148612195952339e+00
4.040399588585024127e+00
4.039651652799794768e+00
4.038904815902299106e+00
4.038159092053761334e+00
4.037414499261328338e+00
4.036671060186532323e+00
4.035928803013963950e+00
4.035187762378385834e+00
4.034447980348868867e+00
4.033709507467150068e+00
4.032972403836012631e+00
4.032236740251969209e+00
4.031502599373385287e+00
4.030770076912062905e+00
4.030039282832494685e+00
4.029310342538922285e+00
4.028583398026280626e+00
4.027858608967477494e+00
4.027136153706122990e+00
4.026416230121654394e+00
4.025699056332253001e+00
4.024984871200724790e+00
4.024273934609226444e+00
4.023566527470616272e+00
4.022862951447240043e+00
4.022163528351744510e+00
4.021468599209308437e+00
4.020778522965933632e+00
4.020093674833257857e+00
4.019414444266357300e+00
4.018741232577049516e+00
4.018074450191186919e+00
4.017414513564014023e+00
4.016761841772948038e+00
4.016116852811866700e+00
4.015479959615182892e+00
4.014851565843602366e+00
4.014232061466587176e+00
4.013621818179244904e+00
4.013021184693681853e+00
4.012430481946879013e+00
4.011849998269179096e+00
4.011279984559579681e+00
4.010720649516088976e+00
4.010172154971932912e+00
4.009634611391238224e+00
4.009108073581188592e+00
4.008592536681454099e+00
4.008087932496072092e+00
4.007594126238064547e+00
4.007110913763243687e+00
4.006638019376656423e+00
4.006175094304919249e+00
4.005721715941262140e+00
4.005277387990243021e+00
4.004841541672515604e+00
4.004413538204437017e+00
4.003992672856597324e+00
4.003578181043287110e+00
4.003169247127538632e+00
4.002765016988767854e+00
4.002364615908511780e+00
4.001967174039655184e+00
4.001571862407414137e+00
4.001177942990728376e+00
4.000784835103604387e+00
4.000392196552307489e+00
4.000000000000000000e+00
