4.058569943442641659e+00
4.057796294907491053e+00
4.057023771216252683e+00
4.056252319948548291e+00
4.055481934184633985e+00
4.054712620858144767e+00
4.053944386390044841e+00
4.053177232484568293e+00
4.052411156278466819e+00
4.051646151970716758e+00
4.050882212506295765e+00
4.050119330830620257e+00
4.049357500650102359e+00
4.048596716805223927e+00
4.047836975389021319e+00
4.047078273718603292e+00
4.046320610229554582e+00
4.045563984332273044e+00
4.044808396250307858e+00
4.044053846851459078e+00
4.043300337478838102e+00
4.042547869788562842e+00
4.041796445600541965e+00
4.041046066767971290e+00
4.040296735069921930e+00
4.039548452129086975e+00
4.038801219354742678e+00
4.038055037909195732e+00
4.037309908694434846e+00
4.036565832354911620e+00
4.035822809292256785e+00
4.035080839687770649e+00
4.034339923529178584e+00
4.033600060638744544e+00
4.032861250700618072e+00
4.032123493285975080e+00
4.031386787875124611e+00
4.030651133876226311e+00
4.029916530640622163e+00
4.029182977475016969e+00
4.028450473650861952e+00
4.027719018411392682e+00
4.026988610976729888e+00
4.026259250547444601e+00
4.025530936306942031e+00
4.024803667422940379e+00
4.024077443048279967e+00
4.023352262321230555e+00
4.022628124365431823e+00
4.021905028289548767e+00
4.021182973186705922e+00
4.020461958133735969e+00
4.019741982190268459e+00
4.019023044397663114e+00
4.018305143777798349e+00
4.017588279331693712e+00
4.016872450037983100e+00
4.016157654851229886e+00
4.015443892700051975e+00
4.014731162485092320e+00
4.014019463076777150e+00
4.013308793312937439e+00
4.012599151996241176e+00
4.011890537891448894e+00
4.011182949722622126e+00
4.010476386170262586e+00
4.009770845868629863e+00
4.009066327403553842e+00
4.008362829311231224e+00
4.007660350079160771e+00
4.006958888151036291e+00
4.006258441939248627e+00
4.005559009850053975e+00
4.004860590334275550e+00
4.004163181975441077e+00
4.003466783660901918e+00
4.002771394860574539e+00
4.002077016231850415e+00
4.001383650670432779e+00
4.000691306275317771e+00
4.000000000000000000e+00
