4.058578733545333606e+00
4.057804844085895368e+00
4.057032013260290171e+00
4.056260254750728045e+00
4.055489585530844820e+00
4.054720017569230173e+00
4.053951555761626580e+00
4.053184198708595254e+00
4.052417940915847616e+00
4.051652774974756177e+00
4.050888693202633561e+00
4.050125688619839792e+00
4.049363755378874608e+00
4.048602888818863654e+00
4.047843085312319289e+00
4.047084342031696202e+00
4.046326656719259951e+00
4.045570027504846067e+00
4.044814452786977377e+00
4.044059931173764610e+00
4.043306461469119206e+00
4.042554042686359317e+00
4.041802674072076940e+00
4.041052355126429241e+00
4.040303085611061107e+00
4.039554865540107009e+00
4.038807695153748156e+00
4.038061574876660842e+00
4.037316505265348354e+00
4.036572486949117078e+00
4.035829520569429008e+00
4.035087606721758924e+00
4.034346745903295783e+00
4.033606938468777159e+00
4.032868184595888472e+00
4.032130484260737724e+00
4.031393837223284926e+00
4.030658243022049447e+00
4.029923700977017020e+00
4.029190210199483424e+00
4.028457769607402206e+00
4.027726377944811809e+00
4.026996033803917463e+00
4.026266735648506234e+00
4.025538481837537041e+00
4.024811270647853156e+00
4.024085100295168971e+00
4.023359968952636478e+00
4.022635874766474551e+00
4.021912815868335933e+00
4.021190790384235214e+00
4.020469796439987142e+00
4.019749832163277858e+00
4.019030895682566218e+00
4.018312985123121628e+00
4.017596098600565213e+00
4.016880234212300671e+00
4.016165390027397919e+00
4.015451564075219082e+00
4.014738754333379234e+00
4.014026958715414040e+00
4.013316175058508684e+00
4.012606401111755261e+00
4.011897634525057654e+00
4.011189872839056925e+00
4.010483113476212225e+00
4.009777353733198879e+00
4.009072590774710676e+00
4.008368821628713441e+00
4.007666043183551352e+00
4.006964252187151132e+00
4.006263445249916622e+00
4.005563618854066199e+00
4.004864769380431788e+00
4.004166893169752051e+00
4.003469986687261617e+00
4.002774046885599901e+00
4.002079072139760996e+00
4.001385064145715376e+00
4.000692032444227664e+00
4.000000000000000000e+00
