4.058584950763661325e+00
4.057811008141580800e+00
4.057038150837092516e+00
4.056266348402517430e+00
4.055495587457390805e+00
4.054725866498569253e+00
4.053957191315166853e+00
4.053189570675073128e+00
4.052423013676586194e+00
4.051657528291638499e+00
4.050893120761489108e+00
4.050129795477387162e+00
4.049367555125271245e+00
4.048606400953071116e+00
4.047846333080356018e+00
4.047087350801901628e+00
4.046329452856587849e+00
4.045572637645530989e+00
4.044816903393714469e+00
4.044062248257405123e+00
4.043308670384707426e+00
4.042556167940141165e+00
4.041804739105091748e+00
4.041054382064938721e+00
4.040305094991952117e+00
4.039556876030456323e+00
4.038809723288210307e+00
4.038063634835838300e+00
4.037318608714361545e+00
4.036574642949582348e+00
4.035831735571458800e+00
4.035089884636232860e+00
4.034349088249183701e+00
4.033609344586032819e+00
4.032870651911433235e+00
4.032133008593376644e+00
4.031396413112811494e+00
4.030660864068094540e+00
4.029926360174228783e+00
4.029192900257155152e+00
4.028460483243512691e+00
4.027729108146447246e+00
4.026998774048140106e+00
4.026269480079755603e+00
4.025541225399537737e+00
4.024814009169778828e+00
4.024087830533325416e+00
4.023362688590199632e+00
4.022638582374919558e+00
4.021915510834971563e+00
4.021193472810773883e+00
4.020472467017407681e+00
4.019752492028296764e+00
4.019033546260930123e+00
4.018315627964579306e+00
4.017598735209973349e+00
4.016882865880682552e+00
4.016168017666101875e+00
4.015454188055691098e+00
4.014741374334215962e+00
4.014029573577682086e+00
4.013318782649604621e+00
4.012608998197407573e+00
4.011900216648602857e+00
4.011192434206662938e+00
4.010485646846306373e+00
4.009779850308309079e+00
4.009075040094033149e+00
4.008371211460082684e+00
4.007668359414574333e+00
4.006966478716573299e+00
4.006265563884189085e+00
4.005565609218561640e+00
4.004866608862308830e+00
4.004168556920834732e+00
4.003471447726683508e+00
4.002775276359803236e+00
4.002080039810551604e+00
4.001385739202221181e+00
4.000692384591452821e+00
4.000000000000000000e+00
