4.058576772806175903e+00
4.057802964384110034e+00
4.057030086862066121e+00
4.056258199948629795e+00
4.055487339198223573e+00
4.054717521711464379e+00
4.053948754852221725e+00
4.053181041905546955e+00
4.052414385284461851e+00
4.051648787861129364e+00
4.050884253263847157e+00
4.050120785673096080e+00
4.049358389451596985e+00
4.048597068776047081e+00
4.047836827344210242e+00
4.047077668176633836e+00
4.046319593507165635e+00
4.045562604745583712e+00
4.044806702494280870e+00
4.044051886603185153e+00
4.043298156249985453e+00
4.042545510036312351e+00
4.041793946092812284e+00
4.041043462187408508e+00
4.040294055832428732e+00
4.039545724386684356e+00
4.038798465149133321e+00
4.038052275441526895e+00
4.037307152677999333e+00
4.036563094420324127e+00
4.035820098418394508e+00
4.035078162636195565e+00
4.034337285264279593e+00
4.033597464720152459e+00
4.032858699638436129e+00
4.032120988852834209e+00
4.031384331372038332e+00
4.030648726351604871e+00
4.029914173063658289e+00
4.029180670866111313e+00
4.028448219172758193e+00
4.027716817425373463e+00
4.026986465068597809e+00
4.026257161528164374e+00
4.025528906192771927e+00
4.024801698399695482e+00
4.024075537424065985e+00
4.023350422471548171e+00
4.022626352674124384e+00
4.021903327088603319e+00
4.021181344697401627e+00
4.020460404411113409e+00
4.019740505072443959e+00
4.019021645461098302e+00
4.018303824299128912e+00
4.017587040256541009e+00
4.016871291956635837e+00
4.016156577980929399e+00
4.015442896873427259e+00
4.014730247143997843e+00
4.014018627270743877e+00
4.013308035701324883e+00
4.012598470853107280e+00
4.011889931112161634e+00
4.011182414831143461e+00
4.010475920326307175e+00
4.009770445873723332e+00
4.009065989705097088e+00
4.008362550004114233e+00
4.007660124904695920e+00
4.006958712493890573e+00
4.006258310823860747e+00
4.005558917940776453e+00
4.004860531947365132e+00
4.004163151117761998e+00
4.003466774112644622e+00
4.002771400322984618e+00
4.002077030508109701e+00
4.001383667755583851e+00
4.000691319702902149e+00
4.000000000000000000e+00
