4.058575776254961021e+00
4.057802005275413570e+00
4.057029323620576555e+00
4.056257690352365941e+00
4.055487092881728373e+00
4.054717532233513388e+00
4.053949015514351828e+00
4.053181551158743900e+00
4.052415146223550479e+00
4.051649805173862084e+00
4.050885529731007573e+00
4.050122319344347410e+00
4.049360171931314589e+00
4.048599084635958079e+00
4.047839054461818797e+00
4.047080078718880536e+00
4.046322155281576904e+00
4.045565282686775177e+00
4.044809460114702659e+00
4.044054687297072626e+00
4.043300964390538432e+00
4.042548291844741293e+00
4.041796670284210080e+00
4.041046100414511955e+00
4.040296582956099947e+00
4.039548118604103344e+00
4.038800708009324225e+00
4.038054351774327699e+00
4.037309050458351756e+00
4.036564804585573540e+00
4.035821614652523870e+00
4.035079481131816692e+00
4.034338404470868333e+00
4.033598385085327642e+00
4.032859423347904482e+00
4.032121519573858670e+00
4.031384674004703683e+00
4.030648886791746932e+00
4.029914157980921452e+00
4.029180487500167551e+00
4.028447875150232171e+00
4.027716320599444622e+00
4.026985823382655205e+00
4.026256382904229270e+00
4.025527998444746736e+00
4.024800669170855549e+00
4.024074394147618250e+00
4.023349172352598480e+00
4.022625002690939588e+00
4.021901884010732786e+00
4.021179815118002487e+00
4.020458794790737755e+00
4.019738821791527528e+00
4.019019894878456789e+00
4.018302012813986579e+00
4.017585174371756551e+00
4.016869378341236363e+00
4.016154623530309387e+00
4.015440908765906869e+00
4.014728232892899484e+00
4.014016594771439017e+00
4.013305993273030836e+00
4.012596427275649802e+00
4.011887895658088787e+00
4.011180397293895084e+00
4.010473931045118512e+00
4.009768495756130591e+00
4.009064090247894008e+00
4.008360713313008361e+00
4.007658363711914085e+00
4.006957040170979312e+00
4.006256741384392583e+00
4.005557466022189317e+00
4.004859212752698738e+00
4.004161980289184797e+00
4.003465767494472693e+00
4.002770573561159395e+00
4.002076398372991228e+00
4.001383242906157989e+00
4.000691109736886020e+00
4.000000000000000000e+00
