4.058568453457787939e+00
4.057794585739014970e+00
4.057021902015905290e+00
4.056250359148274143e+00
4.055479928562330194e+00
4.054710588736702981e+00
4.053942323158372218e+00
4.053175119323284115e+00
4.052408968260063027e+00
4.051643864039328413e+00
4.050879803223815578e+00
4.050116784276976745e+00
4.049354806993322953e+00
4.048593871995866067e+00
4.047833980327082415e+00
4.047075133141753156e+00
4.046317331498103798e+00
4.045560576235938122e+00
4.044804867926604430e+00
4.044050206877635389e+00
4.043296593174542153e+00
4.042544026743593477e+00
4.041792507421769542e+00
4.041042035023119539e+00
4.040292609394340317e+00
4.039544230455721419e+00
4.038796898226427956e+00
4.038050612835333730e+00
4.037305374519955414e+00
4.036561183616639958e+00
4.035818040545228413e+00
4.035075945790956631e+00
4.034334899885781311e+00
4.033594903390564923e+00
4.032855956878920622e+00
4.032118060922956104e+00
4.031381216080841767e+00
4.030645422885885232e+00
4.029910681836739172e+00
4.029176993388429828e+00
4.028444357943990362e+00
4.027712775846637783e+00
4.026982247372548507e+00
4.026252772724395079e+00
4.025524352025908748e+00
4.024796985317721898e+00
4.024070672554757699e+00
4.023345413605366794e+00
4.022621208252347813e+00
4.021898056195920113e+00
4.021175957058559014e+00
4.020454910391573655e+00
4.019734915683207177e+00
4.019015972368026546e+00
4.018298079837214765e+00
4.017581237449464382e+00
4.016865444542111696e+00
4.016150700442167931e+00
4.015437004477004024e+00
4.014724355984358617e+00
4.014012754321552023e+00
4.013302198873669013e+00
4.012592689060621609e+00
4.011884224343182481e+00
4.011176804227917003e+00
4.010470428271079690e+00
4.009765096081781444e+00
4.009060807324689613e+00
4.008357561722876383e+00
4.007655359061667255e+00
4.006954199195050137e+00
4.006254082057878030e+00
4.005555007688082370e+00
4.004856976267712199e+00
4.004159988189780250e+00
4.003464044160408797e+00
4.002769145286739771e+00
4.002075293025282754e+00
4.001382488350962774e+00
4.000690728943338215e+00
4.000000000000000000e+00
