4.049761374938316116e+00
4.049909031960345906e+00
4.050029754282240546e+00
4.050102992406249491e+00
4.050117529062230659e+00
4.050068122676417026e+00
4.049953072303467572e+00
4.049772837846240314e+00
4.049529272214206443e+00
4.049225197827101219e+00
4.048864147139416225e+00
4.048450175472653179e+00
4.047987701734057531e+00
4.047481360869567446e+00
4.046935865468749505e+00
4.046355879722514537e+00
4.045745910215029717e+00
4.045110217122062757e+00
4.044452747617700794e+00
4.043777091442245286e+00
4.043086457043530757e+00
4.042383665638976886e+00
4.041671159945518177e+00
4.040951024128252023e+00
4.040225011638915120e+00
4.039494577935528241e+00
4.038760915522546568e+00
4.038024989251351116e+00
4.037287570321654862e+00
4.036549267892050707e+00
4.035810557616283489e+00
4.035071806759446211e+00
4.034333295814610310e+00
4.033595236735816769e+00
4.032857788035966173e+00
4.032121067075662424e+00
4.031385159906313298e+00
4.030650129036525975e+00
4.029916019473131605e+00
4.029182863355145194e+00
4.028450683462042825e+00
4.027719495836280750e+00
4.026989311718766729e+00
4.026260138960604529e+00
4.025531983038765027e+00
4.024804847777659234e+00
4.024078735856063460e+00
4.023353649158044831e+00
4.022629589011207152e+00
4.021906556347310868e+00
4.021184551807772678e+00
4.020463575810810930e+00
4.019743628595791485e+00
4.019024710248204180e+00
4.018306820714479421e+00
4.017589959811705747e+00
4.016874127234039804e+00
4.016159322556262623e+00
4.015445545233965241e+00
4.014732794604956467e+00
4.014021069892101501e+00
4.013310370205234179e+00
4.012600694544837587e+00
4.011892041799155706e+00
4.011184410748918516e+00
4.010477800076641230e+00
4.009772208354925205e+00
4.009067634055962337e+00
4.008364075555316042e+00
4.007661531123731358e+00
4.006959998933047551e+00
4.006259477043720985e+00
4.005559963395071144e+00
4.004861455806520532e+00
4.004163951926626552e+00
4.003467449294332958e+00
4.002771945349841154e+00
4.002077438579863866e+00
4.001383930559599733e+00
4.000691438234649233e+00
4.000000000000000000e+00
