2.000052104607246761e+01
2.000122688477662436e+01
2.000188261813949708e+01
2.000275108644892086e+01
2.000404345973908349e+01
2.000598178178594821e+01
2.000879209422298644e+01
2.001271509196403997e+01
2.001801385398322708e+01
2.002498081387324547e+01
2.003394045220610309e+01
2.004524808092309129e+01
2.005928486220100737e+01
2.007644988211417925e+01
2.009714983745725547e+01
2.012178704404027130e+01
2.015074625201655678e+01
2.018438086310164437e+01
2.022299906453618235e+01
2.026685040659529236e+01
2.031611331854680103e+01
2.037088406507045590e+01
2.043116746852482279e+01
2.049686976903337055e+01
2.056779375789473008e+01
2.064363631872721783e+01
2.072398833466002088e+01
2.080833689973769651e+01
2.089606964800412214e+01
2.098648104440039575e+01
2.107878040399519293e+01
2.117210147048640678e+01
2.126551336706685902e+01
2.135803280002851778e+01
2.144863740995419477e+01
2.153628021232412593e+01
2.161990508990949778e+01
2.169846329597135792e+01
2.177093091957551962e+01
2.183632721288502765e+01
2.189373361036783550e+01
2.194231317625942168e+01
2.198133009099913338e+01
2.201016866556438956e+01
2.202835123333956346e+01
2.203555416062573613e+01
2.203162113145697276e+01
2.201657283320014358e+01
2.199061221268264177e+01
2.195412458739249573e+01
2.190767210549691413e+01
2.185198232798234841e+01
2.178793104493152910e+01
2.171651981317811675e+01
2.163884906403128738e+01
2.155608794987921684e+01
2.146944233390668444e+01
2.138012245848633341e+01
2.128931182417455403e+01
2.119813869214879176e+01
2.110765139497478415e+01
2.101879832984334229e+01
2.093241315291274773e+01
2.084920535033915456e+01
2.076975600830123270e+01
2.069451835331855705e+01
2.062382241632218083e+01
2.055788307334479370e+01
2.049681065065968966e+01
2.044062338260114231e+01
2.038926106720067821e+01
2.034259969266285495e+01
2.030046694527483808e+01
2.026265999582974686e+01
2.022896696469608102e+01
2.019920008424451296e+01
2.017324522599912129e+01
2.015116644596114170e+01
2.013337147389113824e+01
2.012103103680014016e+01
2.011648863973096013e+01
