1.999922353870137925e+01
1.999942890943718155e+01
1.999948072610652616e+01
1.999944909978474428e+01
1.999935254379182226e+01
1.999921150031096317e+01
1.999904684935794918e+01
1.999888084005693401e+01
1.999873325761798526e+01
1.999861921783503149e+01
1.999854807950416813e+01
1.999852366003712234e+01
1.999854512545656604e+01
1.999860817056550033e+01
1.999870617889914470e+01
1.999883123292917375e+01
1.999897491500551183e+01
1.999912891248449753e+01
1.999928545202642738e+01
1.999943759879003835e+01
1.999957944476706118e+01
1.999970621633899981e+01
1.999981431120995268e+01
1.999990128432592584e+01
1.999996578932055158e+01
2.000000748692336217e+01
2.000002692777928814e+01
2.000002541865397632e+01
2.000000487713527875e+01
1.999996768459214991e+01
1.999991654026942811e+01
1.999985432467268964e+01
1.999978397425811849e+01
1.999970837205393792e+01
1.999963025575421582e+01
1.999955214480561594e+01
1.999947628681106693e+01
1.999940462238624050e+01
1.999933876729350146e+01
1.999928001030571778e+01
1.999922932414689569e+01
1.999918738761543224e+01
1.999915461571032793e+01
1.999913119631699132e+01
1.999911713034680361e+01
1.999911227401562286e+01
1.999911638104156353e+01
1.999912914396411523e+01
1.999915023319369212e+01
1.999917933328557140e+01
1.999921617582160493e+01
1.999926056902845417e+01
1.999931242377171259e+01
1.999937177677440658e+01
1.999943880953422237e+01
1.999951386702147715e+01
1.999959747152882272e+01
1.999969033760297066e+01
1.999979338244709481e+01
1.999990773853221881e+01
2.000003476333755614e+01
2.000017604954662431e+01
2.000033343385225493e+01
2.000050900679684318e+01
2.000070511609309065e+01
2.000092437161326586e+01
2.000116963902779332e+01
2.000144402467021720e+01
2.000175084048049712e+01
2.000209353088793662e+01
2.000247554743434009e+01
2.000290013595111205e+01
2.000336995437667653e+01
2.000388646910014501e+01
2.000444884086073571e+01
2.000505224440331276e+01
2.000568441910616357e+01
2.000632107521384029e+01
2.000691537662964237e+01
2.000739204656248305e+01
2.000761938164941967e+01
