2.000024513035059215e+01
2.000037219373326636e+01
2.000060950022335504e+01
2.000079627634605473e+01
2.000086268210008100e+01
2.000082050248579790e+01
2.000069912655476756e+01
2.000052946308555946e+01
2.000033591470378269e+01
2.000013672393135522e+01
1.999994532469902353e+01
1.999977176995975015e+01
1.999962347248796135e+01
1.999950550713424491e+01
1.999942069939794465e+01
1.999936971736912028e+01
1.999935125542162240e+01
1.999936233217506043e+01
1.999939866968448143e+01
1.999945511257979192e+01
1.999952603948382546e+01
1.999960574005742586e+01
1.999968873115333423e+01
1.999977000824017637e+01
1.999984522659633512e+01
1.999991081923579372e+01
1.999996405601493876e+01
2.000000305582956273e+01
2.000002675648626749e+01
2.000003485519378543e+01
2.000002772447903965e+01
2.000000631335889523e+01
1.999997203913098076e+01
1.999992667604959351e+01
1.999987224581510503e+01
1.999981091441598835e+01
1.999974489813036627e+01
1.999967638116806867e+01
1.999960744682430658e+01
1.999954002284947308e+01
1.999947584091314923e+01
1.999941641026747874e+01
1.999936300416027635e+01
1.999931665786918700e+01
1.999927817709851041e+01
1.999924815461503513e+01
1.999922699316390151e+01
1.999921493423257601e+01
1.999921208941078987e+01
1.999921847354934457e+01
1.999923403956481494e+01
1.999925871137751798e+01
1.999929241734958296e+01
1.999933512096925980e+01
1.999938684913054487e+01
1.999944772013602901e+01
1.999951796570871565e+01
1.999959795459870193e+01
1.999968821153560583e+01
1.999978943473066550e+01
1.999990251120457074e+01
2.000002853387644208e+01
2.000016880764980698e+01
2.000032486824770217e+01
2.000049848322747437e+01
2.000069165881547306e+01
2.000090663811448621e+01
2.000114588660082049e+01
2.000141206408081374e+01
2.000170796926192196e+01
2.000203643566368683e+01
2.000240016496822548e+01
2.000280144089638412e+01
2.000324171058127831e+01
2.000372090831803007e+01
2.000423659075726945e+01
2.000478238682062937e+01
2.000534603598798356e+01
2.000590283659061441e+01
2.000640294183035195e+01
2.000671417824923992e+01
