1.999900437877520787e+01
1.999875625868256890e+01
1.999871815290616084e+01
1.999879169603559603e+01
1.999892260549287215e+01
1.999909151944212837e+01
1.999928154283272619e+01
1.999948053801988124e+01
1.999967918737172567e+01
1.999987089024975973e+01
2.000005084600068272e+01
2.000021553622103809e+01
2.000036232659130064e+01
2.000048928033861273e+01
2.000059506805912335e+01
2.000067894279956349e+01
2.000074073062998892e+01
2.000078082114909606e+01
2.000080014112242921e+01
2.000080011175755601e+01
2.000078258343873827e+01
2.000074975860018611e+01
2.000070409824574469e+01
2.000064822527647479e+01
2.000058482286801720e+01
2.000051653713965649e+01
2.000044588408523083e+01
2.000037516971504559e+01
2.000030642027864403e+01
2.000024133069581111e+01
2.000018122817704480e+01
2.000012705447143091e+01
2.000007936526429120e+01
2.000003834560613925e+01
2.000000384010357379e+01
1.999997539483319287e+01
1.999995230869238583e+01
1.999993369043638225e+01
1.999991851888993821e+01
1.999990570289753578e+01
1.999989413856976483e+01
1.999988276126377684e+01
1.999987059083696650e+01
1.999985676858085881e+01
1.999984058521150843e+01
1.999982149972990797e+01
1.999979914975929063e+01
1.999977335280044954e+01
1.999974410109201983e+01
1.999971154905927762e+01
1.999967599759667891e+01
1.999963787315822472e+01
1.999959770553276783e+01
1.999955610467584677e+01
1.999951373672296029e+01
1.999947130402989259e+01
1.999942952231741344e+01
1.999938910693733618e+01
1.999935075629977277e+01
1.999931514172310898e+01
1.999928290194439029e+01
1.999925463764422418e+01
1.999923091165601008e+01
1.999921225046438522e+01
1.999919914714422475e+01
1.999919206894661272e+01
1.999919145735126591e+01
1.999919772628846104e+01
1.999921125806273992e+01
1.999923237328720305e+01
1.999926128719746288e+01
1.999929802555472591e+01
1.999934227136233389e+01
1.999939317093518909e+01
1.999944898328306309e+01
1.999950688150236644e+01
1.999956240046681799e+01
1.999961080509758204e+01
1.999964722963826702e+01
1.999967891586074842e+01
1.999970343196764588e+01
