1.999900592374003949e+01
1.999887731853461759e+01
1.999897412686571130e+01
1.999918304424987525e+01
1.999941545702823120e+01
1.999963257355786439e+01
1.999981596133025263e+01
1.999996135405600839e+01
2.000007183426941992e+01
2.000015434810963910e+01
2.000021694786783399e+01
2.000026714691739826e+01
2.000031098347208669e+01
2.000035267828857144e+01
2.000039466513108977e+01
2.000043785256909956e+01
2.000048198148726186e+01
2.000052600424377758e+01
2.000056843093615555e+01
2.000060762084653021e+01
2.000064200439435425e+01
2.000067024367878687e+01
2.000069132759396950e+01
2.000070462050568665e+01
2.000070986708878351e+01
2.000070716959137229e+01
2.000069694188508862e+01
2.000067985441135932e+01
2.000065677167691547e+01
2.000062869196307602e+01
2.000059668899922727e+01
2.000056186041625139e+01
2.000052528257768358e+01
2.000048797235926301e+01
2.000045085585707483e+01
2.000041474342988934e+01
2.000038031106588932e+01
2.000034808731388480e+01
2.000031844532434633e+01
2.000029160055905919e+01
2.000026761274776987e+01
2.000024639265764748e+01
2.000022771245742348e+01
2.000021121956345027e+01
2.000019645340641361e+01
2.000018286369823528e+01
2.000016982996262982e+01
2.000015668168152061e+01
2.000014271728124626e+01
2.000012722256536080e+01
2.000010948717461545e+01
2.000008881909689862e+01
2.000006455510525782e+01
2.000003607119730020e+01
2.000000278752963112e+01
1.999996417267856685e+01
1.999991974252372273e+01
1.999986906129367270e+01
1.999981173586391137e+01
1.999974741166467851e+01
1.999967576597525110e+01
1.999959650143623691e+01
1.999950933643137319e+01
1.999941400295108451e+01
1.999931023256871043e+01
1.999919775656184484e+01
1.999907630288787175e+01
1.999894559051901055e+01
1.999880533909712454e+01
1.999865527478553062e+01
1.999849514915112181e+01
1.999832477375069928e+01
1.999814405690016272e+01
1.999795311966495603e+01
1.999775240543050359e+01
1.999754327175587676e+01
1.999732865737409426e+01
1.999711683803532125e+01
1.999692524705224272e+01
1.999680041846351841e+01
1.999680419033393264e+01
