2.000076747993052351e+01
2.000096188622386251e+01
2.000095702039045875e+01
2.000082197489387070e+01
2.000060045199944270e+01
2.000033761973624991e+01
2.000006543329802255e+01
1.999980544165559948e+01
1.999956991440278387e+01
1.999936496065814140e+01
1.999919295209042858e+01
1.999905433833000856e+01
1.999894861549346459e+01
1.999887472822957335e+01
1.999883113987626260e+01
1.999881580112473500e+01
1.999882612600801934e+01
1.999885903533341036e+01
1.999891106235983784e+01
1.999897850297277202e+01
1.999905757978999077e+01
1.999914460496851021e+01
1.999923611748098295e+01
1.999932899608185721e+01
1.999942053788140583e+01
1.999950850864059149e+01
1.999959116219434563e+01
1.999966723865341933e+01
1.999973593932118021e+01
1.999979688768484820e+01
1.999985007672955462e+01
1.999989580920215815e+01
1.999993463331152199e+01
1.999996727743205938e+01
1.999999458735331004e+01
2.000001746791621926e+01
2.000003683161458667e+01
2.000005355471533264e+01
2.000006844231698722e+01
2.000008220207486787e+01
2.000009542669360840e+01
2.000010858424457183e+01
2.000012201547073332e+01
2.000013593729954664e+01
2.000015045095713262e+01
2.000016555370982019e+01
2.000018115324489898e+01
2.000019708354349035e+01
2.000021312074305158e+01
2.000022899978084112e+01
2.000024442905465705e+01
2.000025910457424771e+01
2.000027272203176665e+01
2.000028498677070843e+01
2.000029562250606929e+01
2.000030437738053379e+01
2.000031102731810861e+01
2.000031538028141043e+01
2.000031727535552051e+01
2.000031658282027180e+01
2.000031320180693939e+01
2.000030705832341482e+01
2.000029809948267356e+01
2.000028629275446335e+01
2.000027161802902853e+01
2.000025406782606652e+01
2.000023364325927133e+01
2.000021035562156868e+01
2.000018423315015426e+01
2.000015533924517896e+01
2.000012379747093050e+01
2.000008985910796966e+01
2.000005398662351297e+01
2.000001702495096012e+01
1.999998035615191583e+01
1.999994629451706629e+01
1.999991791846972689e+01
1.999989980512881615e+01
1.999989502975431321e+01
1.999990952997806204e+01
1.999992431513965130e+01
