2.128597247576703921e+01
2.099121714946654649e+01
2.073982750363978411e+01
2.053482546444388745e+01
2.037515669034324972e+01
2.025593587659738759e+01
2.017030823807206730e+01
2.011092915015357363e+01
2.007103646669099106e+01
2.004498772766355685e+01
2.002840763193950480e+01
2.001809142584095014e+01
2.001179832894552035e+01
2.000802117755282339e+01
2.000577929264265009e+01
2.000445270828614852e+01
2.000365938616899442e+01
2.000316930142015437e+01
2.000284694395079654e+01
2.000261420146399516e+01
2.000242710644458199e+01
2.000226164982649735e+01
2.000210530011888466e+01
2.000195203380754450e+01
2.000179945879650489e+01
2.000164717378121892e+01
2.000149582885128297e+01
2.000134658885489713e+01
2.000120081803266814e+01
2.000105989811461882e+01
2.000092511460059441e+01
2.000079758737773261e+01
2.000067822957806385e+01
2.000056772807691274e+01
2.000046653845944533e+01
2.000037489138178515e+01
2.000029280645676621e+01
2.000022011493601681e+01
2.000015648860078343e+01
2.000010146672177314e+01
2.000005448873860914e+01
2.000001491993926805e+01
1.999998208320864279e+01
1.999995528088336982e+01
1.999993381982041285e+01
1.999991702033662833e+01
1.999990423967126674e+01
1.999989487240506136e+01
1.999988836627758459e+01
1.999988421626587964e+01
1.999988197435922288e+01
1.999988124322679184e+01
1.999988167657134142e+01
1.999988297152904693e+01
1.999988487472181120e+01
1.999988716610274864e+01
1.999988966670379398e+01
1.999989222014233903e+01
1.999989470106440947e+01
1.999989700360972122e+01
1.999989905268462920e+01
1.999990076485053336e+01
1.999990211357932424e+01
1.999990303570158190e+01
1.999990351860158100e+01
1.999990355594254510e+01
1.999990311539221466e+01
1.999990223167390724e+01
1.999990093877549668e+01
1.999989927535404988e+01
1.999989734647970607e+01
1.999989526622382030e+01
1.999989321001825715e+01
1.999989138783694642e+01
1.999988992809004529e+01
1.999988907945793315e+01
1.999988862221670871e+01
1.999989028786468737e+01
1.999989535347024017e+01
1.999992318508099132e+01
1.999996758997440338e+01
