4.045713032907486628e+00
4.045019415466152068e+00
4.044520574193021467e+00
4.044160727349821016e+00
4.043875335133047422e+00
4.043599327032829649e+00
4.043275326506296175e+00
4.042859326043296342e+00
4.042323088556739386e+00
4.041653543596719800e+00
4.040850146213468719e+00
4.039921330225615392e+00
4.038880982653124008e+00
4.037745497814072770e+00
4.036531623365021915e+00
4.035255074686189047e+00
4.033929776398808897e+00
4.032567557980920370e+00
4.031178145830579318e+00
4.029769327894601183e+00
4.028347202663982607e+00
4.026916454669345669e+00
4.025480621624628164e+00
4.024042334553959321e+00
4.022603522928079656e+00
4.021165583450617476e+00
4.019729514888220834e+00
4.018296023179757093e+00
4.016865601689286081e+00
4.015438591375343869e+00
4.014015225181984725e+00
4.012595660310276813e+00
4.011180001389726968e+00
4.009768316905265806e+00
4.008360650841166439e+00
4.006957030883611992e+00
4.005557474844715138e+00
4.004161995424444065e+00
4.002770603658495574e+00
4.001383293233518046e+00
4.000000000000000000e+00
