6.074765012951321985e+00
6.023839065855712605e+00
5.972886663730913703e+00
5.921906739417495125e+00
5.870898261158892240e+00
5.819860140260214365e+00
5.768791236305303549e+00
5.717690353327908426e+00
5.666556236611360653e+00
5.615387569145003255e+00
5.564182967830005211e+00
5.512940979404231889e+00
5.461660076063697744e+00
5.410338650753685918e+00
5.358975012099564061e+00
5.307567378943916836e+00
5.256113874452803536e+00
5.204612519749696631e+00
5.153061227030832470e+00
5.101457792110230649e+00
5.049799886336402643e+00
4.998085047815624016e+00
4.946310671868475950e+00
4.894474000636972022e+00
4.842572111748779662e+00
4.790601905932668991e+00
4.738560093465006950e+00
4.686443179310865403e+00
4.634247446804278248e+00
4.581968939691454246e+00
4.529603442334082075e+00
4.477146457847853256e+00
4.424593183902350901e+00
4.371938485918523298e+00
4.319176867234789441e+00
4.266302436093957873e+00
4.213308868524344497e+00
4.160189368466097548e+00
4.106936627070086665e+00
4.053542827120013570e+00
4.000000000000000000e+00
