6.074761998196703594e+00
6.023836049449973196e+00
5.972883645862480329e+00
5.921903720165773599e+00
5.870895240650519042e+00
5.819857118659871986e+00
5.768788213818973887e+00
5.717687330202867457e+00
5.666553213134051248e+00
5.615384545636217695e+00
5.564179944637023034e+00
5.512937956889656377e+00
5.461657054590943972e+00
5.410335630669310447e+00
5.358971993712969173e+00
5.307564362505334365e+00
5.256110860130958962e+00
5.204609507611155372e+00
5.153058217023774645e+00
5.101454784056342895e+00
5.049796879935754212e+00
4.998082042670890068e+00
4.946307667536749442e+00
4.894470996719774369e+00
4.842569108033835334e+00
4.790598902604649822e+00
4.738557091406915944e+00
4.686440180523041121e+00
4.634244454974337124e+00
4.581965960955725947e+00
4.529600486279465876e+00
4.477143538811991341e+00
4.424590322640605144e+00
4.371935711715082995e+00
4.319174220550242360e+00
4.266299971839060845e+00
4.213306660073143917e+00
4.160187512370905338e+00
4.106935247831302149e+00
4.053542075604319450e+00
4.000000000000000000e+00
