6.077604747052077983e+00
6.026653445074725113e+00
5.975615268094863985e+00
5.924481597481957351e+00
5.873256308584795526e+00
5.821953102991065165e+00
5.770591097243589651e+00
5.719190827176919178e+00
5.667770492057215392e+00
5.616343266459014494e+00
5.564916205193149779e+00
5.513490655127903040e+00
5.462063608943407367e+00
5.410629336041905546e+00
5.359180816116881019e+00
5.307710768036244531e+00
5.256212265265096661e+00
5.204679024902151063e+00
5.153105478373971593e+00
5.101486716047084258e+00
5.049818371625980795e+00
4.998096487803110222e+00
4.946317386263993754e+00
4.894477552891460803e+00
4.842573541573188756e+00
4.790601895944231359e+00
4.738559086484961824e+00
4.686441459765229745e+00
4.634245196685241375e+00
4.581966276941845884e+00
4.529600447423653087e+00
4.477143192705089092e+00
4.424589706183702731e+00
4.371934860754588037e+00
4.319173178019345194e+00
4.266298795465039539e+00
4.213305430383495143e+00
4.160186340773948110e+00
4.106934279979996383e+00
4.053541469872899761e+00
4.000000000000000000e+00
