2.000000003303651397e+01
1.999835463973388627e+01
1.999851223143338430e+01
1.999851001613792789e+01
1.999852177128066444e+01
1.999853254329586605e+01
1.999854466960214339e+01
1.999855821334376316e+01
1.999857325076210657e+01
1.999858972056679818e+01
1.999860746559807723e+01
1.999862624077974971e+01
1.999864572270431751e+01
1.999866552225278937e+01
1.999868520253532722e+01
1.999870430357336915e+01
1.999872237486978221e+01
1.999873901701496237e+01
1.999875393356803599e+01
1.999876699465387020e+01
1.999877831403408734e+01
1.999878834166319663e+01
1.999879797404795312e+01
1.999880868486944152e+01
1.999882267842085426e+01
1.999884306798372080e+01
1.999887408122736332e+01
1.999892129206688551e+01
1.999899188188105015e+01
1.999909491700991282e+01
1.999924166734083997e+01
1.999944587581332911e+01
1.999972419469851559e+01
2.000009616900321774e+01
2.000058532346696083e+01
2.000121727793817072e+01
2.000202416763983138e+01
2.000302974195439987e+01
2.000423692025946565e+01
2.000531964476150648e+01
2.000377347379162529e+01
