1.999999997651213235e+01
1.999977979784605253e+01
2.000898314533223044e+01
2.002845372731661300e+01
2.006456275718809934e+01
2.012354278956331299e+01
2.021050669245757447e+01
2.032803055142172610e+01
2.047520714985603973e+01
2.064735401040728036e+01
2.083637854701505532e+01
2.103163504204332668e+01
2.122106027594329092e+01
2.139240675193698493e+01
2.153444709928890077e+01
2.163805865142329310e+01
2.169710249356001341e+01
2.170900133649154284e+01
2.167492251133547754e+01
2.159950918648462803e+01
2.149017868426292921e+01
2.135610062410173171e+01
2.120704230159590864e+01
2.105229129541353572e+01
2.089982656912325965e+01
2.075582818884424796e+01
2.062452636315772381e+01
2.050832303014043489e+01
2.040808752105097312e+01
2.032352889270546470e+01
2.025356897290646785e+01
2.019666836788200115e+01
2.015108364961403353e+01
2.011505188622183482e+01
2.008691171442024270e+01
2.006517008806692459e+01
2.004853692104458318e+01
2.003591824359385498e+01
2.002641264338247495e+01
2.001920527097452407e+01
2.001374100902285136e+01
