2.000000001796345828e+01
1.999839146806744949e+01
1.999865681572579135e+01
1.999881861935740801e+01
1.999903095511844597e+01
1.999924848114807574e+01
1.999944733496894500e+01
1.999961229540373253e+01
1.999973906440718352e+01
1.999983065206702548e+01
1.999989356504182325e+01
1.999993500916739109e+01
1.999996136649203038e+01
1.999997763360577707e+01
1.999998741593395835e+01
1.999999316548025163e+01
1.999999647573866213e+01
1.999999834547763911e+01
1.999999938244635445e+01
1.999999994742851683e+01
2.000000025016151639e+01
2.000000041041352006e+01
2.000000049556898674e+01
2.000000054310880060e+01
2.000000057379877916e+01
2.000000059921022100e+01
2.000000062625322172e+01
2.000000065907842384e+01
2.000000070226553461e+01
2.000000075700044988e+01
2.000000083558006025e+01
2.000000092505766958e+01
2.000000109031376638e+01
2.000000120932465109e+01
2.000000166427915360e+01
2.000000162386073654e+01
2.000000289286798250e+01
1.999999900696404254e+01
1.999997512800169730e+01
1.999971626539247893e+01
1.999768259225857037e+01
