1.999999997460695056e+01
1.999870739554858545e+01
1.999885599264030134e+01
1.999886666138880642e+01
1.999887780159234296e+01
1.999887601112235913e+01
1.999886260288957729e+01
1.999883801837685127e+01
1.999880398813399296e+01
1.999876378922465747e+01
1.999872278385288737e+01
1.999868911320972842e+01
1.999867464012907092e+01
1.999869620429075567e+01
1.999877724119214761e+01
1.999894978905703979e+01
1.999925686756879273e+01
1.999975515941962811e+01
2.000051786377785845e+01
2.000163752516774807e+01
2.000322858042165208e+01
2.000542931920940148e+01
2.000840293052401719e+01
2.001233731631895907e+01
2.001744340047092052e+01
2.002395174531854494e+01
2.003210740954690294e+01
2.004216311420941565e+01
2.005437095876553144e+01
2.006897299603492257e+01
2.008619129379794899e+01
2.010621761224088644e+01
2.012920438623227781e+01
2.015525460680698799e+01
2.018441838828720947e+01
2.021667831542555049e+01
2.025196075242957860e+01
2.029006549381571034e+01
2.033042710862033786e+01
2.036964640712196939e+01
2.038179828205920785e+01
