6.078830951889447221e+00
5.976959260547516806e+00
5.874984194437430141e+00
5.772888871481936413e+00
5.670637480769221028e+00
5.568164560306183120e+00
5.465391676648870600e+00
5.362258605339494721e+00
5.258761230825866662e+00
5.154972865268663718e+00
5.051019238477874929e+00
4.946998435555030049e+00
4.842920502498234470e+00
4.738722498551539708e+00
4.634319294042294146e+00
4.529634762999239506e+00
4.424607427777447199e+00
4.319183710419479461e+00
4.213312247879648531e+00
4.106937838854953782e+00
4.000000000000000000e+00
