2.000000000087149488e+01
2.001116637080013305e+01
2.000302778714622676e+01
2.000894503839146310e+01
2.000030943512332726e+01
2.000607127324466461e+01
1.999945283759760883e+01
2.000862077938233341e+01
2.000823931501181008e+01
2.002393604549805772e+01
2.003060194959518725e+01
2.004994987967955566e+01
2.005715256787250667e+01
2.007072916360628412e+01
2.006815248143533026e+01
2.006722120058883263e+01
2.005016989043600972e+01
2.003569205475635684e+01
2.001061596298594480e+01
1.999287639349443069e+01
1.997656782140256837e+01
