6.080488699614225112e+00
5.978614195941054810e+00
5.876627909238314906e+00
5.774522125901398795e+00
5.672288278621137714e+00
5.569914771777003892e+00
5.467377850682323626e+00
5.364632884161115278e+00
5.261614682888573036e+00
5.158249460968132638e+00
5.054473998461625150e+00
4.950258634295260585e+00
4.845630845461239566e+00
4.740685806473150521e+00
4.635551714058749440e+00
4.530308834204546997e+00
4.424934027503908851e+00
4.319326957404934220e+00
4.213369231194423747e+00
4.106957658330583349e+00
4.000000000000000000e+00
