6.082116593265935123e+00
5.980247391843927396e+00
5.878270719823460055e+00
5.776175911863301593e+00
5.673953895687160021e+00
5.571594636542066326e+00
5.469086656105852207e+00
5.366415694064919251e+00
5.263562165266383985e+00
5.160497676335284112e+00
5.057181884535180139e+00
4.953561881988159499e+00
4.849574516391680135e+00
4.745152942194619250e+00
4.640233926149320176e+00
4.534772061012378508e+00
4.428749539745583164e+00
4.322198289650206249e+00
4.215185062226405321e+00
4.107802389659553022e+00
4.000000000000000000e+00
