2.000000006651893969e+01
2.000821490380947409e+01
2.000764791171774348e+01
2.000776966131054024e+01
2.000778704944553255e+01
2.000779668453037630e+01
2.000785746910767671e+01
2.000784516666622181e+01
2.000795135671922509e+01
2.000795516023632459e+01
2.000820267477251946e+01
2.000829738210236997e+01
2.000881112057902200e+01
2.000902219415950256e+01
2.000984471992892466e+01
2.001001360956438546e+01
2.001100372800665639e+01
2.001072674272613483e+01
2.001162176466093356e+01
2.001031335135921552e+01
2.001332596086285776e+01
