6.077562377778113145e+00
5.975463891780645298e+00
5.872869477884613332e+00
5.769991158105320928e+00
5.667123846461385561e+00
5.564400897707972860e+00
5.461742096824665715e+00
5.359016704095052930e+00
5.256144673295428227e+00
5.153087901795018411e+00
5.049823693117176049e+00
4.946331984497193801e+00
4.842591081774620498e+00
4.738576724529048434e+00
4.634261661781676978e+00
4.529614976209759725e+00
4.424601964796890385e+00
4.319182531414108794e+00
4.213311748148989899e+00
4.106936560048594309e+00
4.000000000000000000e+00
