2.000000018549534175e+01
2.000849372619394373e+01
2.000818588822350819e+01
2.000881140245908441e+01
2.000956145810581077e+01
2.001049260351398118e+01
2.001143400632686564e+01
2.001200709714220949e+01
2.001201211234342026e+01
2.001103946954068391e+01
2.000932767536526313e+01
2.000686355361812119e+01
2.000466182362060508e+01
2.000278317702738562e+01
2.000246364019223932e+01
2.000281735357448909e+01
2.000496458441397607e+01
2.000684196928354552e+01
2.001034572441920290e+01
2.001255204946495425e+01
2.001772305613849312e+01
