2.000000000012819967e+01
1.998747721040054159e+01
1.998820125496611411e+01
1.998816800827977147e+01
1.998816475563922879e+01
1.998817711014939036e+01
1.998816783427918509e+01
1.998821422637230327e+01
1.998820610493115879e+01
1.998834078358271071e+01
1.998834157498985320e+01
1.998868416183902497e+01
1.998867934346309738e+01
1.998942296503780369e+01
1.998926314152027928e+01
1.999066937640622044e+01
1.998988071803953659e+01
1.999235392162552571e+01
1.998991464030448739e+01
1.999427079327695367e+01
1.998510687604175473e+01
