6.077629004341982721e+00
6.026483199501817545e+00
5.975252074277239700e+00
5.923959405421219238e+00
5.872629212441506930e+00
5.821281820125434159e+00
5.769931410628709401e+00
5.718585508275973339e+00
5.667245869663493529e+00
5.615910035571495484e+00
5.564572936198514341e+00
5.513228211867338580e+00
5.461869143046684805e+00
5.410489219704075481e+00
5.359082433786119815e+00
5.307643383726639463e+00
5.256167264218872148e+00
5.204649794141734453e+00
5.153087117509977944e+00
5.101475698625691280e+00
5.049812223079904072e+00
4.998093510039828935e+00
4.946316437452979997e+00
4.894477879646029983e+00
4.842574655719836585e+00
4.790603486731729532e+00
4.738560959629470659e+00
4.686443496072481452e+00
4.634247324528229406e+00
4.581968454296703186e+00
4.529602650357579030e+00
4.477145408136999905e+00
4.424591927453475293e+00
4.371937085013166246e+00
4.319175404922279249e+00
4.266301026325213464e+00
4.213307667190900219e+00
4.160188574242885018e+00
4.106936455067945246e+00
4.053543244307770799e+00
4.000000000000000000e+00
