6.077727838374913816e+00
6.026711737609788067e+00
5.975595131492468681e+00
5.924391835046726840e+00
5.873118893392804907e+00
5.821794717187059653e+00
5.770436638333419133e+00
5.719058869577612114e+00
5.667671307601368724e+00
5.616279289040386757e+00
5.564884098322924189e+00
5.513483888870776006e+00
5.462074700952969764e+00
5.410651365246482492e+00
5.359208195867834590e+00
5.307739460056546399e+00
5.256239656425021778e+00
5.204703649079456262e+00
5.153126703553590815e+00
5.101504462017291353e+00
5.049832885238186186e+00
4.998108179880444091e+00
4.946326722762217187e+00
4.894484988665786851e+00
4.842579484885978225e+00
4.790606693528051352e+00
4.738563021275937537e+00
4.686444755662391159e+00
4.634248026570742418e+00
4.581968771630028137e+00
4.529602704225912824e+00
4.477145282969510198e+00
4.424591681600905879e+00
4.371936758413947466e+00
4.319175024339711122e+00
4.266300608540792183e+00
4.213307219832160833e+00
4.160188097466363644e+00
4.106935947188542713e+00
4.053542803124519089e+00
4.000000000000000000e+00
