1.999999998802623935e+01
1.999849677880739662e+01
1.999866546613274210e+01
1.999865483996513760e+01
1.999866042335085581e+01
1.999866224693341721e+01
1.999866369843889657e+01
1.999866476986386132e+01
1.999866564861501672e+01
1.999866641367289688e+01
1.999866711714576084e+01
1.999866779410973905e+01
1.999866847079242760e+01
1.999866916850885445e+01
1.999866990597023886e+01
1.999867070070590813e+01
1.999867157000351270e+01
1.999867253159261438e+01
1.999867360419209206e+01
1.999867480799905550e+01
1.999867616516501201e+01
1.999867770029682390e+01
1.999867944101209716e+01
1.999868141856216042e+01
1.999868366853918999e+01
1.999868623165819415e+01
1.999868915454279517e+01
1.999869249028944296e+01
1.999869629815446714e+01
1.999870064019283333e+01
1.999870557012222960e+01
1.999871109421913928e+01
1.999871707673071342e+01
1.999872287198298437e+01
1.999872666708780855e+01
1.999872168869646316e+01
1.999869317371999244e+01
1.999857247692027684e+01
1.999825713718431075e+01
1.999696137555080000e+01
1.999449301512231614e+01
