2.000000000620459062e+01
1.999875832774261042e+01
1.999896520461081550e+01
1.999908444684598408e+01
1.999931438756495083e+01
1.999968273867077428e+01
2.000024984300419817e+01
2.000108820619009009e+01
2.000228743281050470e+01
2.000395557084159748e+01
2.000622026945462295e+01
2.000922916197495383e+01
2.001314933704079024e+01
2.001816572773986636e+01
2.002447830040931720e+01
2.003229798938586370e+01
2.004184140395769731e+01
2.005332442184320740e+01
2.006695487156699897e+01
2.008292458556088178e+01
2.010140116852858583e+01
2.012251986497713219e+01
2.014637592185998116e+01
2.017301782574903513e+01
2.020244175110602569e+01
2.023458749165637016e+01
2.026933606740822924e+01
2.030650911308304529e+01
2.034587006739860371e+01
2.038712710120765692e+01
2.042993765288299812e+01
2.047391434179199976e+01
2.051863196622896979e+01
2.056363450674469817e+01
2.060844113783486620e+01
2.065253810260682243e+01
2.069535466725618633e+01
2.073602751619207396e+01
2.077308174126888218e+01
2.080100278116210788e+01
2.080871672950706852e+01
