4.046738387700344219e+00
4.045981237829669119e+00
4.045225130457482443e+00
4.044470076927059843e+00
4.043716090445042433e+00
4.042963186884584559e+00
4.042211384666418716e+00
4.041460705561966016e+00
4.040711175792079501e+00
4.039962827427146408e+00
4.039215699990204911e+00
4.038469842235390850e+00
4.037725314070610416e+00
4.036982188606436317e+00
4.036240554300828620e+00
4.035500517170505397e+00
4.034762203033068317e+00
4.034025759730430316e+00
4.033291359279579602e+00
4.032559199889274026e+00
4.031829507768810217e+00
4.031102538656703871e+00
4.030378578994677774e+00
4.029657946669003898e+00
4.028940991253269210e+00
4.028228093689586231e+00
4.027519665356054546e+00
4.026816146483152004e+00
4.026118003894026742e+00
4.025425728059297548e+00
4.024739829474133224e+00
4.024060834377880091e+00
4.023389279853267553e+00
4.022725708354389695e+00
4.022070661724139740e+00
4.021424674770778473e+00
4.020788268481987338e+00
4.020161942960370993e+00
4.019546170168212917e+00
4.018941386573158248e+00
4.018347985788484067e+00
4.017766311303212490e+00
4.017196649398778519e+00
4.016639222350280036e+00
4.016094182011893388e+00
4.015561603887643827e+00
4.015041481790870392e+00
4.014533723197350135e+00
4.014038145398501456e+00
4.013554472561753350e+00
4.013082333804484314e+00
4.012621262384850063e+00
4.012170696107061119e+00
4.011729979029166948e+00
4.011298364547643658e+00
4.010875019914275086e+00
4.010459032216711073e+00
4.010049415824087582e+00
4.009645121264096446e+00
4.009245045458577295e+00
4.008848043201316713e+00
4.008452939716974583e+00
4.008058544096306797e+00
4.007663663361991091e+00
4.007267116885616431e+00
4.006867750853461807e+00
4.006464452471826476e+00
4.006056163618416655e+00
4.005641893694170008e+00
4.005220731529586686e+00
4.004791856373061343e+00
4.004354548307638595e+00
4.003908198958598952e+00
4.003452324360052828e+00
4.002986583382400099e+00
4.002510808453253688e+00
4.002025059766342707e+00
4.001529725768393497e+00
4.001025704478490930e+00
4.000514744022628300e+00
4.000000000000000000e+00
