4.058566318106215931e+00
4.057792500148496906e+00
4.057019749579069412e+00
4.056248066836168675e+00
4.055477454612953281e+00
4.054707914845828931e+00
4.053939448723300920e+00
4.053172056402574164e+00
4.052405737053941692e+00
4.051640489005148282e+00
4.050876309983560297e+00
4.050113197380659891e+00
4.049351148503536280e+00
4.048590160785305869e+00
4.047830231942786128e+00
4.047071360079077529e+00
4.046313543735885254e+00
4.045556781903862920e+00
4.044801074000751839e+00
4.044046419827209249e+00
4.043292819508685909e+00
4.042540273430423881e+00
4.041788782171014560e+00
4.041038346438198481e+00
4.040288967009572296e+00
4.039540644679647130e+00
4.038793380214008799e+00
4.038047174310851695e+00
4.037302027569771745e+00
4.036557940467438321e+00
4.035814913339737409e+00
4.035072946369837155e+00
4.034332039581651763e+00
4.033592192838092672e+00
4.032853405843531469e+00
4.032115678149904348e+00
4.031379009165875438e+00
4.030643398168487934e+00
4.029908844316734573e+00
4.029175346666519886e+00
4.028442904186527507e+00
4.027711515774526241e+00
4.026981180273690342e+00
4.026251896488566295e+00
4.025523663200400115e+00
4.024796479181560471e+00
4.024070343208872025e+00
4.023345254075693767e+00
4.022621210602686403e+00
4.021898211647219057e+00
4.021176256111409053e+00
4.020455342948853428e+00
4.019735471170081453e+00
4.019016639846858752e+00
4.018298848115450461e+00
4.017582095178980239e+00
4.016866380308941054e+00
4.016151702846055827e+00
4.015438062200688663e+00
4.014725457852827972e+00
4.014013889351749853e+00
4.013303356315597981e+00
4.012593858430972382e+00
4.011885395452547520e+00
4.011177967202886663e+00
4.010471573572509385e+00
4.009766214520356975e+00
4.009061890074834267e+00
4.008358600335473199e+00
4.007656345475645310e+00
4.006955125746550550e+00
4.006254941483862630e+00
4.005555793117315133e+00
4.004857681187029783e+00
4.004160606365087638e+00
4.003464569495799097e+00
4.002769571629197998e+00
4.002075614106041179e+00
4.001382698519893921e+00
4.000690826947354672e+00
4.000000000000000000e+00
