4.058572989210142090e+00
4.057799116547192497e+00
4.057026338012692968e+00
4.056254644551565924e+00
4.055484031447862847e+00
4.054714494962067484e+00
4.053946032180477665e+00
4.053178640617367989e+00
4.052412318082499354e+00
4.051647062586300585e+00
4.050882872307470350e+00
4.050119745583367070e+00
4.049357680915760760e+00
4.048596676980954712e+00
4.047836732638980806e+00
4.047077846937801482e+00
4.046320019110749122e+00
4.045563248566527825e+00
4.044807534872258969e+00
4.044052877730965001e+00
4.043299276955046651e+00
4.042546732437646284e+00
4.041795244123714603e+00
4.041044811982198226e+00
4.040295435980733707e+00
4.039547116063648247e+00
4.038799852133861279e+00
4.038053644039023560e+00
4.037308491561895529e+00
4.036564394414750012e+00
4.035821352237534576e+00
4.035079364599323704e+00
4.034338431002581160e+00
4.033598550889654355e+00
4.032859723650979333e+00
4.032121948634409314e+00
4.031385225155192487e+00
4.030649552506076816e+00
4.029914929967108428e+00
4.029181356814746984e+00
4.028448832329989848e+00
4.027717355805256361e+00
4.026986926549832368e+00
4.026257543893771107e+00
4.025529207190207792e+00
4.024801915816109243e+00
4.024075669171521596e+00
4.023350466677412918e+00
4.022626307772287468e+00
4.021903191907759023e+00
4.021181118543301736e+00
4.020460087140360628e+00
4.019740097156048186e+00
4.019021148036695301e+00
4.018303239211367561e+00
4.017586370085631131e+00
4.016870540035690773e+00
4.016155748402952419e+00
4.015441994489253652e+00
4.014729277552826936e+00
4.014017596804945853e+00
4.013306951407375145e+00
4.012597340470525076e+00
4.011888763052533946e+00
4.011181218159048711e+00
4.010474704743622887e+00
4.009769221709114539e+00
4.009064767909750415e+00
4.008361342154104889e+00
4.007658943209571945e+00
4.006957569808290209e+00
4.006257220656238793e+00
4.005557894446310385e+00
4.004859589880082282e+00
4.004162305699609625e+00
4.003466040752328148e+00
4.002770794087044059e+00
4.002076565212981940e+00
4.001383354492241473e+00
4.000691164457157001e+00
4.000000000000000000e+00
