1.999944040923350741e+01
1.999954705997399174e+01
1.999958110155384716e+01
1.999962179910197690e+01
1.999966363003273528e+01
1.999970746940154953e+01
1.999975088398353051e+01
1.999979363472798966e+01
1.999983616996968649e+01
1.999987971112423324e+01
1.999992579106324442e+01
1.999997608792056880e+01
2.000003236891246061e+01
2.000009649672940881e+01
2.000017052226398206e+01
2.000025678922174421e+01
2.000035808916813806e+01
2.000047780373977346e+01
2.000062008074844755e+01
2.000078998971208932e+01
2.000099372652375607e+01
2.000123876992217120e+01
2.000153410031703771e+01
2.000189038339034298e+01
2.000232018480443230e+01
2.000283816792318703e+01
2.000346131441665420e+01
2.000420912094348935e+01
2.000510381058212772e+01
2.000617051752634978e+01
2.000743746847572879e+01
2.000893613665014215e+01
2.001070137112958847e+01
2.001277149216184625e+01
2.001518834506694233e+01
2.001799730863481130e+01
2.002124724749528184e+01
2.002499040625398408e+01
2.002928223676005715e+01
2.003418115476713623e+01
2.003974822499445807e+01
2.004604676729841017e+01
2.005314188781437323e+01
2.006109993328609065e+01
2.006998787380343074e+01
2.007987261504644749e+01
2.009082024919002052e+01
2.010289525090575680e+01
2.011615962828146920e+01
2.013067203903400681e+01
2.014648688516708575e+01
2.016365339548617186e+01
2.018221471245161069e+01
2.020220699607407511e+01
2.022365855383686295e+01
2.024658901529871002e+01
2.027100855732673779e+01
2.029691719703092545e+01
2.032430415320634154e+01
2.035314729714638560e+01
2.038341268551224417e+01
2.041505419291359047e+01
2.044801324200407677e+01
2.048221863347427885e+01
2.051758647133974378e+01
2.055402017706197526e+01
2.059141056299610995e+01
2.062963590642066336e+01
2.066856191518714070e+01
2.070804134209946668e+01
2.074791279156235646e+01
2.078799773856576394e+01
2.082809418491805076e+01
2.086796295036691973e+01
2.090730157042128567e+01
2.094568985814904849e+01
2.098249315076559540e+01
2.101665854085631224e+01
2.104637983799985435e+01
2.106835118554764108e+01
2.107696876442059875e+01
