1.999948180880359416e+01
1.999943325708336062e+01
1.999933949326356242e+01
1.999927241387265298e+01
1.999923042644445559e+01
1.999921366366359976e+01
1.999921823695444090e+01
1.999924126329160501e+01
1.999927993877931343e+01
1.999933168850735399e+01
1.999939386649680628e+01
1.999946372659033855e+01
1.999953848367646003e+01
1.999961543255447083e+01
1.999969210989857515e+01
1.999976640821693152e+01
1.999983667330363701e+01
1.999990175301780226e+01
1.999996100724126080e+01
2.000001428187989916e+01
2.000006187755644760e+01
2.000010448114187867e+01
2.000014311985841431e+01
2.000017910152972433e+01
2.000021397283254032e+01
2.000024948180516304e+01
2.000028756365523819e+01
2.000033032861463056e+01
2.000038007780275251e+01
2.000043931853495849e+01
2.000051080374374379e+01
2.000059757528819659e+01
2.000070302160498770e+01
2.000083094178921428e+01
2.000098561845817358e+01
2.000117189856122124e+01
2.000139527830404163e+01
2.000166199435581404e+01
2.000197911840676923e+01
2.000235465481872055e+01
2.000279764080159595e+01
2.000331824651549439e+01
2.000392787531841776e+01
2.000463926123267555e+01
2.000546656369045806e+01
2.000642545624106106e+01
2.000753320789445766e+01
2.000880875522849678e+01
2.001027276283070577e+01
2.001194766990359497e+01
2.001385772052003631e+01
2.001602897552780647e+01
2.001848930308135266e+01
2.002126834754052709e+01
2.002439747216131849e+01
2.002790967620004992e+01
2.003183948085004218e+01
2.003622278872441598e+01
2.004109671087303113e+01
2.004649935967838559e+01
2.005246960720654670e+01
2.005904681084285102e+01
2.006627048987946793e+01
2.007417995830250845e+01
2.008281388639896292e+01
2.009220976964452632e+01
2.010240325012144780e+01
2.011342719841928783e+01
2.012531040705350094e+01
2.013807560231660077e+01
2.015173632877252174e+01
2.016629184907937855e+01
2.018171877569984929e+01
2.019795682126515857e+01
2.021488529880277696e+01
2.023228205544364755e+01
2.024975733783045229e+01
2.026663398081414869e+01
2.028176597156929972e+01
2.029318282677616736e+01
2.029774155607447028e+01
