2.000031702861273075e+01
2.000029931652436233e+01
2.000025562061858864e+01
2.000023341878853955e+01
2.000022667374124552e+01
2.000023292433086652e+01
2.000024505412983444e+01
2.000025688208024377e+01
2.000026356720105625e+01
2.000026248339746004e+01
2.000025299343644036e+01
2.000023603408861561e+01
2.000021354268906748e+01
2.000018792472580387e+01
2.000016163118483092e+01
2.000013685021125553e+01
2.000011533541730202e+01
2.000009832848174085e+01
2.000008656509543314e+01
2.000008032701065375e+01
2.000007953330883126e+01
2.000008383758395070e+01
2.000009273372522500e+01
2.000010564977580430e+01
2.000012203489819029e+01
2.000014142772378278e+01
2.000016351570490514e+01
2.000018817563451279e+01
2.000021550919788993e+01
2.000024586264555637e+01
2.000027984588925634e+01
2.000031834341413983e+01
2.000036252625467625e+01
2.000041386260673804e+01
2.000047413173021837e+01
2.000054544130201251e+01
2.000063024991773375e+01
2.000073139482950424e+01
2.000085212629122822e+01
2.000099614807994186e+01
2.000116766481234265e+01
2.000137143491116376e+01
2.000161282971689047e+01
2.000189789733152423e+01
2.000223343133830767e+01
2.000262704277934134e+01
2.000308723435597713e+01
2.000362347636394134e+01
2.000424628269796656e+01
2.000496728555134140e+01
2.000579930775609228e+01
2.000675643003381410e+01
2.000785405428941743e+01
2.000910895701180792e+01
2.001053933572871202e+01
2.001216484304463350e+01
2.001400660723433234e+01
2.001608723927500932e+01
2.001843082123697926e+01
2.002106287627276515e+01
2.002401031241084794e+01
2.002730134358579761e+01
2.003096537370530683e+01
2.003503284127175377e+01
2.003953500397896903e+01
2.004450364173573718e+01
2.004997063924513512e+01
2.005596737137229724e+01
2.006252378281988769e+01
2.006966696563812746e+01
2.007741889890250420e+01
2.008579281107217085e+01
2.009478727337978299e+01
2.010437640154053440e+01
2.011449397018201068e+01
2.012500646305412744e+01
2.013567031559801990e+01
2.014605707233845067e+01
2.015544099333247985e+01
2.016258719131056409e+01
2.016553606092929840e+01
