2.000025861778397029e+01
2.000025065820890546e+01
2.000020930502645911e+01
2.000018049137380416e+01
2.000016117557060014e+01
2.000015061706730890e+01
2.000014585033773074e+01
2.000014492282659262e+01
2.000014624849166367e+01
2.000014875913344170e+01
2.000015171248542245e+01
2.000015463343287792e+01
2.000015724679562013e+01
2.000015943525708551e+01
2.000016119718783614e+01
2.000016260835104021e+01
2.000016378476697909e+01
2.000016485026340618e+01
2.000016591112579079e+01
2.000016703974996091e+01
2.000016826659479463e+01
2.000016958093225128e+01
2.000017093707788618e+01
2.000017226621588051e+01
2.000017348953965168e+01
2.000017453244576160e+01
2.000017533703071138e+01
2.000017587339065273e+01
2.000017614716889369e+01
2.000017620502318394e+01
2.000017613681784567e+01
2.000017607599517433e+01
2.000017619810624225e+01
2.000017671829927579e+01
2.000017788858933798e+01
2.000017999570775729e+01
2.000018335991756757e+01
2.000018833524693207e+01
2.000019531171662379e+01
2.000020471989760651e+01
2.000021703775918525e+01
2.000023280010710636e+01
2.000025261029642110e+01
2.000027715454860200e+01
2.000030721866439265e+01
2.000034370712221587e+01
2.000038766358258258e+01
2.000044029433735560e+01
2.000050299307881829e+01
2.000057736764329519e+01
2.000066526840710068e+01
2.000076881829113162e+01
2.000089044441320851e+01
2.000103291151007312e+01
2.000119935588331899e+01
2.000139332184733831e+01
2.000161879807623322e+01
2.000188025568839123e+01
2.000218268580236725e+01
2.000253163762387487e+01
2.000293325399480793e+01
2.000339430595384371e+01
2.000392221869066844e+01
2.000452509414148494e+01
2.000521171272242427e+01
2.000599151644939866e+01
2.000687455451565100e+01
2.000787136530551180e+01
2.000899277163073009e+01
2.001024951703104549e+01
2.001165166854265465e+01
2.001320763845872719e+01
2.001492259687917752e+01
2.001679593576486837e+01
2.001881721004054171e+01
2.002095973781012006e+01
2.002317038965814433e+01
2.002535376277054269e+01
2.002734669946471868e+01
2.002888003326276944e+01
2.002951513440348208e+01
