1.999939388043419086e+01
1.999955889973384870e+01
1.999963742612851902e+01
1.999968979190229490e+01
1.999972709528258719e+01
1.999975884222363476e+01
1.999978830984665379e+01
1.999981702654300975e+01
1.999984520398953336e+01
1.999987264954805255e+01
1.999989901613325571e+01
1.999992398735422583e+01
1.999994733454104789e+01
1.999996893878595827e+01
1.999998878324403506e+01
2.000000693460534151e+01
2.000002351687246360e+01
2.000003868444044386e+01
2.000005259743764796e+01
2.000006540270383226e+01
2.000007722017645762e+01
2.000008813729859014e+01
2.000009820836238461e+01
2.000010746000502593e+01
2.000011589962501191e+01
2.000012352619731715e+01
2.000013034103405118e+01
2.000013635890008601e+01
2.000014161638105037e+01
2.000014617919849869e+01
2.000015014659710388e+01
2.000015365415343993e+01
2.000015687443785950e+01
2.000016001655159670e+01
2.000016332472205960e+01
2.000016707702894436e+01
2.000017158449619004e+01
2.000017719099429669e+01
2.000018427465164805e+01
2.000019325112852542e+01
2.000020457894521897e+01
2.000021876688295208e+01
2.000023638378715773e+01
2.000025807073619788e+01
2.000028455554540940e+01
2.000031666968407507e+01
2.000035536687715521e+01
2.000040174428005102e+01
2.000045706559766501e+01
2.000052278566501585e+01
2.000060057740610020e+01
2.000069235985271021e+01
2.000080032857311352e+01
2.000092698693516269e+01
2.000107517899852994e+01
2.000124812403749885e+01
2.000144945163403776e+01
2.000168323866197539e+01
2.000195404508367147e+01
2.000226695075601668e+01
2.000262759122120571e+01
2.000304219003351136e+01
2.000351758685282277e+01
2.000406125834383531e+01
2.000468132369017482e+01
2.000538653071533091e+01
2.000618620674696757e+01
2.000709015271312197e+01
2.000810845137493033e+01
2.000925113553826051e+01
2.001052763051234962e+01
2.001194584948529709e+01
2.001351071802342929e+01
2.001522183560561530e+01
2.001706971042990091e+01
2.001902986793371042e+01
2.002105341810488426e+01
2.002305257768314561e+01
2.002487718856601262e+01
2.002628037919522086e+01
2.002685796841979027e+01
