1.999986711742033663e+01
2.000003086859650736e+01
2.000018147083844866e+01
2.000030843939601510e+01
2.000038928552789841e+01
2.000042373599667656e+01
2.000041629886298367e+01
2.000037501209360613e+01
2.000030846052806410e+01
2.000022499156833078e+01
2.000013204364639918e+01
2.000003591285196336e+01
1.999994166942990148e+01
1.999985321309722153e+01
1.999977339234843043e+01
1.999970415844422789e+01
1.999964672200941251e+01
1.999960169814277577e+01
1.999956923018078214e+01
1.999954909275840720e+01
1.999954077069865477e+01
1.999954352567266724e+01
1.999955644470364646e+01
1.999957848466624810e+01
1.999960850722163741e+01
1.999964531289776204e+01
1.999968767009633908e+01
1.999973434487459301e+01
1.999978412580568232e+01
1.999983584914163259e+01
1.999988841876152890e+01
1.999994082450539779e+01
1.999999215616552206e+01
2.000004161361746924e+01
2.000008851345070937e+01
2.000013229163526418e+01
2.000017250330011720e+01
2.000020881898876368e+01
2.000024101861674808e+01
2.000026898367463701e+01
2.000029268760195933e+01
2.000031218524854637e+01
2.000032760154710587e+01
2.000033912040684569e+01
2.000034697328248967e+01
2.000035142849772996e+01
2.000035278098623692e+01
2.000035134304708251e+01
2.000034743570609663e+01
2.000034138166444464e+01
2.000033349856246900e+01
2.000032409374310660e+01
2.000031346027348178e+01
2.000030187325005215e+01
2.000028958740291429e+01
2.000027683595659411e+01
2.000026382908058409e+01
2.000025075458281520e+01
2.000023777745846232e+01
2.000022504215704799e+01
2.000021267218527754e+01
2.000020077403870644e+01
2.000018943595219056e+01
2.000017873512383204e+01
2.000016873418720209e+01
2.000015948974279212e+01
2.000015104974847091e+01
2.000014346222381789e+01
2.000013677472952978e+01
2.000013104225195448e+01
2.000012633135765228e+01
2.000012273717156219e+01
2.000012039295458166e+01
2.000011952945855498e+01
2.000012048735550962e+01
2.000012401680615426e+01
2.000013124423352551e+01
2.000014534463992888e+01
2.000017108981743519e+01
2.000022447923226565e+01
2.000030798977240920e+01
