2.000040520364936825e+01
2.000056485226077996e+01
2.000062245211040235e+01
2.000062070093214217e+01
2.000057270900478557e+01
2.000049842461926275e+01
2.000041210932531754e+01
2.000032405569810123e+01
2.000024034359915603e+01
2.000016416458115387e+01
2.000009674682810257e+01
2.000003818691419610e+01
1.999998799555243068e+01
1.999994544643301353e+01
1.999990976208133020e+01
1.999988019949763540e+01
1.999985607262876286e+01
1.999983674753843133e+01
1.999982162561333610e+01
1.999981012994395613e+01
1.999980169533556307e+01
1.999979576894725852e+01
1.999979181360624736e+01
1.999978931806321114e+01
1.999978780738884865e+01
1.999978685448238735e+01
1.999978608876706332e+01
1.999978520467065835e+01
1.999978396427401250e+01
1.999978219952663494e+01
1.999977980967108948e+01
1.999977675748659323e+01
1.999977306279423317e+01
1.999976879487001469e+01
1.999976406385465566e+01
1.999975901189138483e+01
1.999975380451857987e+01
1.999974862228507178e+01
1.999974365331868853e+01
1.999973908706358117e+01
1.999973510899057061e+01
1.999973189686260966e+01
1.999972961776445857e+01
1.999972842684210050e+01
1.999972846710009122e+01
1.999972986981181577e+01
1.999973275632726910e+01
1.999973723981473483e+01
1.999974342844907582e+01
1.999975142784235516e+01
1.999976134465213917e+01
1.999977328911355912e+01
1.999978737859669664e+01
1.999980373994996796e+01
1.999982251209821271e+01
1.999984384788484348e+01
1.999986791559170030e+01
1.999989490071994069e+01
1.999992500569285170e+01
1.999995845155611462e+01
1.999999547672717171e+01
2.000003633793516045e+01
2.000008130845644061e+01
2.000013067937998557e+01
2.000018475825546105e+01
2.000024386780654595e+01
2.000030834809209423e+01
2.000037855647275720e+01
2.000045486896027924e+01
2.000053768287068223e+01
2.000062742289425799e+01
2.000072454936511335e+01
2.000082955987152289e+01
2.000094302594196805e+01
2.000106554226787736e+01
2.000119785299046882e+01
2.000134045721589970e+01
2.000149417831345744e+01
2.000165747785787218e+01
2.000182949453488135e+01
2.000197667581960559e+01
