2.000015545820541263e+01
2.000051143670011555e+01
2.000108638187099785e+01
2.000200881009355669e+01
2.000338305077194434e+01
2.000534239488624166e+01
2.000804581043963992e+01
2.001168310434131570e+01
2.001647494225473523e+01
2.002267245317795030e+01
2.003055499861914157e+01
2.004042663603999941e+01
2.005261100519371453e+01
2.006744483056466422e+01
2.008526998383357309e+01
2.010642441383594914e+01
2.013123212881061974e+01
2.015999264403122027e+01
2.019297022908397921e+01
2.023038343970474884e+01
2.027239527248181972e+01
2.031910439923011680e+01
2.037053771572874794e+01
2.042664452731388991e+01
2.048729247490726024e+01
2.055226532111552018e+01
2.062126256804679514e+01
2.069390088187812893e+01
2.076971717543256091e+01
2.084817324416999895e+01
2.092866176916727028e+01
2.101051355186204717e+01
2.109300581233249261e+01
2.117537143477446548e+01
2.125680903827172941e+01
2.133649378694435228e+01
2.141358885596580208e+01
2.148725748456850226e+01
2.155667553453955421e+01
2.162104446170755523e+01
2.167960457280934605e+01
2.173164840505557294e+01
2.177653400507912451e+01
2.181369784197012152e+01
2.184266701645766062e+01
2.186307039135389019e+01
2.187464822201036441e+01
2.187725985164630771e+01
2.187088904622292418e+01
2.185564658371692559e+01
2.183176978778733002e+01
2.179961880632947668e+01
2.175966957181524819e+01
2.171250353904169117e+01
2.165879446232509764e+01
2.159929263633624075e+01
2.153480716576898502e+01
2.146618694166735963e+01
2.139430106672463694e+01
2.132001949096341775e+01
2.124419458659558302e+01
2.116764432046896260e+01
2.109113754938761431e+01
2.101538185298422334e+01
2.094101413253673627e+01
2.086859408272067995e+01
2.079860049158036972e+01
2.073143022596019946e+01
2.066739970161760809e+01
2.060674864600980527e+01
2.054964602959494968e+01
2.049619843619804271e+01
2.044646138402486457e+01
2.040045601860663638e+01
2.035819380710167792e+01
2.031972083080529501e+01
2.028518954389098283e+01
2.025501055869864331e+01
2.023009533846498087e+01
2.021244064312648447e+01
2.020570832956582308e+01
