6.080028624070112464e+00
6.029105118421703935e+00
5.978155101599389454e+00
5.927177602456985994e+00
5.876171623296224666e+00
5.825136164206821121e+00
5.774070212364132537e+00
5.722972687252005919e+00
5.671842416197385717e+00
5.620678101916156244e+00
5.569478299415212774e+00
5.518241174771101321e+00
5.466963844279548290e+00
5.415641255642276164e+00
5.364265275058679450e+00
5.312824606109134429e+00
5.261305760959900546e+00
5.209694468740329043e+00
5.157977095404575607e+00
5.106141712838190294e+00
5.054179158246389747e+00
5.002084216831242713e+00
4.949857497383907123e+00
4.897507886551585976e+00
4.845055229512984951e+00
4.792530948048734807e+00
4.739973525128855947e+00
4.687417325619477992e+00
4.634880131090088895e+00
4.582358176595990429e+00
4.529831601493640392e+00
4.477274298129205299e+00
4.424661495923040810e+00
4.371972842150724681e+00
4.319192565812808304e+00
4.266308295837164977e+00
4.213309894125620403e+00
4.160188363575950454e+00
4.106935239970015417e+00
4.053542022952770552e+00
4.000000000000000000e+00
