6.080118059776230766e+00
6.029194606691655522e+00
5.978244653375424100e+00
5.927267218827197759e+00
5.876261292200406494e+00
5.825225858350576047e+00
5.774159896997443475e+00
5.723062332562309784e+00
5.671932006956363459e+00
5.620767641288018091e+00
5.569567824929637645e+00
5.518330850612078287e+00
5.467054211104364292e+00
5.415733596306101738e+00
5.364361887272590224e+00
5.312928777241140210e+00
5.261421443040974921e+00
5.209825814704577951e+00
5.158128005569075469e+00
5.106315425164283717e+00
5.054377812412863769e+00
5.002308266282277316e+00
4.950104848101883448e+00
4.897772747684261851e+00
4.845327034661560006e+00
4.792794369196178295e+00
4.740211036568312331e+00
4.687614415866730333e+00
4.635030265331302246e+00
4.582463818371184772e+00
4.529901085472737066e+00
4.477317575849652620e+00
4.424687296345831022e+00
4.371987668221716028e+00
4.319200802781610449e+00
4.266312714352713975e+00
4.213312166141796489e+00
4.160189463599389015e+00
4.106935719934795337e+00
4.053542188313041805e+00
4.000000000000000000e+00
