6.074736628040813713e+00
6.023808737744307251e+00
5.972852297653662212e+00
5.921867217918026505e+00
5.870852416193385714e+00
5.819807017238307623e+00
5.768730150052606476e+00
5.717621189508466983e+00
5.666479578509350468e+00
5.615304965747162314e+00
5.564096876138673764e+00
5.512854646542725945e+00
5.461577034506678530e+00
5.410262238046197325e+00
5.358907797355667135e+00
5.307510900639906382e+00
5.256068516724877071e+00
5.204577711179144472e+00
5.153035688213428500e+00
5.101439900054660193e+00
5.049787933831834330e+00
4.998077478064177015e+00
4.946306173824038588e+00
4.894471562773972551e+00
4.842570991059279351e+00
4.790601587875069178e+00
4.738560229894490661e+00
4.686443536455506376e+00
4.634247866223916823e+00
4.581969303554062733e+00
4.529603664981616262e+00
4.477146465215848359e+00
4.424592926454914199e+00
4.371937924244877038e+00
4.319176000105493074e+00
4.266301289959610443e+00
4.213307540192925416e+00
4.160188018344402217e+00
4.106935529245780536e+00
4.053542303253382606e+00
4.000000000000000000e+00
