6.074825922978330794e+00
6.023900142826829729e+00
5.972947972839069308e+00
5.921968193596828911e+00
5.870959743946925435e+00
5.819921522472993658e+00
5.768852400118415602e+00
5.717751196687996362e+00
5.666616692876860206e+00
5.615447593794296921e+00
5.564242552354143001e+00
5.513000124979195782e+00
5.461718808492022070e+00
5.410396988880414426e+00
5.359032989470038366e+00
5.307625011283501948e+00
5.256171189245773867e+00
5.204669523190519342e+00
5.153117939883459897e+00
5.101514214952003634e+00
5.049856039447358391e+00
4.998140933389939811e+00
4.946366315714606721e+00
4.894529409768448858e+00
4.842627315268312138e+00
4.790656905676460298e+00
4.738614900947487385e+00
4.686497756840900308e+00
4.634301738089399159e+00
4.582022800432508980e+00
4.529656665067115284e+00
4.477198694847060345e+00
4.424643971592417735e+00
4.371987167618292425e+00
4.319222627026906736e+00
4.266344232304373207e+00
4.213345489389690890e+00
4.160219387198735852e+00
4.106958485204088127e+00
4.053554752927089666e+00
4.000000000000000000e+00
