6.075397692743821132e+00
6.024175114243318419e+00
5.973034059411145513e+00
5.921957739166136214e+00
5.870912093946323296e+00
5.819863461405015315e+00
5.768792379900903988e+00
5.717691176433518763e+00
5.666557073331536465e+00
5.615388473990814866e+00
5.564183942889180834e+00
5.512941997564216656e+00
5.461661099613946746e+00
5.410339626593257734e+00
5.358975896617201862e+00
5.307568127262543456e+00
5.256114464503164996e+00
5.204612924891937276e+00
5.153061444825171478e+00
5.101457802581319534e+00
5.049799697347304495e+00
4.998084636168186101e+00
4.946310052350199271e+00
4.894473142806051058e+00
4.842571037584357363e+00
4.790600577507729163e+00
4.738558540599330904e+00
4.686441360474289830e+00
4.634245399357623363e+00
4.581966628571056077e+00
4.529600911522027928e+00
4.477143696939143602e+00
4.424590245014778489e+00
4.371935409859051269e+00
4.319173725494320770e+00
4.266299353649783299e+00
4.213305968296269022e+00
4.160186896535246426e+00
4.106934812304184668e+00
4.053542009356942977e+00
4.000000000000000000e+00
