2.000000001486289491e+01
1.999853770973097156e+01
1.999946610305773476e+01
1.999989062804979056e+01
1.999998476657025748e+01
1.999999753857121476e+01
1.999999974673676562e+01
2.000000003168923612e+01
1.999999999453473265e+01
2.000000006435033484e+01
1.999999994128333469e+01
2.000000011358070751e+01
1.999999984315671142e+01
2.000000024512496211e+01
1.999999963482120791e+01
2.000000054507576408e+01
1.999999918060397519e+01
2.000000120355403155e+01
1.999999820316037713e+01
2.000000261312344207e+01
1.999999614537757608e+01
2.000000555192127294e+01
1.999999192752973443e+01
2.000001149637168041e+01
1.999998355360017044e+01
2.000002309966010472e+01
1.999996755476076515e+01
2.000004479749528485e+01
1.999993839702926479e+01
2.000008327010572273e+01
1.999988834172527774e+01
2.000014696184729246e+01
1.999980896621301696e+01
2.000024295452149303e+01
1.999969655928622458e+01
2.000036858886927860e+01
1.999956390784753069e+01
2.000049627777185890e+01
1.999945658541878402e+01
2.000056200292010189e+01
1.999937274985950353e+01
