2.000000013194368265e+01
1.999593437080657310e+01
1.999030530003984296e+01
1.998938299869001511e+01
1.998469119291757679e+01
1.998536442873212593e+01
1.999574919191444522e+01
2.006647052736149206e+01
2.023594656165468564e+01
2.053829376106708082e+01
2.094801030085290705e+01
2.143595176229524313e+01
2.194283354313858680e+01
2.242732824720075868e+01
2.282168627550390028e+01
2.306555097651019892e+01
2.307069579796726089e+01
2.278929202765612771e+01
2.224362126734196110e+01
2.158792193344423893e+01
2.099165234541570157e+01
2.056092462383875485e+01
2.029042690750782896e+01
2.014282523095547717e+01
2.006442272779300495e+01
2.002905575138453642e+01
2.001035456014151848e+01
2.000460172834005235e+01
1.999992081185085269e+01
2.000044480090562971e+01
1.999852687870796686e+01
2.000013521943537853e+01
1.999866936749815949e+01
2.000036665029177030e+01
1.999893604251924373e+01
2.000056206302853568e+01
1.999911250687267028e+01
2.000066401538439109e+01
1.999920437686876795e+01
2.000070706920383046e+01
1.999906659752014093e+01
