1.999999999204199597e+01
2.001853578088946861e+01
2.005019469255881859e+01
2.012666933188247853e+01
2.026009847961015709e+01
2.045019825415544901e+01
2.068100215212105297e+01
2.092558147743991626e+01
2.115266042185119133e+01
2.133342936746723950e+01
2.144699345761531006e+01
2.148358461648386708e+01
2.144532246966819145e+01
2.134418889867568225e+01
2.119860346438253274e+01
2.102861786370139541e+01
2.085299763204096735e+01
2.068548031780697016e+01
2.053672984381415034e+01
2.041523776939029844e+01
2.036751838355849031e+01
