1.999999998360834752e+01
2.000801002455624555e+01
2.000728277220336437e+01
2.000735432300652050e+01
2.000723973221231944e+01
2.000728369463358192e+01
2.000758223965557647e+01
2.000843377151425528e+01
2.001028904881721715e+01
2.001383838410272986e+01
2.002004682525338808e+01
2.003016451801103415e+01
2.004567106441345814e+01
2.006816342709792877e+01
2.009916252304735451e+01
2.013991315682421401e+01
2.019111735752511194e+01
2.025277780470343458e+01
2.032365243892190065e+01
2.039808294847292913e+01
2.044152870746620465e+01
