1.999999998601476747e+01
2.000704541569198369e+01
2.000646039904462370e+01
2.000660273441220127e+01
2.000656614551147072e+01
2.000657592686225072e+01
2.000657372550278268e+01
2.000657432636590727e+01
2.000657485067373642e+01
2.000657442905236394e+01
2.000657633344540542e+01
2.000657446408820306e+01
2.000658002470374441e+01
2.000657326513876200e+01
2.000658977886469359e+01
2.000656661365101030e+01
2.000661750576421838e+01
2.000654949901246837e+01
2.000679065826163239e+01
2.000749380785078557e+01
2.001285536133218557e+01
