4.045253861116930416e+00
4.044659093865285548e+00
4.044126561597691349e+00
4.043654125938526356e+00
4.043239150287663008e+00
4.042878411694943885e+00
4.042568015711185403e+00
4.042303335433382827e+00
4.042078982500150630e+00
4.041888820776991409e+00
4.041726030321479257e+00
4.041583225665680068e+00
4.041452627095828198e+00
4.041326277584379234e+00
4.041196291980091004e+00
4.041055120062494233e+00
4.040895802101935885e+00
4.040712195380089078e+00
4.040499152952795825e+00
4.040252641391688826e+00
4.039969791369840024e+00
4.039648882470434188e+00
4.039289270205130400e+00
4.038891267953813369e+00
4.038455998912240830e+00
4.037985233225212411e+00
4.037481223766151928e+00
4.036946551183484999e+00
4.036383985562151722e+00
4.035796368903108444e+00
4.035186519964930163e+00
4.034557161004442172e+00
4.033910864609649316e+00
4.033250018054456376e+00
4.032576802292916263e+00
4.031893182717131374e+00
4.031200909009677424e+00
4.030501521736109538e+00
4.029796363679876592e+00
4.029086594278133759e+00
4.028373205847722183e+00
4.027657040583466852e+00
4.026938807561931455e+00
4.026219099193272477e+00
4.025498406735207979e+00
4.024777134620772578e+00
4.024055613459970537e+00
4.023334111658797951e+00
4.022612845661687864e+00
4.021891988868885548e+00
4.021171679311228431e+00
4.020452026184735850e+00
4.019733115357884579e+00
4.019015013967957017e+00
4.018297774221845309e+00
4.017581436510369031e+00
4.016866031938459258e+00
4.016151584363349514e+00
4.015438112022760464e+00
4.014725628825869030e+00
4.014014145368355102e+00
4.013303669724850309e+00
4.012594208063423373e+00
4.011885765117997771e+00
4.011178344550001995e+00
4.010471949223465948e+00
4.009766581412423925e+00
4.009062242957695865e+00
4.008358935385186506e+00
4.007656659994627724e+00
4.006955417927144936e+00
4.006255210218092166e+00
4.005556037838838179e+00
4.004857901726935232e+00
4.004160802799434649e+00
4.003464741926206827e+00
4.002769719808916271e+00
4.002075736634137293e+00
4.001382791359896274e+00
4.000690880655472625e+00
4.000000000000000000e+00
