4.058578749404019526e+00
4.057804858877614329e+00
4.057031913673371903e+00
4.056259957626497048e+00
4.055489022105545516e+00
4.054719130648029690e+00
4.053950301508466580e+00
4.053182547999442775e+00
4.052415879019228839e+00
4.051650299704673941e+00
4.050885812246365347e+00
4.050122416709394102e+00
4.049360111769746418e+00
4.048598895304144740e+00
4.047838764818769697e+00
4.047079717730839299e+00
4.046321751533159095e+00
4.045564863874806072e+00
4.044809052587948095e+00
4.044054315683972334e+00
4.043300651334769569e+00
4.042548057849208121e+00
4.041796533650183321e+00
4.041046077254650370e+00
4.040296687257435515e+00
4.039548362318594599e+00
4.038801101153729256e+00
4.038054902526597267e+00
4.037309765243409565e+00
4.036565688148314734e+00
4.035822670119734390e+00
4.035080710067222576e+00
4.034339806928727512e+00
4.033599959668086932e+00
4.032861167272695724e+00
4.032123428751285488e+00
4.031386743131781358e+00
4.030651109459216563e+00
4.029916526793668297e+00
4.029182994208232671e+00
4.028450510787012107e+00
4.027719075623100053e+00
4.026988687816577261e+00
4.026259346472478740e+00
4.025531050698761604e+00
4.024803799604251608e+00
4.024077592296550598e+00
4.023352427879907545e+00
4.022628305453053166e+00
4.021905224106975041e+00
4.021183182922636767e+00
4.020462180968650046e+00
4.019742217298836628e+00
4.019023290949749416e+00
4.018305400938127825e+00
4.017588546258229698e+00
4.016872725879003347e+00
4.016157938741254263e+00
4.015444183754683039e+00
4.014731459794779411e+00
4.014019765699585740e+00
4.013309100266347684e+00
4.012599462247935733e+00
4.011890850349333348e+00
4.011183263223874640e+00
4.010476699469189832e+00
4.009771157623475801e+00
4.009066636161485064e+00
4.008363133490854047e+00
4.007660647949485622e+00
4.006959177804851890e+00
4.006258721258099342e+00
4.005559276457212547e+00
4.004860841530373250e+00
4.004163414652296638e+00
4.003466994187785843e+00
4.002771578940558683e+00
4.002077168670922447e+00
4.001383764849875568e+00
4.000691372340039464e+00
4.000000000000000000e+00
