4.045333304710037936e+00
4.044578048813179727e+00
4.043823873467355057e+00
4.043070776677193834e+00
4.042318781094683899e+00
4.041567924458287386e+00
4.040818256948476517e+00
4.040069842448052562e+00
4.039322761540905304e+00
4.038577115169225351e+00
4.037833028529134616e+00
4.037090655076350565e+00
4.036350180588911485e+00
4.035611827215215719e+00
4.034875857386426290e+00
4.034142577440548827e+00
4.033412340786939332e+00
4.032685550425791909e+00
4.031962660643876539e+00
4.031244177724545352e+00
4.030530659522104209e+00
4.029822713783091537e+00
4.029120995126938887e+00
4.028426200633506760e+00
4.027739064028998506e+00
4.027060348496860342e+00
4.026390838181267640e+00
4.025731328485081306e+00
4.025082615293605670e+00
4.024445483280798541e+00
4.023820693473127541e+00
4.023208970259090300e+00
4.022610988042850444e+00
4.022027357744312859e+00
4.021458613352627331e+00
4.020905198741847819e+00
4.020367454960521947e+00
4.019845608210791177e+00
4.019339758738113666e+00
4.018849870860143447e+00
4.018375764371557857e+00
4.017917107570802671e+00
4.017473412162287261e+00
4.017044030291623713e+00
4.016628153969879378e+00
4.016224817131806901e+00
4.015832900550147855e+00
4.015451139789596446e+00
4.015078136327845826e+00
4.014712371895172716e+00
4.014352225988091050e+00
4.013995996398387334e+00
4.013641922469489920e+00
4.013288210654147647e+00
4.012933061809147439e+00
4.012574699534890321e+00
4.012211398760638481e+00
4.011841513702396611e+00
4.011463504289794813e+00
4.011075960177333144e+00
4.010677621528074610e+00
4.010267395881840891e+00
4.009844370588497853e+00
4.009407820488770646e+00
4.008957210744931388e+00
4.008492194945961984e+00
4.008012608820176403e+00
4.007518460070993882e+00
4.007009915001051858e+00
4.006487282710086362e+00
4.005950997751347664e+00
4.005401602258740645e+00
4.004839728743349703e+00
4.004266085220611338e+00
4.003681445086184176e+00
4.003086646206562627e+00
4.002482606547376420e+00
4.001870372272913201e+00
4.001251223603786933e+00
4.000626900535933395e+00
4.000000000000000000e+00
