4.056081610984525909e+00
4.055311248864008178e+00
4.054541918310490267e+00
4.053773625342368625e+00
4.053006382634804616e+00
4.052240199755820171e+00
4.051475082880514833e+00
4.050711035174434649e+00
4.049948057729469753e+00
4.049186150314053378e+00
4.048425311974271246e+00
4.047665541481339169e+00
4.046906837669446588e+00
4.046149199678720443e+00
4.045392627115458772e+00
4.044637120140939679e+00
4.043882679501071387e+00
4.043129306514480881e+00
4.042377003035801053e+00
4.041625771408908996e+00
4.040875614426545859e+00
4.040126535306407973e+00
4.039378537692525306e+00
4.038631625689849791e+00
4.037885803935903795e+00
4.037141077713777726e+00
4.036397453108786060e+00
4.035654937209351978e+00
4.034913538352641105e+00
4.034173266414417647e+00
4.033434133140917588e+00
4.032696152521653588e+00
4.031959341200023417e+00
4.031223718919505927e+00
4.030489309002196485e+00
4.029756138856800618e+00
4.029024240512783628e+00
4.028293651176886314e+00
4.027564413808244481e+00
4.026836577707467946e+00
4.026110199114524058e+00
4.025385341809537998e+00
4.024662077709585617e+00
4.023940487453831594e+00
4.023220660968354956e+00
4.022502698001210852e+00
4.021786708617489658e+00
4.021072813643453259e+00
4.020361145048403806e+00
4.019651846252791039e+00
4.018945072350840420e+00
4.018240990236321863e+00
4.017539778620532687e+00
4.016841627932321579e+00
4.016146740090844602e+00
4.015455328142834901e+00
4.014767615757739883e+00
4.014083836575261799e+00
4.013404233401515420e+00
4.012729057251952725e+00
4.012058566240392921e+00
4.011393024315072608e+00
4.010732699843714499e+00
4.010077864050497709e+00
4.009428789306773488e+00
4.008785747274742128e+00
4.008149006896698729e+00
4.007518832207687787e+00
4.006895479922854442e+00
4.006279196696573841e+00
4.005670215853643690e+00
4.005068753205020649e+00
4.004475001238835041e+00
4.003889120331426632e+00
4.003311224599761076e+00
4.002741357812278800e+00
4.002179451711906033e+00
4.001625251477600287e+00
4.001078184910334734e+00
4.000537124063623828e+00
4.000000000000000000e+00
