4.057287775952460152e+00
4.056515857659230839e+00
4.055744991633626562e+00
4.054975175795612508e+00
4.054206409667602706e+00
4.053438691852778497e+00
4.052672021874042407e+00
4.051906400205210979e+00
4.051141828105564890e+00
4.050378307197792793e+00
4.049615839123879013e+00
4.048854425332295115e+00
4.048094067011748010e+00
4.047334765120856659e+00
4.046576520460065218e+00
4.045819333747802560e+00
4.045063205678998131e+00
4.044308136962922795e+00
4.043554128346492860e+00
4.042801180630189783e+00
4.042049294686152372e+00
4.041298471482582144e+00
4.040548712116996732e+00
4.039800017859185743e+00
4.039052390201925746e+00
4.038305830918706540e+00
4.037560342127359370e+00
4.036815926359535567e+00
4.036072586637229342e+00
4.035330326558367986e+00
4.034589150393554924e+00
4.033849063197496143e+00
4.033110070938166203e+00
4.032372180646860649e+00
4.031635400591908613e+00
4.030899740478508519e+00
4.030165211676524528e+00
4.029431827477475636e+00
4.028699603381301841e+00
4.027968557412720862e+00
4.027238710466543026e+00
4.026510086680530343e+00
4.025782713833724991e+00
4.025056623767673258e+00
4.024331852827332412e+00
4.023608442317875955e+00
4.022886438972999024e+00
4.022165895429835381e+00
4.021446870704949994e+00
4.020729430665508808e+00
4.020013648489073610e+00
4.019299605104932560e+00
4.018587389609737492e+00
4.017877099649610706e+00
4.017168841760768494e+00
4.016462731660567442e+00
4.015758894480375929e+00
4.015057464932517917e+00
4.014358587402989009e+00
4.013662415961895213e+00
4.012969114284440586e+00
4.012278855474574080e+00
4.011591821783384582e+00
4.010908204214330475e+00
4.010228202004676668e+00
4.009552021967778046e+00
4.008879877673744652e+00
4.008211988428749706e+00
4.007548577984988647e+00
4.006889872860464941e+00
4.006236100055836857e+00
4.005587483788846548e+00
4.004944240587422044e+00
4.004306571559213879e+00
4.003674649843167010e+00
4.003048599600631086e+00
4.002428460664857468e+00
4.001814127646147412e+00
4.001205246838479113e+00
4.000601035721373044e+00
4.000000000000000000e+00
