4.057950218051090907e+00
4.057177382393613918e+00
4.056405641203680190e+00
4.055634987479691311e+00
4.054865416162954261e+00
4.054096920489049793e+00
4.053329493487618507e+00
4.052563128617101107e+00
4.051797820287304397e+00
4.051033564048308833e+00
4.050270356619605217e+00
4.049508195792794751e+00
4.048747080265551190e+00
4.047987009444480755e+00
4.047227983252006389e+00
4.046470001960144280e+00
4.045713066062085694e+00
4.044957176183316072e+00
4.044202333026609253e+00
4.043448537342427151e+00
4.042695789916828986e+00
4.041944091569964925e+00
4.041193443160525867e+00
4.040443845593932437e+00
4.039695299833146791e+00
4.038947806912246641e+00
4.038201367953323739e+00
4.037455984187317881e+00
4.036711656979805163e+00
4.035968387862467033e+00
4.035226178570630928e+00
4.034485031087887030e+00
4.033744947698209238e+00
4.033005931046433901e+00
4.032267984207849487e+00
4.031531110767950565e+00
4.030795314913370397e+00
4.030060601535092601e+00
4.029326976345306122e+00
4.028594446009111429e+00
4.027863018292410224e+00
4.027132702227209649e+00
4.026403508295416600e+00
4.025675448632103581e+00
4.024948537248919322e+00
4.024222790278091821e+00
4.023498226237061104e+00
4.022774866313409525e+00
4.022052734669302687e+00
4.021331858764280121e+00
4.020612269694632701e+00
4.019894002547165002e+00
4.019177096764584789e+00
4.018461596519355084e+00
4.017747551092231362e+00
4.017035015251268604e+00
4.016324049626622816e+00
4.015614721076040894e+00
4.014907103035434410e+00
4.014201275848450656e+00
4.013497327068459519e+00
4.012795351725870319e+00
4.012095452552281394e+00
4.011397740151847913e+00
4.010702333107479589e+00
4.010009358004786861e+00
4.009318949349329309e+00
4.008631249338846736e+00
4.007946407429443525e+00
4.007264579593856624e+00
4.006585927102950251e+00
4.005910614543327419e+00
4.005238806590396550e+00
4.004570662707428674e+00
4.003906328410202775e+00
4.003245920702734217e+00
4.002589503896236245e+00
4.001937048872092895e+00
4.001288365653268286e+00
4.000642988634584896e+00
4.000000000000000000e+00
