4.058085380506041950e+00
4.057312172225401525e+00
4.056540035464960781e+00
4.055768981115427607e+00
4.054999014802640467e+00
4.054230137995842753e+00
4.053462349976792112e+00
4.052695648071845014e+00
4.051930028233444503e+00
4.051165485618670736e+00
4.050402015153172108e+00
4.049639611960728303e+00
4.048878271651432215e+00
4.048117990478349526e+00
4.047358765391361857e+00
4.046600594018910257e+00
4.045843474604634338e+00
4.045087405921501400e+00
4.044332387180205046e+00
4.043578417942642389e+00
4.042825498047332822e+00
4.042073627549362058e+00
4.041322806675007762e+00
4.040573035790204770e+00
4.039824315380647235e+00
4.039076646041593222e+00
4.038330028475821898e+00
4.037584463498339993e+00
4.036839952047145630e+00
4.036096495199757328e+00
4.035354094195277241e+00
4.034612750462466479e+00
4.033872465654129158e+00
4.033133241688379833e+00
4.032395080797393838e+00
4.031657985584453208e+00
4.030921959090070672e+00
4.030187004868061251e+00
4.029453127072578411e+00
4.028720330557077567e+00
4.027988620986324264e+00
4.027258004962536830e+00
4.026528490166671581e+00
4.025800085515895077e+00
4.025072801338160033e+00
4.024346649564622957e+00
4.023621643940486159e+00
4.022897800254546574e+00
4.022175136587444300e+00
4.021453673578384347e+00
4.020733434709546472e+00
4.020014446607100389e+00
4.019296739357291592e+00
4.018580346835577188e+00
4.017865307046334600e+00
4.017151662470347162e+00
4.016439460416377116e+00
4.015728753373145388e+00
4.015019599357234625e+00
4.014312062251816471e+00
4.013606212130888196e+00
4.012902125562541222e+00
4.012199885883791062e+00
4.011499583438045136e+00
4.010801315763529828e+00
4.010105187716733077e+00
4.009411311507678377e+00
4.008719806611573233e+00
4.008030799500147623e+00
4.007344423099997499e+00
4.006660815826088573e+00
4.005980119933591155e+00
4.005302478764182439e+00
4.004628032163007667e+00
4.003956908886843635e+00
4.003289213958855619e+00
4.002625007753626285e+00
4.001964271024906594e+00
4.001306847481719942e+00
4.000652347266159481e+00
4.000000000000000000e+00
