4.058549806400825410e+00
4.057775896491196299e+00
4.057003078798173235e+00
4.056231360312144929e+00
4.055460749814044696e+00
4.054691251289805898e+00
4.053922864958764194e+00
4.053155588548989385e+00
4.052389418055285297e+00
4.051624348086885874e+00
4.050860372105197449e+00
4.050097482682647687e+00
4.049335671813017790e+00
4.048574931252621134e+00
4.047815252860717194e+00
4.047056628912054421e+00
4.046299052362871684e+00
4.045542517059049104e+00
4.044787017881342983e+00
4.044032550827068917e+00
4.043279113031229777e+00
4.042526702733296950e+00
4.041775319198207761e+00
4.041024962601807324e+00
4.040275633891820206e+00
4.039527334635264033e+00
4.038780066862360130e+00
4.038033832915500554e+00
4.037288635309963070e+00
4.036544476611078736e+00
4.035801359330671190e+00
4.035059285843826338e+00
4.034318258325756190e+00
4.033578278707445897e+00
4.032839348648135314e+00
4.032101469522319626e+00
4.031364642418861166e+00
4.030628868149882749e+00
4.029894147267300220e+00
4.029160480085169915e+00
4.028427866706289606e+00
4.027696307051826352e+00
4.026965800892973846e+00
4.026236347883907385e+00
4.025507947595485803e+00
4.024780599549343307e+00
4.024054303252107445e+00
4.023329058229589528e+00
4.022604864060910224e+00
4.021881720412610051e+00
4.021159627072838916e+00
4.020438583985800562e+00
4.019718591286705056e+00
4.018999649337556157e+00
4.018281758764128853e+00
4.017564920494575809e+00
4.016849135800079296e+00
4.016134406338062846e+00
4.015420734198512420e+00
4.014708121953834308e+00
4.013996572712668964e+00
4.013286090178050713e+00
4.012576678709992350e+00
4.011868343392470670e+00
4.011161090104181426e+00
4.010454925591727005e+00
4.009749857543252638e+00
4.009045894658171960e+00
4.008343046706241530e+00
4.007641324565507368e+00
4.006940740221738295e+00
4.006241306701919136e+00
4.005543037897576042e+00
4.004845948209267092e+00
4.004150051896641749e+00
4.003455361957421133e+00
4.002761888223596465e+00
4.002069634236726792e+00
4.001378592078546070e+00
4.000688734303348149e+00
4.000000000000000000e+00
