4.058574169827765310e+00
4.057800296154863595e+00
4.057027486588520304e+00
4.056255723001314983e+00
4.055485004520811287e+00
4.054715334282400718e+00
4.053946715591647099e+00
4.053179151247600309e+00
4.052412643850562546e+00
4.051647196125172989e+00
4.050882811040307452e+00
4.050119491749624601e+00
4.049357241443752642e+00
4.048596063186010063e+00
4.047835959769643388e+00
4.047076933608219740e+00
4.046318986657680306e+00
4.045562120364253111e+00
4.044806335633373884e+00
4.044051632816967334e+00
4.043298011717730844e+00
4.042545471609847674e+00
4.041794011275200660e+00
4.041043629053278963e+00
4.040294322902365565e+00
4.039546090468862261e+00
4.038798929161323770e+00
4.038052836225897835e+00
4.037307808820061794e+00
4.036563844081956454e+00
4.035820939193251355e+00
4.035079091433866338e+00
4.034338298227514663e+00
4.033598557177446864e+00
4.032859866092213252e+00
4.032122223001630701e+00
4.031385626163459968e+00
4.030650074061539634e+00
4.029915565396342103e+00
4.029182099069094747e+00
4.028449674160704319e+00
4.027718289906797366e+00
4.026987945670208902e+00
4.026258640912215192e+00
4.025530375163741681e+00
4.024803147997682906e+00
4.024076959003310527e+00
4.023351807763582144e+00
4.022627693835988616e+00
4.021904616737373317e+00
4.021182575932995107e+00
4.020461570829888309e+00
4.019741600774394463e+00
4.019022665053673116e+00
4.018304762900759997e+00
4.017587893502744478e+00
4.016872056011525416e+00
4.016157249556556508e+00
4.015443473259054485e+00
4.014730726247027093e+00
4.014019007670706962e+00
4.013308316717837165e+00
4.012598652628408757e+00
4.011890014708654917e+00
4.011182402343870024e+00
4.010475815009921341e+00
4.009770252283374248e+00
4.009065713850222146e+00
4.008362199513205937e+00
4.007659709197794129e+00
4.006958242957168181e+00
4.006257800976722905e+00
4.005558383577743520e+00
4.004859991222034843e+00
4.004162624511248048e+00
4.003466284184536761e+00
4.002770971071588413e+00
4.002076686028768648e+00
4.001383429637615841e+00
4.000691201985458356e+00
4.000000000000000000e+00
