4.058573209807010862e+00
4.057799241732521267e+00
4.057026362451315649e+00
4.056254588675701989e+00
4.055483919163579642e+00
4.054714345125889352e+00
4.053945857425009791e+00
4.053178448699700454e+00
4.052412113750487599e+00
4.051646849125756233e+00
4.050882652597079137e+00
4.050119522709386466e+00
4.049357458464906578e+00
4.048596459119908175e+00
4.047836524062969232e+00
4.047077652745446841e+00
4.046319844643456065e+00
4.045563099237799776e+00
4.044807416003862066e+00
4.044052794406891138e+00
4.043299233899987577e+00
4.042546733923550129e+00
4.041795293905430242e+00
4.041044913261337079e+00
4.040295591395457464e+00
4.039547327701099810e+00
4.038800121561288314e+00
4.038053972349381127e+00
4.037308879429629016e+00
4.036564842157654986e+00
4.035821859880915241e+00
4.035079931939062448e+00
4.034339057664276140e+00
4.033599236381503417e+00
4.032860467408637462e+00
4.032122750056606364e+00
4.031386083629400652e+00
4.030650467424013783e+00
4.029915900730292044e+00
4.029182382830683196e+00
4.028449912999907845e+00
4.027718490504537563e+00
4.026988114602458424e+00
4.026258784542235958e+00
4.025530499562370856e+00
4.024803258890453428e+00
4.024077061742178607e+00
4.023351907320254384e+00
4.022627794813206314e+00
4.021904723394011505e+00
4.021182692218626009e+00
4.020461700424386997e+00
4.019741747128254161e+00
4.019022831424917008e+00
4.018304952384743167e+00
4.017588109051605016e+00
4.016872300440479826e+00
4.016157525534934436e+00
4.015443783284472268e+00
4.014731072601676054e+00
4.014019392359151617e+00
4.013308741386352629e+00
4.012599118466075865e+00
4.011890522330955555e+00
4.011182951659767681e+00
4.010476405073286621e+00
4.009770881130209297e+00
4.009066378322760471e+00
4.008362895072186127e+00
4.007660429724134055e+00
4.006958980544029103e+00
4.006258545714068475e+00
4.005559123332651517e+00
4.004860711423938291e+00
4.004163307969104579e+00
4.003466911001362760e+00
4.002771518810948059e+00
4.002077130414670059e+00
4.001383746205716463e+00
4.000691368735556530e+00
4.000000000000000000e+00
