4.058571898829763214e+00
4.057798139827498929e+00
4.057025458126934936e+00
4.056253855565405964e+00
4.055483319488582872e+00
4.054713834748437939e+00
4.053945390042946961e+00
4.053177978751598687e+00
4.052411598382374081e+00
4.051646249475998829e+00
4.050881934586305633e+00
4.050118657469147898e+00
4.049356422513289644e+00
4.048595234362681872e+00
4.047835097669366888e+00
4.047076016923331743e+00
4.046317996324537702e+00
4.045561039679003379e+00
4.044805150313228737e+00
4.044050331007717602e+00
4.043296583952104228e+00
4.042543910723993328e+00
4.041792312291797806e+00
4.041041789039812038e+00
4.040292340812483118e+00
4.039543966973800693e+00
4.038796666477276531e+00
4.038050437942104942e+00
4.037305279731381091e+00
4.036561190028732149e+00
4.035818166910340565e+00
4.035076208409948961e+00
4.034335312575166199e+00
4.033595477513914673e+00
4.032856701430572066e+00
4.032118982651790695e+00
4.031382319642498047e+00
4.030646711012911609e+00
4.029912155517653360e+00
4.029178652048280185e+00
4.028446199620598911e+00
4.027714797358163956e+00
4.026984444473254321e+00
4.026255140246587594e+00
4.025526884006858097e+00
4.024799675110952712e+00
4.024073512925578022e+00
4.023348396810858318e+00
4.022624326106260639e+00
4.021901300119004041e+00
4.021179318115073897e+00
4.020458379312705333e+00
4.019738482878208785e+00
4.019019627923972493e+00
4.018301813508261766e+00
4.017585038636536154e+00
4.016869302263895491e+00
4.016154603298531356e+00
4.015440940605637721e+00
4.014728313011586280e+00
4.014016719308147074e+00
4.013306158256391143e+00
4.012596628590173964e+00
4.011888129019194338e+00
4.011180658231379148e+00
4.010474214894562017e+00
4.009768797657944361e+00
4.009064405153244692e+00
4.008361035996612642e+00
4.007658688792727020e+00
4.006957362142026469e+00
4.006257054655375072e+00
4.005557764979877255e+00
4.004859491842587715e+00
4.004162234115685060e+00
4.003465990918834372e+00
4.002770761735290783e+00
4.002076546614286912e+00
4.001383346347542336e+00
4.000691163209566525e+00
4.000000000000000000e+00
