4.058572951573976795e+00
4.057799025952579797e+00
4.057026125517678494e+00
4.056254281620793378e+00
4.055483516153896240e+00
4.054713838844736351e+00
4.053945251293827212e+00
4.053177750893317111e+00
4.052411333590953291e+00
4.051645995358960306e+00
4.050881732796080215e+00
4.050118543242287927e+00
4.049356424680067512e+00
4.048595375573635913e+00
4.047835394717173685e+00
4.047076481116315350e+00
4.046318633904740558e+00
4.045561852289493388e+00
4.044806135517060142e+00
4.044051482853228130e+00
4.043297893571634383e+00
4.042545366947613239e+00
4.041793902255130355e+00
4.041043498765464648e+00
4.040294155746864568e+00
4.039545872464690213e+00
4.038798648181808559e+00
4.038052482159108614e+00
4.037307373656064513e+00
4.036563321931255111e+00
4.035820326242888889e+00
4.035078385849266702e+00
4.034337500009198330e+00
4.033597667982359525e+00
4.032858889029591332e+00
4.032121162413119464e+00
4.031384487396709737e+00
4.030648863245766655e+00
4.029914289227336965e+00
4.029180764610035048e+00
4.028448288663884824e+00
4.027716860660084386e+00
4.026986479870671154e+00
4.026257145568092888e+00
4.025528857024686324e+00
4.024801613512043907e+00
4.024075414300290809e+00
4.023350258657231393e+00
4.022626145847401524e+00
4.021903075130984107e+00
4.021181045762605599e+00
4.020460056990031283e+00
4.019740108052693550e+00
4.019021198180091403e+00
4.018303326590072722e+00
4.017586492486941552e+00
4.016870695059407304e+00
4.016155933478430917e+00
4.015442206894834776e+00
4.014729514436804259e+00
4.014017855207236529e+00
4.013307228280832639e+00
4.012597632701078609e+00
4.011889067477004467e+00
4.011181531579758541e+00
4.010475023939013006e+00
4.009769543439204220e+00
4.009065088915595432e+00
4.008361659150136980e+00
4.007659252867657784e+00
4.006957868732574646e+00
4.006257505347864623e+00
4.005558161258939265e+00
4.004859834971917998e+00
4.004162524997044059e+00
4.003466229962762135e+00
4.002770948825072672e+00
4.002076681367142008e+00
4.001383429047209894e+00
4.000691197529130605e+00
4.000000000000000000e+00
