1.999872756512228023e+01
2.003243395820603112e+01
2.008367672358838263e+01
2.015541434681431099e+01
2.024966300738849867e+01
2.036701754447570778e+01
2.050661616263627351e+01
2.066624436148142863e+01
2.084258486760652218e+01
2.103153440698591226e+01
2.122853256998362426e+01
2.142885530497193258e+01
2.162784794642155717e+01
2.182109094934598659e+01
2.200450539525856541e+01
2.217441277800772070e+01
2.232756568098491101e+01
2.246116430945120968e+01
2.257287009867914662e+01
2.266082305904203409e+01
2.272366504368371665e+01
2.276056730713541043e+01
2.277125778399930311e+01
2.275604175397485562e+01
2.271580893803403356e+01
2.265202070556660274e+01
2.256667279031684359e+01
2.246223156820966338e+01
2.234154509070227235e+01
2.220773329057646706e+01
2.206406448164963052e+01
2.191382707019617015e+01
2.176020594730976399e+01
2.160617231772485880e+01
2.145439390709125504e+01
2.130716997105751886e+01
2.116639274987713293e+01
2.103353442359367875e+01
2.090965654843289201e+01
2.079543758948662102e+01
2.069121352815816905e+01
2.059702653747698875e+01
2.051267720995161170e+01
2.043777661074433993e+01
2.037179535596982305e+01
2.031410781435510415e+01
2.026403035110909201e+01
2.022085318833635625e+01
2.018386595727750077e+01
2.015237735906586281e+01
2.012572956889906095e+01
2.010330810843012372e+01
2.008454795049966890e+01
2.006893658404967340e+01
2.005601471022555060e+01
2.004537514506667506e+01
2.003666045394587769e+01
2.002955970455864332e+01
2.002380469804211316e+01
2.001916593029995539e+01
2.001544848702966561e+01
2.001248802517350001e+01
2.001014693796960842e+01
2.000831078917362760e+01
2.000688503757642422e+01
2.000579209228367716e+01
2.000496868851608312e+01
2.000436357222530859e+01
2.000393550453941316e+01
2.000365152333357699e+01
2.000348544719955513e+01
2.000341661699918205e+01
2.000342878809417613e+01
2.000350921444352537e+01
2.000364768172723728e+01
2.000383593173770436e+01
2.000406604030809632e+01
2.000433089673023801e+01
2.000461783451158482e+01
2.000491616556110941e+01
2.000514765642583370e+01
