2.000028676954667617e+01
2.000027589247907756e+01
2.000031199806620918e+01
2.000035324694786354e+01
2.000035786969766960e+01
2.000032410846362296e+01
2.000025791177427337e+01
2.000017096427859542e+01
2.000007419008450782e+01
1.999997590797912039e+01
1.999988113157367664e+01
1.999979222562705417e+01
1.999970987593607674e+01
1.999963395019318924e+01
1.999956410465600953e+01
1.999950007895785831e+01
1.999944181543618527e+01
1.999938944157342391e+01
1.999934322609439974e+01
1.999930351040297083e+01
1.999927068513948569e+01
1.999924515966002048e+01
1.999922738057766480e+01
1.999921784023028692e+01
1.999921711138971148e+01
1.999922587576817889e+01
1.999924496484712222e+01
1.999927539089352990e+01
1.999931839169268599e+01
1.999937546594719251e+01
1.999944841949569252e+01
1.999953941005860258e+01
1.999965100056634526e+01
1.999978621526049238e+01
1.999994860453865542e+01
2.000014231674628462e+01
2.000037217847271265e+01
2.000064378315688174e+01
2.000096358868298907e+01
2.000133902204670733e+01
2.000177859236862332e+01
2.000229200863850920e+01
2.000289030223159514e+01
2.000358595057921818e+01
2.000439300194094017e+01
2.000532719579518215e+01
2.000640607785794955e+01
2.000764910613436953e+01
2.000907774624291235e+01
2.001071554978858913e+01
2.001258821626863593e+01
2.001472363334240256e+01
2.001715189310322884e+01
2.001990528100146705e+01
2.002301823627641753e+01
2.002652728087706890e+01
2.003047091083265840e+01
2.003488945653139908e+01
2.003982490147856410e+01
2.004532066250662226e+01
2.005142132521123344e+01
2.005817233995855986e+01
2.006561965562988448e+01
2.007380930525573604e+01
2.008278690356942775e+01
2.009259703428153188e+01
2.010328247810540958e+01
2.011488316072778204e+01
2.012743468004830305e+01
2.014096607502549574e+01
2.015549636159261837e+01
2.017102889937496002e+01
2.018754220146297484e+01
2.020497434965258776e+01
2.022319737086554881e+01
2.024197247280064715e+01
2.026087809286046593e+01
2.027917904108043601e+01
2.029562846517922736e+01
2.030807607270867265e+01
2.031308448733761907e+01
