2.000066542014536708e+01
2.000079405191041459e+01
2.000082096570082157e+01
2.000082494450138526e+01
2.000079897257757366e+01
2.000074226520448306e+01
2.000065726990344217e+01
2.000055154282010861e+01
2.000043389005846706e+01
2.000031226617464952e+01
2.000019247990175586e+01
2.000007807373275526e+01
1.999997078881677837e+01
1.999987119911079247e+01
1.999977930858943864e+01
1.999969492873355037e+01
1.999961791086451157e+01
1.999954822030715462e+01
1.999948595233361459e+01
1.999943129184105572e+01
1.999938450046046867e+01
1.999934588049885775e+01
1.999931578522040709e+01
1.999929462067818164e+01
1.999928287146698835e+01
1.999928112411926406e+01
1.999929010650506100e+01
1.999931071466290078e+01
1.999934405845434782e+01
1.999939149513314618e+01
1.999945467412668165e+01
1.999953558209782045e+01
1.999963659258947146e+01
1.999976052149269989e+01
1.999991068852694553e+01
2.000009098619620929e+01
2.000030595633231911e+01
2.000056087474692035e+01
2.000086184456717575e+01
2.000121589668213673e+01
2.000163109862799971e+01
2.000211666807093636e+01
2.000268309210826345e+01
2.000334224794145044e+01
2.000410752554945404e+01
2.000499394702981348e+01
2.000601828164253249e+01
2.000719915326711273e+01
2.000855713748953590e+01
2.001011484468164525e+01
2.001189698622704327e+01
2.001393042219833518e+01
2.001624418434720099e+01
2.001886947558347529e+01
2.002183963954363222e+01
2.002519010198753691e+01
2.002895827510170434e+01
2.003318343155498837e+01
2.003790653652740161e+01
2.004317004560782678e+01
2.004901765507275968e+01
2.005549401311848356e+01
2.006264437320452743e+01
2.007051419307797957e+01
2.007914864921800913e+01
2.008859204344205907e+01
2.009888704388261615e+01
2.011007365727023100e+01
2.012218777134481229e+01
2.013525896307671559e+01
2.014930708234892975e+01
2.016433669789457994e+01
2.018032806330537099e+01
2.019722178790671308e+01
2.021489367759126665e+01
2.023311085711536350e+01
2.025146125056323143e+01
2.026922574193546822e+01
2.028518470035932353e+01
2.029723770248603287e+01
2.030203428026288748e+01
