2.000065391429016159e+01
2.000006992605955247e+01
1.999973786265852027e+01
1.999955387916466165e+01
1.999942085174481932e+01
1.999929506708106075e+01
1.999916130338423415e+01
1.999902211137574426e+01
1.999888773013727317e+01
1.999877044583028507e+01
1.999868099530239718e+01
1.999862682935317792e+01
1.999861155450292927e+01
1.999863516364748151e+01
1.999869467064570117e+01
1.999878491248577106e+01
1.999889934197512886e+01
1.999903073039378754e+01
1.999917174086344573e+01
1.999931537157610606e+01
1.999945527395200884e+01
1.999958597005054273e+01
1.999970298070798336e+01
1.999980288462337441e+01
1.999988331967758270e+01
1.999994294012523355e+01
1.999998133717054571e+01
1.999999893611024149e+01
1.999999687265772153e+01
1.999997686120343232e+01
1.999994105733781424e+01
1.999989192331232957e+01
1.999983209972121756e+01
1.999976428830799691e+01
1.999969114857066899e+01
1.999961521048804869e+01
1.999953880470846102e+01
1.999946401010337738e+01
1.999939261845404204e+01
1.999932611561361639e+01
1.999926567653399090e+01
1.999921217348802926e+01
1.999916619395383321e+01
1.999912806733761528e+01
1.999909789699000839e+01
1.999907559691085979e+01
1.999906092973194660e+01
1.999905354583511041e+01
1.999905302131307749e+01
1.999905889469794928e+01
1.999907070037162171e+01
1.999908800050181412e+01
1.999911041221764663e+01
1.999913763253789512e+01
1.999916946047408928e+01
1.999920581624349936e+01
1.999924675702037646e+01
1.999929249252035035e+01
1.999934339677792039e+01
1.999940001907546971e+01
1.999946309648035481e+01
1.999953356081332245e+01
1.999961254736258454e+01
1.999970140195051727e+01
1.999980168597567953e+01
1.999991517650957107e+01
2.000004386010552082e+01
2.000018991954629755e+01
2.000035569038125516e+01
2.000054359959358408e+01
2.000075603847115957e+01
2.000099515989720445e+01
2.000126250307794251e+01
2.000155842087620428e+01
2.000188098993318420e+01
2.000222451868244633e+01
2.000257646974764469e+01
2.000291489564796521e+01
2.000320248595827621e+01
2.000339829454834017e+01
2.000345832714810967e+01
