2.000081474471249265e+01
2.000104370135214182e+01
2.000120225566924503e+01
2.000136554526969235e+01
2.000152794473880036e+01
2.000167363135514975e+01
2.000179022514291916e+01
2.000187332394246198e+01
2.000192374433245135e+01
2.000194461171044580e+01
2.000193922547523684e+01
2.000191018874536297e+01
2.000185937451947638e+01
2.000178831777075672e+01
2.000169866294037391e+01
2.000159248674758317e+01
2.000147242287127369e+01
2.000134161495819285e+01
2.000120355383244686e+01
2.000106186130757280e+01
2.000092006840977632e+01
2.000078142510931301e+01
2.000064875326089009e+01
2.000052435353287450e+01
2.000040996039436791e+01
2.000030674114869456e+01
2.000021532786482226e+01
2.000013587701218754e+01
2.000006814280247980e+01
2.000001156082049292e+01
1.999996533117586495e+01
1.999992849843095044e+01
1.999990002230677888e+01
1.999987883772386255e+01
1.999986390257791413e+01
1.999985423302436871e+01
1.999984892767981393e+01
1.999984718135860717e+01
1.999984829071059877e+01
1.999985165355831640e+01
1.999985676326483741e+01
1.999986320040474297e+01
1.999987062245319436e+01
1.999987875314227637e+01
1.999988737160715857e+01
1.999989630269847751e+01
1.999990540792037308e+01
1.999991457751331936e+01
1.999992372398493856e+01
1.999993277632843203e+01
1.999994167574783077e+01
1.999995037169174239e+01
1.999995881899967998e+01
1.999996697546450619e+01
1.999997479941941592e+01
1.999998224878379460e+01
1.999998927891228817e+01
1.999999584173473721e+01
2.000000188490872333e+01
2.000000735019898812e+01
2.000001217293100453e+01
2.000001628122760167e+01
2.000001959471914859e+01
2.000002202514178862e+01
2.000002347550856641e+01
2.000002384107737896e+01
2.000002301144997929e+01
2.000002087511391835e+01
2.000001732733624493e+01
2.000001228717829349e+01
2.000000572057741977e+01
1.999999769029809116e+01
1.999998841662305438e+01
1.999997841155962774e+01
1.999996857650625870e+01
1.999996055662160188e+01
1.999995670566813288e+01
1.999996145613188503e+01
1.999998037130922413e+01
2.000002737468772551e+01
2.000009306403808296e+01
