1.999952164315509506e+01
1.999926332655015671e+01
1.999891241747814519e+01
1.999863786842991686e+01
1.999847398866230819e+01
1.999840997188385927e+01
1.999842378327057801e+01
1.999849434967988060e+01
1.999860409225250280e+01
1.999873874607564517e+01
1.999888684756169965e+01
1.999903946791840781e+01
1.999919007743275401e+01
1.999933436231827599e+01
1.999946989947554243e+01
1.999959572931464535e+01
1.999971187707490117e+01
1.999981891359940533e+01
1.999991759566917082e+01
2.000000861998249491e+01
2.000009247753707697e+01
2.000016940662346343e+01
2.000023940569190728e+01
2.000030229404560700e+01
2.000035778854084967e+01
2.000040558575939187e+01
2.000044543295850730e+01
2.000047718603137881e+01
2.000050084521157956e+01
2.000051657499787439e+01
2.000052470512770242e+01
2.000052571868791063e+01
2.000052022926876205e+01
2.000050895171085941e+01
2.000049266825119432e+01
2.000047219379270658e+01
2.000044834207579214e+01
2.000042189385389335e+01
2.000039356864392559e+01
2.000036400088044530e+01
2.000033372006663157e+01
2.000030313627411971e+01
2.000027252962152247e+01
2.000024204477980305e+01
2.000021168927823467e+01
2.000018133578617352e+01
2.000015072763994439e+01
2.000011948720514354e+01
2.000008712649150056e+01
2.000005305938899625e+01
2.000001661498298233e+01
1.999997705128346226e+01
1.999993356874601247e+01
1.999988532360842086e+01
1.999983143961458509e+01
1.999977101902824117e+01
1.999970315085806405e+01
1.999962691863710873e+01
1.999954140490191179e+01
1.999944569463231403e+01
1.999933887664278132e+01
1.999922004281603449e+01
1.999908828588261045e+01
1.999894269698949145e+01
1.999878236162966871e+01
1.999860635518451701e+01
1.999841373987827708e+01
1.999820356351234096e+01
1.999797486050270123e+01
1.999772666386318321e+01
1.999745802713174569e+01
1.999716808423736225e+01
1.999685614372267750e+01
1.999652193366899411e+01
1.999616590734659383e+01
1.999579016291507472e+01
1.999539921688315047e+01
1.999500367886109231e+01
1.999462249244086465e+01
1.999430592043168176e+01
1.999413597339298576e+01
