1.999950038946366604e+01
1.999952064654905115e+01
1.999969782694971698e+01
1.999996284254328671e+01
2.000023284365980558e+01
2.000046885298602106e+01
2.000065642042904202e+01
2.000079434441439830e+01
2.000088612566113255e+01
2.000093680349464265e+01
2.000095182514070657e+01
2.000093681973338988e+01
2.000089749039517173e+01
2.000083947677608620e+01
2.000076817771364901e+01
2.000068859736363081e+01
2.000060522900268722e+01
2.000052198715616925e+01
2.000044217369772426e+01
2.000036846998596474e+01
2.000030294029480515e+01
2.000024705336787534e+01
2.000020171029732552e+01
2.000016729070616961e+01
2.000014370897905280e+01
2.000013048415131323e+01
2.000012681539314841e+01
2.000013166319614299e+01
2.000014382663666268e+01
2.000016201700039531e+01
2.000018492082801203e+01
2.000021125268476396e+01
2.000023979610339708e+01
2.000026943330803419e+01
2.000029916463211777e+01
2.000032811931433585e+01
2.000035555985701663e+01
2.000038088082415300e+01
2.000040360444744891e+01
2.000042337369990619e+01
2.000043994382711432e+01
2.000045317327647609e+01
2.000046301368185553e+01
2.000046949992628953e+01
2.000047273952921856e+01
2.000047290229316133e+01
2.000047020922924546e+01
2.000046492159786737e+01
2.000045732976271751e+01
2.000044774256818059e+01
2.000043647617373566e+01
2.000042384410352270e+01
2.000041014720484966e+01
2.000039566585125073e+01
2.000038065149370325e+01
2.000036532148504520e+01
2.000034985300345625e+01
2.000033438094274985e+01
2.000031899517339795e+01
2.000030374129134714e+01
2.000028862045368072e+01
2.000027359363286195e+01
2.000025858239285625e+01
2.000024347841381456e+01
2.000022814495927292e+01
2.000021242763147811e+01
2.000019615873225476e+01
2.000017917181385840e+01
2.000016130540381454e+01
2.000014242093346795e+01
2.000012240358429239e+01
2.000010118141253557e+01
2.000007870316543546e+01
2.000005496070796696e+01
2.000002990115313395e+01
2.000000363534786274e+01
1.999997633415993192e+01
1.999995043407206552e+01
1.999993168339422667e+01
1.999994518011748212e+01
2.000002152612432837e+01
