2.000012144675706693e+01
1.999994228550873743e+01
1.999976610737060412e+01
1.999963583178912074e+01
1.999956008635120952e+01
1.999954396009464475e+01
1.999958092952369881e+01
1.999965967273157830e+01
1.999976654333342907e+01
1.999988805253378388e+01
2.000001214438680819e+01
2.000012903342954829e+01
2.000023155178363865e+01
2.000031515358375245e+01
2.000037765598324313e+01
2.000041883380498930e+01
2.000043995661912888e+01
2.000044333629705307e+01
2.000043192612580611e+01
2.000040899029223596e+01
2.000037784206051938e+01
2.000034165319358337e+01
2.000030331630445701e+01
2.000026535736306954e+01
2.000022988380660749e+01
2.000019856427673304e+01
2.000017263023579872e+01
2.000015289743081581e+01
2.000013979860797164e+01
2.000013342860099286e+01
2.000013359319986961e+01
2.000013986325395621e+01
2.000015162797214430e+01
2.000016814711827706e+01
2.000018859919327952e+01
2.000021212476768184e+01
2.000023786379859558e+01
2.000026498649143747e+01
2.000029271771586536e+01
2.000032035560427701e+01
2.000034728412692431e+01
2.000037298106868988e+01
2.000039702179730483e+01
2.000041907921314177e+01
2.000043892157373548e+01
2.000045640759647014e+01
2.000047148004103192e+01
2.000048415802270796e+01
2.000049452877101075e+01
2.000050273817682012e+01
2.000050898110380970e+01
2.000051349209603302e+01
2.000051653526133677e+01
2.000051839468098791e+01
2.000051936525903074e+01
2.000051974440308555e+01
2.000051982272337980e+01
2.000051987802850206e+01
2.000052016821654632e+01
2.000052092704216733e+01
2.000052235736045247e+01
2.000052463185348373e+01
2.000052788789299996e+01
2.000053222954121424e+01
2.000053772632828597e+01
2.000054441768114799e+01
2.000055231363147712e+01
2.000056140109978742e+01
2.000057164990367298e+01
2.000058302171536795e+01
2.000059548233990725e+01
2.000060903316333594e+01
2.000062374622132921e+01
2.000063988429425521e+01
2.000065803404669040e+01
2.000067957838144395e+01
2.000070695507708152e+01
2.000074519633632519e+01
2.000080031616034759e+01
2.000088258118712403e+01
2.000097171310335398e+01
