1.999942710277315783e+01
1.999909160113084283e+01
1.999890764535720322e+01
1.999887896031180645e+01
1.999894332585832046e+01
1.999904423468237979e+01
1.999914058300699793e+01
1.999920906383079355e+01
1.999924008612646276e+01
1.999923357728954443e+01
1.999919518729256751e+01
1.999913343891183004e+01
1.999905770877152023e+01
1.999897692578988639e+01
1.999889881275532488e+01
1.999882953556295462e+01
1.999877362154765947e+01
1.999873404706997349e+01
1.999871241335740635e+01
1.999870916204760718e+01
1.999872379172460057e+01
1.999875506808433911e+01
1.999880121087925033e+01
1.999886006453866472e+01
1.999892924722146148e+01
1.999900628178222917e+01
1.999908870702378394e+01
1.999917417344526527e+01
1.999926051684833794e+01
1.999934581680690471e+01
1.999942843524480907e+01
1.999950703851691358e+01
1.999958060381136704e+01
1.999964841160295137e+01
1.999971002621106564e+01
1.999976526735171589e+01
1.999981417488718094e+01
1.999985696906714594e+01
1.999989400888276236e+01
1.999992575066952583e+01
1.999995270811759340e+01
1.999997541599343265e+01
1.999999439760514974e+01
2.000001013769342961e+01
2.000002306050716427e+01
2.000003351323654499e+01
2.000004175478816748e+01
2.000004794915502160e+01
2.000005216359775062e+01
2.000005436976402962e+01
2.000005444848952152e+01
2.000005219627927389e+01
2.000004733341251750e+01
2.000003951358385734e+01
2.000002833279922854e+01
2.000001333932465641e+01
1.999999404128308456e+01
1.999996991570640859e+01
1.999994041415544999e+01
1.999990496941113349e+01
1.999986299745644658e+01
1.999981390252412439e+01
1.999975707613015885e+01
1.999969190068577873e+01
1.999961774553702298e+01
1.999953396909020142e+01
1.999943991659743858e+01
1.999933492256981893e+01
1.999921831420583729e+01
1.999908942005673040e+01
1.999894758601364586e+01
1.999879221058736078e+01
1.999862279092163320e+01
1.999843905873519034e+01
1.999824110279143241e+01
1.999802992144949698e+01
1.999780773302554593e+01
1.999758054126718321e+01
1.999735894177627671e+01
1.999717363070940479e+01
1.999706244282424450e+01
