2.000100970799856981e+01
2.000143761823710165e+01
2.000172309751253152e+01
2.000192955417077556e+01
2.000206314652540485e+01
2.000212599821158577e+01
2.000212052533393603e+01
2.000205433299178281e+01
2.000193849297356863e+01
2.000178576312239898e+01
2.000160873260600880e+01
2.000141862362884737e+01
2.000122460611308739e+01
2.000103356902685903e+01
2.000085019779631423e+01
2.000067725389719442e+01
2.000051595500123014e+01
2.000036638714063386e+01
2.000022789731657724e+01
2.000009943799179268e+01
1.999997983820082936e+01
1.999986800485398319e+01
1.999976304652005865e+01
1.999966433683562528e+01
1.999957152420036266e+01
1.999948450640086151e+01
1.999940338051557731e+01
1.999932838537270996e+01
1.999925984067386864e+01
1.999919809535776949e+01
1.999914348498515082e+01
1.999909630168277630e+01
1.999905677524519731e+01
1.999902506383340750e+01
1.999900125193149236e+01
1.999898535288111745e+01
1.999897731424631786e+01
1.999897702385412757e+01
1.999898431568143309e+01
1.999899897544339922e+01
1.999902074500417370e+01
1.999904932676042435e+01
1.999908438748188289e+01
1.999912556283823406e+01
1.999917246247530755e+01
1.999922467622300815e+01
1.999928178115060717e+01
1.999934334955718995e+01
1.999940895809616492e+01
1.999947819684561168e+01
1.999955067891369964e+01
1.999962604942761146e+01
1.999970399330875637e+01
1.999978424299482427e+01
1.999986658415171092e+01
1.999995085967964670e+01
2.000003697193204033e+01
2.000012488447538317e+01
2.000021462017400253e+01
2.000030626001493061e+01
2.000039993943788019e+01
2.000049584336803221e+01
2.000059420120420484e+01
2.000069528279005837e+01
2.000079939066158374e+01
2.000090685609138674e+01
2.000101803742322559e+01
2.000113331448382326e+01
2.000125309273352769e+01
2.000137781225216216e+01
2.000150795908734835e+01
2.000164410247932878e+01
2.000178692054133123e+01
2.000193726102666147e+01
2.000209606678806296e+01
2.000226430965158286e+01
2.000244199924224020e+01
2.000262762408131323e+01
2.000281376287890822e+01
2.000299064242964775e+01
2.000311970384791493e+01
