2.333392292973419302e+01
2.358351280437191733e+01
2.378143272571303868e+01
2.391920333422481448e+01
2.399082557831914286e+01
2.399436102632484946e+01
2.393208333339073235e+01
2.381004167841052777e+01
2.363709037937283242e+01
2.342372572811244069e+01
2.318096853226115783e+01
2.291946176718079187e+01
2.264884730905575339e+01
2.237741129048746558e+01
2.211194463465470506e+01
2.185775325898572063e+01
2.161875937721869434e+01
2.139765038981429868e+01
2.119604719778490320e+01
2.101467557057691238e+01
2.085353176858939506e+01
2.071203770877848171e+01
2.058918295212233218e+01
2.048365166251087643e+01
2.039393328581648390e+01
2.031841623319269985e+01
2.025546450090974204e+01
2.020347778473234612e+01
2.016093624536607365e+01
2.012643152005195901e+01
2.009868589831294727e+01
2.007656169068912533e+01
2.005906282427537946e+01
2.004533057238481675e+01
2.003463513312239286e+01
2.002636452994923033e+01
2.002001204233321374e+01
2.001516311935901626e+01
2.001148249062753592e+01
2.000870198273289446e+01
2.000660936199481554e+01
2.000503838380711485e+01
2.000386011384682661e+01
2.000297551283123454e+01
2.000230920908908416e+01
2.000180435498417708e+01
2.000141843926264684e+01
2.000111992295156327e+01
2.000088558263617600e+01
2.000069842768807149e+01
2.000054608985782778e+01
2.000041959451993279e+01
2.000031243190986885e+01
2.000021986855078637e+01
2.000013842552420584e+01
2.000006551423302525e+01
1.999999915745990009e+01
1.999993780958336131e+01
1.999988019970344411e+01
1.999982526053779708e+01
1.999977204142229681e+01
1.999971968858665861e+01
1.999966737418470686e+01
1.999961433761568586e+01
1.999955981893192458e+01
1.999950306926050914e+01
1.999944335338560109e+01
1.999937992686012578e+01
1.999931205758045749e+01
1.999923901792620384e+01
1.999916010397234345e+01
1.999907465948338015e+01
1.999898223367990724e+01
1.999888263864838933e+01
1.999877636566713690e+01
1.999866450776485038e+01
1.999854926810915146e+01
1.999843099920654055e+01
1.999830898725518225e+01
1.999816595822938936e+01
1.999802916496992111e+01
