6.144745443808150576e+00
6.037508277505951426e+00
5.930271043459002023e+00
5.823033485337421489e+00
5.715795990783629321e+00
5.608558481596962686e+00
5.501320976203897040e+00
5.394083470065901942e+00
5.286845964188152003e+00
5.179608458291269812e+00
5.072370952431537461e+00
4.965133446550867191e+00
4.857895940730275974e+00
4.750658434726845236e+00
4.643420929140130049e+00
4.536183422322682901e+00
4.428945918541113969e+00
4.321708406305449834e+00
4.214470915461155265e+00
4.107233410434015575e+00
4.000000000000000000e+00
