6.078929160214098459e+00
5.977053770835749624e+00
5.875058430520359920e+00
5.772914197385490276e+00
5.670584527539687336e+00
5.568028423549153061e+00
5.465210923192595160e+00
5.362114707439832983e+00
5.258747844672182481e+00
5.155142307783063593e+00
5.051341120121560557e+00
4.947378847427523318e+00
4.843265709632810001e+00
4.738983216451442715e+00
4.634490569566597884e+00
4.529734915704665354e+00
4.424659372714585537e+00
4.319206532593077519e+00
4.213318863919988111e+00
4.106936309951839448e+00
4.000000000000000000e+00
