6.080466245258291380e+00
5.978594664194220698e+00
5.876613923539383499e+00
5.774511265107441282e+00
5.672272047477343371e+00
5.569876335974738524e+00
5.467298300719308557e+00
5.364506723029947466e+00
5.261467175640560434e+00
5.158145740106358623e+00
5.054513657283461470e+00
4.950551858920182902e+00
4.846253915244515653e+00
4.741625741642375935e+00
4.636680932662226695e+00
4.531432193303802869e+00
4.425881448172927612e+00
4.320012232080176595e+00
4.213786688670742464e+00
4.107146430368205259e+00
4.000000000000000000e+00
