6.080879231463070411e+00
5.979008131735810139e+00
5.877028784048001775e+00
5.774930665718701839e+00
5.672703191054299765e+00
5.570333285716293048e+00
5.467804589367809776e+00
5.365096521319042466e+00
5.262183664760716972e+00
5.159035755475996687e+00
5.055618478918975534e+00
4.951895113510241586e+00
4.847828878786017093e+00
4.743385688375273190e+00
4.638536796661252737e+00
4.533260710196326926e+00
4.427543315402077795e+00
4.321375956533096030e+00
4.214749706811507401e+00
4.107648132581784850e+00
4.000000000000000000e+00
