6.076946579300778417e+00
5.975070693404975763e+00
5.873085705421168257e+00
5.770982409559270998e+00
5.668751580556921077e+00
5.566382901305139796e+00
5.463864847989640339e+00
5.361184431526499594e+00
5.258326866331263005e+00
5.155275138782807964e+00
5.052009468594884645e+00
4.948506673954063295e+00
4.844739475328407430e+00
4.740675784308915119e+00
4.636278050435205245e+00
4.531502664606631647e+00
4.426299598514312095e+00
4.320611830873800407e+00
4.214375886807999905e+00
4.107521169909889025e+00
4.000000000000000000e+00
