6.076403369280989786e+00
5.974526901689106495e+00
5.872541246507919865e+00
5.770437169362871543e+00
5.668205459520745393e+00
5.565835851628981423e+00
5.463316935313469180e+00
5.360635931462955917e+00
5.257778413777962179e+00
5.154727948117517222e+00
5.051465634936440630e+00
4.947969548012910224e+00
4.844214079486891755e+00
4.740169211310394815e+00
4.635799765959751184e+00
4.531064626219427183e+00
4.425916106592992172e+00
4.320299044270900168e+00
4.214150953051677639e+00
4.107401065319597144e+00
4.000000000000000000e+00
