6.074769681136055866e+00
5.972891669109927193e+00
5.870904486132960898e+00
5.768798617366031500e+00
5.666564789610642805e+00
5.564192696896776091e+00
5.461670983506222932e+00
5.358987101207822512e+00
5.256127154219417896e+00
5.153075716073981738e+00
5.049815613441526629e+00
4.946327668943448330e+00
4.842590393837507001e+00
4.738579616815869144e+00
4.634268039382006599e+00
4.529624681743904091e+00
4.424614247451807536e+00
4.319196226981354414e+00
4.213324158423982446e+00
4.106944136395816791e+00
4.000000000000000000e+00
