6.074749400460584425e+00
5.972871376447483449e+00
5.870884194336150053e+00
5.768778335052940243e+00
5.666544526879341959e+00
5.564172463221633613e+00
5.461650785542982334e+00
5.358966940207940510e+00
5.256107023751908969e+00
5.153055601135149821e+00
5.049795492563920796e+00
4.946307521549726083e+00
4.842570215773356779e+00
4.738559448012244602e+00
4.634248008142820119e+00
4.529605072770650054e+00
4.424595597555266657e+00
4.319179465801415319e+00
4.213310771894517082e+00
4.106936361765788135e+00
4.000000000000000000e+00
