6.074734675760431024e+00
5.972856644791245451e+00
5.870869469126136941e+00
5.768763628491178075e+00
5.666529855174858632e+00
5.564157845352137421e+00
5.461636241492835886e+00
5.358952488170399597e+00
5.256092676581301859e+00
5.153041362715926610e+00
5.049781355338677891e+00
4.946293467187337534e+00
4.842556221807331696e+00
4.738545504484408255e+00
4.634234149124294433e+00
4.529591430468452806e+00
4.424582484465653387e+00
4.319167503368094962e+00
4.213301049330341108e+00
4.106930635780193128e+00
4.000000000000000000e+00
