6.074734049113176937e+00
5.972856017895683323e+00
5.870868842708169666e+00
5.768763003364558273e+00
5.666529232503330960e+00
5.564157226642880261e+00
5.461635628550538080e+00
5.358951882974910319e+00
5.256092081082358369e+00
5.153040778556128743e+00
5.049780783546100160e+00
4.946292907922074988e+00
4.842555674299587665e+00
4.738544967377661621e+00
4.634233621500198907e+00
4.529590913996366375e+00
4.424581987047058185e+00
4.319167045317936271e+00
4.213300671514261353e+00
4.106930410390884134e+00
4.000000000000000000e+00
