6.074723614749551359e+00
5.972845575371595217e+00
5.870858397483726066e+00
5.768752563675853651e+00
5.666518811981908321e+00
5.564146845817021791e+00
5.461625316321405244e+00
5.358941677706413387e+00
5.256082031020921086e+00
5.153030941326854908e+00
5.049771224608473830e+00
4.946283698142257990e+00
4.842546887219900675e+00
4.738536677454588286e+00
4.634225905313257066e+00
4.529583858060957979e+00
4.424575705987269458e+00
4.319161719738848326e+00
4.213296604564982673e+00
4.106928111276643811e+00
4.000000000000000000e+00
