2.090277777559024486e+01
2.242631677740516594e+01
2.298700235449922857e+01
2.265881800510232580e+01
2.183615321061814285e+01
2.102274033835336908e+01
2.047569713978881722e+01
2.018904514623983104e+01
2.006396021416832198e+01
2.001728412044061045e+01
2.000251708283553143e+01
1.999887215765764736e+01
1.999851920845810582e+01
1.999890589287399223e+01
1.999933731476831156e+01
1.999961181348213657e+01
1.999987385038752308e+01
1.999976964044913785e+01
2.000038516860693960e+01
1.999993162013236869e+01
2.001233330466584448e+01
