2.000000000020758861e+01
2.001003010862998011e+01
2.011234598889348746e+01
2.031660047336258401e+01
2.063275892465057737e+01
2.102271105720243582e+01
2.140737965123993192e+01
2.169139354688300259e+01
2.179783788127886623e+01
2.170025755550981117e+01
2.143594775638025851e+01
2.108808718024987172e+01
2.074506113584958911e+01
2.046521869832979235e+01
2.026731711000142511e+01
2.014245674025680444e+01
2.007058860485076934e+01
2.003279464996630566e+01
2.001335321681733959e+01
2.000531448322233530e+01
1.998422830279287155e+01
