1.999999999596685640e+01
1.998336595635178270e+01
1.999340812167312009e+01
2.001635864977407664e+01
2.006594128322254278e+01
2.015538351385297844e+01
2.029477324681790051e+01
2.048560238455495863e+01
2.071723782412403025e+01
2.096666485502200672e+01
2.120167355562242761e+01
2.138673046716467141e+01
2.149056156142799523e+01
2.149418007355995641e+01
2.139714617781028494e+01
2.121895558810740212e+01
2.099361384248868490e+01
2.075876627628228732e+01
2.054541564472907922e+01
2.037285308919866011e+01
2.029572127502115109e+01
