2.000000000023064928e+01
1.998300970383814246e+01
1.999108291668336435e+01
2.000913931481874286e+01
2.004903084662782931e+01
2.012278549555866292e+01
2.024099003233582650e+01
2.040797074042022885e+01
2.061803619391127995e+01
2.085417910954698684e+01
2.108977373150570145e+01
2.129283357784772335e+01
2.143207504276157138e+01
2.148391136796179879e+01
2.143901502730258102e+01
2.130597791316077405e+01
2.110994667274756509e+01
2.088477051168883136e+01
2.066437096747415580e+01
2.047390846142798537e+01
2.039015846710390178e+01
