1.999999999653022087e+01
1.998558215623351586e+01
1.998605015826186815e+01
1.998753531268185668e+01
1.999311531218161875e+01
2.000590185067685667e+01
2.003057624915826196e+01
2.007292215183987238e+01
2.013883930996791349e+01
2.023284176765052322e+01
2.035645151336754921e+01
2.050697064259345836e+01
2.067701199603449069e+01
2.085484890691940763e+01
2.102565130519074543e+01
2.117295688388877650e+01
2.128150285450625034e+01
2.133789560403288377e+01
2.133750497901458232e+01
2.128032484138595137e+01
2.124499804655761181e+01
