1.999999999689600827e+01
1.999025137589671175e+01
1.999137200806953985e+01
1.999151885541821017e+01
1.999160028157145064e+01
1.999151982977921804e+01
1.999131093232543321e+01
1.999106331782033763e+01
1.999095760391734089e+01
1.999128999701110132e+01
1.999249794024813198e+01
1.999518619129264962e+01
2.000013853791667628e+01
2.000833799238514388e+01
2.002088720536134403e+01
2.003911425515790157e+01
2.006401700108472141e+01
2.009738712938175453e+01
2.013812280464002313e+01
2.018794414978458107e+01
2.019598458393920737e+01
