1.999999999931097960e+01
1.998923623560781238e+01
1.999029912798978970e+01
1.999043421663539277e+01
1.999065844432928785e+01
1.999087519617897613e+01
1.999107519162043189e+01
1.999123687695086460e+01
1.999134373300064738e+01
1.999139172656552432e+01
1.999139890213185922e+01
1.999141711009617239e+01
1.999154018506025920e+01
1.999192515361284705e+01
1.999277164800631468e+01
1.999441930369817655e+01
1.999709831693021300e+01
2.000161455756901674e+01
2.000741801189726843e+01
2.001628097381878746e+01
2.000816434869329896e+01
