1.999999999605611123e+01
1.998896729839344388e+01
1.998990223155291091e+01
1.998987008541527288e+01
1.998991400945669383e+01
1.998995544685237391e+01
1.999000892905799986e+01
1.999007708940171568e+01
1.999016179728703335e+01
1.999026327864616093e+01
1.999037989032885321e+01
1.999050881895337284e+01
1.999064390011909609e+01
1.999078408581598865e+01
1.999091054741293405e+01
1.999105836200205388e+01
1.999111935864369727e+01
1.999138885366267715e+01
1.999107177962314452e+01
1.999152426414318739e+01
1.998003793087082158e+01
