1.999999999780282423e+01
1.998896571964210622e+01
1.998989772459454173e+01
1.998986071608961979e+01
1.998989734709753918e+01
1.998992867931759321e+01
1.998996908402449790e+01
1.999002136458310730e+01
1.999008797861623421e+01
1.999017019946435880e+01
1.999026785690345775e+01
1.999037990098940298e+01
1.999050197819272157e+01
1.999063451579279516e+01
1.999075940019822184e+01
1.999091097332600597e+01
1.999097865958996678e+01
1.999125219146316113e+01
1.999093010664012482e+01
1.999135879861493237e+01
1.997986210115823269e+01
