2.000000000251281307e+01
1.998896490634504275e+01
1.998989305871371158e+01
1.998984810911553822e+01
1.998987084987117768e+01
1.998988037863584211e+01
1.998988917443285729e+01
1.998989851011130625e+01
1.998991000413381158e+01
1.998992511033777575e+01
1.998994512608760132e+01
1.998997188992099083e+01
1.999000529271646442e+01
1.999005101191415079e+01
1.999009658138191980e+01
1.999018131239079565e+01
1.999019793922054333e+01
1.999043568017529537e+01
1.999008921930345295e+01
1.999049499452749856e+01
1.997898875358760051e+01
