1.999999999851055321e+01
1.998896486054584187e+01
1.998989302570169002e+01
1.998984804954249483e+01
1.998987069378754100e+01
1.998988000534244591e+01
1.998988840087546492e+01
1.998989708022721601e+01
1.998990758275900959e+01
1.998992128409201285e+01
1.998993941331424296e+01
1.998996376106128992e+01
1.998999420166220631e+01
1.999003643678814157e+01
1.999007807340301923e+01
1.999015854364552425e+01
1.999017075588844961e+01
1.999040411773362180e+01
1.999005357167613894e+01
1.999045574459480790e+01
1.997894811910873614e+01
