4.057620066465738695e+00
4.057024613608928298e+00
4.056396461573394951e+00
4.055742095345499898e+00
4.055066731703976579e+00
4.054374566402392688e+00
4.053668982702202328e+00
4.052952713096978243e+00
4.052227967875207781e+00
4.051496537034651624e+00
4.050759871658370592e+00
4.050019149036281796e+00
4.049275324959736189e+00
4.048529175810703151e+00
4.047781332509895691e+00
4.047032307944528284e+00
4.046282519159843716e+00
4.045532305335066248e+00
4.044781942358741667e+00
4.044031654656226493e+00
4.043281624793710449e+00
4.042532001281025522e+00
4.041782904913896246e+00
4.041034433930947856e+00
4.040286668208257659e+00
4.039539672671954129e+00
4.038793500075224863e+00
4.038048193258507723e+00
4.037303786989329346e+00
4.036560309460153206e+00
4.035817783507941847e+00
4.035076227607212296e+00
4.034335656678722515e+00
4.033596082748067246e+00
4.032857515482054289e+00
4.032119962625570153e+00
4.031383430357416309e+00
4.030647923580131575e+00
4.029913446156082379e+00
4.029180001099764930e+00
4.028447590734431039e+00
4.027716216819674955e+00
4.026985880655381322e+00
4.026256583166393455e+00
4.025528324971419103e+00
4.024801106439197973e+00
4.024074927734245577e+00
4.023349788854067910e+00
4.022625689659491854e+00
4.021902629899344106e+00
4.021180609230603942e+00
4.020459627234623134e+00
4.019739683430451294e+00
4.019020777285729373e+00
4.018302908225400927e+00
4.017586075638954313e+00
4.016870278885962264e+00
4.016155517301044142e+00
4.015441790197654903e+00
4.014729096870872205e+00
4.014017436600140876e+00
4.013306808651402768e+00
4.012597212278250502e+00
4.011888646723535956e+00
4.011181111220746942e+00
4.010474604994428205e+00
4.009769127261133548e+00
4.009064677231068075e+00
4.008361254108383065e+00
4.007658857092870619e+00
4.006957485382439899e+00
4.006257138177607757e+00
4.005557814687138674e+00
4.004859514137010024e+00
4.004162235786488999e+00
4.003465978949363624e+00
4.002770743022680655e+00
4.002076527516856608e+00
4.001383332071186238e+00
4.000691156383431313e+00
4.000000000000000000e+00
