1.999994308481818805e+01
1.999997112180465919e+01
1.999996903756582967e+01
1.999997028788379438e+01
1.999997066562080050e+01
1.999997161429940107e+01
1.999997271310877167e+01
1.999997407369711055e+01
1.999997558958866506e+01
1.999997720333946916e+01
1.999997883485436034e+01
1.999998041668699855e+01
1.999998188891170869e+01
1.999998320632661475e+01
1.999998433616904592e+01
1.999998526074865168e+01
1.999998597455572025e+01
1.999998648322869599e+01
1.999998680131635354e+01
1.999998695149477257e+01
1.999998696014057842e+01
1.999998685869437054e+01
1.999998667890376680e+01
1.999998645371780270e+01
1.999998621463950244e+01
1.999998599201448002e+01
1.999998581316257429e+01
1.999998570324093095e+01
1.999998568380005892e+01
1.999998577382661580e+01
1.999998598905778024e+01
1.999998634279053533e+01
1.999998684587242792e+01
1.999998750741870168e+01
1.999998833520141162e+01
1.999998933613101215e+01
1.999999051705540154e+01
1.999999188524435922e+01
1.999999344903798715e+01
1.999999521860054941e+01
1.999999720644176904e+01
1.999999942836602429e+01
2.000000190388782784e+01
2.000000465725328525e+01
2.000000771799749089e+01
2.000001112199170095e+01
2.000001491214141325e+01
2.000001913939150455e+01
2.000002386384655750e+01
2.000002915589188390e+01
2.000003509712004757e+01
2.000004178205400862e+01
2.000004931966117994e+01
2.000005783467337750e+01
2.000006746923127210e+01
2.000007838581413466e+01
2.000009076814454900e+01
2.000010482434237247e+01
2.000012078908977387e+01
2.000013892648274805e+01
2.000015953277390324e+01
2.000018293940313896e+01
2.000020951550717641e+01
2.000023967173183337e+01
2.000027386112268957e+01
2.000031258235921428e+01
2.000035637919609144e+01
2.000040583993595789e+01
2.000046159041451332e+01
2.000052428571531848e+01
2.000059458983047733e+01
2.000067314627627013e+01
2.000076051960679990e+01
2.000085713848487856e+01
2.000096311993930343e+01
2.000107822588447704e+01
2.000120125669203475e+01
2.000133051180008437e+01
2.000146120522075321e+01
2.000159008706419783e+01
2.000168556300923228e+01
