6.078237801565667731e+00
6.027314338795582316e+00
5.976365077975783535e+00
5.925388533043073558e+00
5.874384167432163295e+00
5.823347635737219363e+00
5.772264547934105039e+00
5.721110557293328291e+00
5.669859784525542956e+00
5.618492015679330542e+00
5.566994904489052765e+00
5.515364463623609659e+00
5.463609176421671876e+00
5.411756639430326921e+00
5.359869178033457970e+00
5.308037245664127823e+00
5.256316275992733544e+00
5.204684402538263477e+00
5.153081930117838994e+00
5.101461522129549842e+00
5.049798743408184798e+00
4.998082750609866842e+00
4.946308214506413670e+00
4.894471631527186339e+00
4.842569846411524104e+00
4.790599729749371427e+00
4.738557939727657597e+00
4.686440986452829804e+00
4.634245152780924748e+00
4.581966489064313919e+00
4.529600813614989008e+00
4.477143635636636532e+00
4.424590193058041798e+00
4.371935361792418817e+00
4.319173688260061539e+00
4.266299300996853283e+00
4.213305937695176695e+00
4.160186839244178536e+00
4.106934781914196364e+00
4.053541950605064059e+00
4.000000000000000000e+00
