6.078717510282969805e+00
6.027793567685584719e+00
5.976843644962805513e+00
5.925866766020557286e+00
5.874861797155039866e+00
5.823827433409315191e+00
5.772762669070317543e+00
5.721665917910887522e+00
5.670530912106721111e+00
5.619342929676738763e+00
5.568080639481237881e+00
5.516721850003619920e+00
5.465248075402658223e+00
5.413646140210365942e+00
5.361908441262547953e+00
5.310035570206620648e+00
5.258041141906140581e+00
5.205962283178336314e+00
5.153875028036410733e+00
5.101867893592953784e+00
5.049972035089330014e+00
4.998145898990047797e+00
4.946328088535430823e+00
4.894476495203271327e+00
4.842570009875997172e+00
4.790598592176645631e+00
4.738556584105329428e+00
4.686439738287807799e+00
4.634244123804990956e+00
4.581965706550922945e+00
4.529600258425324100e+00
4.477143272674450891e+00
4.424589971232605556e+00
4.371935237887516479e+00
4.319173624145107304e+00
4.266299272548895516e+00
4.213305926253447353e+00
4.160186838249258834e+00
4.106934783999092176e+00
4.053541954890268251e+00
4.000000000000000000e+00
