6.079078077621010046e+00
6.028153971056531724e+00
5.977203443923958304e+00
5.926225891728313044e+00
5.875220367403688471e+00
5.824185785890097833e+00
5.773120865055356710e+00
5.722024270882056562e+00
5.670894801763274096e+00
5.619729911986646620e+00
5.568521874339237954e+00
5.517255591032998119e+00
5.465910997819404038e+00
5.414467667901166514e+00
5.362908199362805384e+00
5.311219405882266820e+00
5.259392633786352356e+00
5.207425488493079513e+00
5.155326274264966813e+00
5.103121722536268834e+00
5.050873594071322081e+00
4.998673540776090718e+00
4.946581472402455937e+00
4.894579736718163154e+00
4.842607025323756531e+00
4.790610252070920616e+00
4.738559386681477470e+00
4.686439689394465091e+00
4.634243264891207303e+00
4.581964704146753498e+00
4.529599333382305915e+00
4.477142501189748103e+00
4.424589375468475083e+00
4.371934808123181249e+00
4.319173335672831904e+00
4.266299091667148602e+00
4.213305821623083425e+00
4.160186781620903496e+00
4.106934757542479275e+00
4.053541943379642909e+00
4.000000000000000000e+00
