6.080101987531353558e+00
6.029178552531692326e+00
5.978228615345208219e+00
5.927251159954995074e+00
5.876245150083896363e+00
5.825209593455423551e+00
5.774143549890411897e+00
5.723046028225099668e+00
5.671915897674454143e+00
5.620751868553142572e+00
5.569552470573912117e+00
5.518316114387782356e+00
5.467041101103820466e+00
5.415724429391186590e+00
5.364359336593451211e+00
5.312933637865705272e+00
5.261430764400095939e+00
5.209832528284984221e+00
5.158121691814096188e+00
5.106283226901082273e+00
5.054304847119055921e+00
5.002177297071543016e+00
4.949895589397307560e+00
4.897462500917615813e+00
4.844894956638420069e+00
4.792236820702300726e+00
4.739569652658185639e+00
4.686979672848850420e+00
4.634493517663097251e+00
4.582067758093065990e+00
4.529637643126046775e+00
4.477154885093982628e+00
4.424592073534300951e+00
4.371934195082540775e+00
4.319171823220147921e+00
4.266297552743805177e+00
4.213304560329043547e+00
4.160185873462515893e+00
4.106934197782997842e+00
4.053541680706537420e+00
4.000000000000000000e+00
