6.083159338775951497e+00
6.032237703310339150e+00
5.981289825747969857e+00
5.930314467507896481e+00
5.879310643145446491e+00
5.828277297409296231e+00
5.777213323199540618e+00
5.726117528065376661e+00
5.674988681055607387e+00
5.623825455672533558e+00
5.572626469925184622e+00
5.521390240963631513e+00
5.470115264186260262e+00
5.418799992577297608e+00
5.367442895829613647e+00
5.316042372586467835e+00
5.264596729740291359e+00
5.213104107735173187e+00
5.161562440855880673e+00
5.109969474541951939e+00
5.058322603552176666e+00
5.006618614968558312e+00
4.954852446557600487e+00
4.903016411492125748e+00
4.851099026333599795e+00
4.799086337983936801e+00
4.746961922269236744e+00
4.694709781624200495e+00
4.642312949933757871e+00
4.589756912306033776e+00
4.537025813388124718e+00
4.484107712570600590e+00
4.430988445192465264e+00
4.377660746380106715e+00
4.324116351331078967e+00
4.270362769145235049e+00
4.216417039043067305e+00
4.162333844748467016e+00
4.108191383312898459e+00
4.054083096833634769e+00
4.000000000000000000e+00
