6.074738208678107654e+00
6.023808184255973863e+00
5.972847814571832892e+00
5.921858671492848281e+00
5.870839867937196033e+00
5.819790737514273005e+00
5.768710788174689519e+00
5.717600986392605833e+00
5.666463135841882881e+00
5.615298710876153621e+00
5.564106383594405791e+00
5.512882093629307256e+00
5.461620097408806274e+00
5.410315320585068477e+00
5.358964073842379605e+00
5.307564404515041190e+00
5.256115177398634764e+00
5.204615666480627567e+00
5.153064828763037397e+00
5.101461302851198809e+00
5.049803180679246495e+00
4.998088232624814609e+00
4.946313845197598980e+00
4.894477229160045795e+00
4.842575366636397760e+00
4.790605124803987813e+00
4.738563175062397548e+00
4.686446033630764951e+00
4.634249983277601181e+00
4.581971086118509895e+00
4.529605130552937453e+00
4.477147625817260668e+00
4.424593772195585473e+00
4.371938439345795402e+00
4.319176157320480769e+00
4.266301079147357456e+00
4.213306985189385401e+00
4.160187215989001430e+00
4.106934671994306285e+00
4.053541705931981376e+00
4.000000000000000000e+00
