6.074778594780904761e+00
6.023853027462672038e+00
5.972901451094039693e+00
5.921922428230424806e+00
5.870914728398995308e+00
5.819877035889239991e+00
5.768808143262524446e+00
5.717706844094872842e+00
5.666572022171132872e+00
5.615402482125301020e+00
5.564197007676452422e+00
5.512954218297682729e+00
5.461672658236203404e+00
5.410350698623379806e+00
5.358986645954822770e+00
5.307578658744176003e+00
5.256124847541623346e+00
5.204623184335288144e+00
5.153071586953398509e+00
5.101467821661690216e+00
5.049809579000451798e+00
4.998094376768908553e+00
4.946319633121895265e+00
4.894482573252770585e+00
4.842580299996027904e+00
4.790609703371564443e+00
4.738567525690735138e+00
4.686450271679236224e+00
4.634254264804252621e+00
4.581975556300171171e+00
4.529609970616886194e+00
4.477153012146866118e+00
4.424599897917908642e+00
4.371945459856316774e+00
4.319184163000985954e+00
4.266310002289569248e+00
4.213316509251969322e+00
4.160196648387327834e+00
4.106942822837476470e+00
4.053546765395738660e+00
4.000000000000000000e+00
