6.074773965102835405e+00
6.023847816510877529e+00
5.972895030864395771e+00
5.921914644695479346e+00
5.870905621347919379e+00
5.819866890525984715e+00
5.768797342362731229e+00
5.717695823778831787e+00
5.666561137763562073e+00
5.615392039197136143e+00
5.564187231514128307e+00
5.512945340457635623e+00
5.461664886992923407e+00
5.410344242795233960e+00
5.358981619439472155e+00
5.307575064216401017e+00
5.256122505826847480e+00
5.204621784148209862e+00
5.153070701491971661e+00
5.101467018923577790e+00
5.049808462510100071e+00
4.998092671020068600e+00
4.946317175722778181e+00
4.894479336813572168e+00
4.842576335327691162e+00
4.790605125215668281e+00
4.738562448249278525e+00
4.686444797877894253e+00
4.634248444771272624e+00
4.581969396980333897e+00
4.529603423142490648e+00
4.477145999879846627e+00
4.424592328905762706e+00
4.371937270946538945e+00
4.319175358819737909e+00
4.266300719750427461e+00
4.213307086665195378e+00
4.160187709055839456e+00
4.106935362483411289e+00
4.053542244959220220e+00
4.000000000000000000e+00
