2.000000003288683814e+01
1.999742556392944692e+01
1.998950432620748430e+01
1.998803881187270548e+01
1.998312863818488694e+01
1.998592469817091200e+01
1.997780235755834255e+01
1.999372735593584238e+01
2.009242377484719100e+01
2.035069405529969089e+01
2.075955066553859041e+01
2.128323496519881886e+01
2.185180013622824902e+01
2.242750536051099530e+01
2.295600407959987876e+01
2.337857500632523866e+01
2.360252709922891512e+01
2.345201535760631018e+01
2.272227648112009746e+01
2.165752332579047490e+01
2.077619521911879730e+01
2.029763049722772905e+01
2.009730804804825155e+01
2.002937466988560899e+01
2.000555609550105629e+01
2.000096450323335162e+01
1.999768294060962504e+01
1.999910227900740622e+01
1.999759998679398976e+01
1.999950848160800376e+01
1.999821505913191899e+01
2.000010293815246953e+01
1.999878176237188754e+01
2.000050449636385963e+01
1.999910138044191044e+01
2.000067608244021145e+01
1.999922558868852818e+01
2.000071938718463471e+01
1.999926661026848151e+01
2.000071995289415128e+01
1.999911112690460868e+01
