2.000000004913576745e+01
1.992421039751965850e+01
2.001068391326832341e+01
1.996956050438666708e+01
2.003691289098123107e+01
1.996612316342548255e+01
2.003906210948164812e+01
1.995714169723878229e+01
2.003942174010127530e+01
1.995656998074748856e+01
2.003923644172588681e+01
1.996233991679821784e+01
2.003381009661312007e+01
1.997212066427060861e+01
2.002363551791064467e+01
1.998474921185081499e+01
2.001153478704839017e+01
1.999799835269061532e+01
2.000088632751805306e+01
2.000913793168015076e+01
1.999323491676697628e+01
2.001500972854112348e+01
1.998693174440975895e+01
2.001428343195015813e+01
1.998018150412139349e+01
2.000969141649034810e+01
1.997367459303117698e+01
2.000646501765581320e+01
1.997236638921915031e+01
2.001612713443279645e+01
1.999871362534226904e+01
2.007608070472857875e+01
2.010449583624046710e+01
2.024081159296040155e+01
2.033228736956685978e+01
2.053057284436400209e+01
2.067618974498802942e+01
2.091932585642990361e+01
2.109822477628443593e+01
2.136717007660712753e+01
2.147381266113370657e+01
