1.999999994421585470e+01
2.011831793942793212e+01
2.002484872576163610e+01
1.997384234383600088e+01
1.985129444498414486e+01
1.984560443853489531e+01
1.981664602266914699e+01
1.989469712541375657e+01
1.990478217836480823e+01
1.997990744209690916e+01
1.996722369486105464e+01
2.001480087277785103e+01
1.998380706389934858e+01
2.001792146596252309e+01
1.998333067690046505e+01
2.001453732863923918e+01
1.998270076972574216e+01
2.001332790074464185e+01
1.998464151407549849e+01
2.001324482733117094e+01
1.998707852412766073e+01
2.001276405658380497e+01
1.998919261417031734e+01
2.001193962109424618e+01
1.999120720843466970e+01
2.001114715988174808e+01
1.999340287089554735e+01
2.001048461238191223e+01
1.999540611008000468e+01
2.000922963674204880e+01
1.999598238449232213e+01
2.000619036791552574e+01
1.999421679907444016e+01
2.000117683878670860e+01
1.999077923015033065e+01
1.999586213117421352e+01
1.998846549613168477e+01
1.999489492524992329e+01
1.999513635849722348e+01
2.001151578460547498e+01
2.002047888282686472e+01
