2.000000010017966190e+01
1.999789300412936299e+01
1.999771369617905847e+01
1.999787873705241736e+01
1.999761177577599724e+01
1.999803914722853904e+01
1.999810866741754012e+01
1.999924254680698965e+01
1.999928809588340073e+01
2.000022631692426600e+01
1.999960042786781500e+01
2.000042844346965154e+01
1.999953010584092183e+01
2.000050489487882643e+01
1.999946756382971813e+01
2.000055146969699038e+01
1.999943866148689864e+01
2.000056294905415299e+01
1.999944225618196825e+01
2.000054815891278892e+01
1.999946302636815076e+01
2.000052679293822422e+01
1.999948014701794108e+01
2.000051694026219451e+01
1.999948175989208821e+01
2.000052200401085756e+01
1.999947302045008257e+01
2.000053047928094685e+01
1.999946768081294479e+01
2.000053106382737766e+01
1.999947086775560834e+01
2.000052601368199134e+01
1.999947474716230289e+01
2.000052452530213998e+01
1.999947330199281836e+01
2.000052666308397775e+01
1.999947152724459798e+01
2.000052578749721732e+01
1.999947214033051068e+01
2.000052606377215980e+01
1.999933811994560529e+01
