1.999999990116142712e+01
2.000150664476297990e+01
2.000043916209270023e+01
2.000150509228337370e+01
2.000042429991349380e+01
2.000137902905369458e+01
2.000011523223924925e+01
2.000076544770686837e+01
1.999918834621790253e+01
1.999954370144171634e+01
1.999785084196545171e+01
1.999832280416430308e+01
1.999718553875699456e+01
1.999882617213785352e+01
1.999976148680767807e+01
2.000454537684159462e+01
2.000962265669907936e+01
2.001914729562609097e+01
2.002876204688580586e+01
2.004191327067339756e+01
2.005345891193374896e+01
2.006674543917609910e+01
2.007643235699453399e+01
2.008641900880669340e+01
2.009101790675687482e+01
2.009400533943614775e+01
2.008799907027312770e+01
2.007636339095779832e+01
2.005155418911360243e+01
2.002074916574393271e+01
1.998082480861732790e+01
1.994509204153369453e+01
1.991198165810824605e+01
1.989421497728502786e+01
1.988433568966707554e+01
1.989050180134172052e+01
1.989965340339019306e+01
1.991889875604148230e+01
1.993376663428122697e+01
1.995386743783982908e+01
1.995996721717528999e+01
