1.999999992931616433e+01
2.000142599067067906e+01
2.000043530340887443e+01
2.000148029924273985e+01
2.000046609866592817e+01
2.000146677117828276e+01
2.000039090649871909e+01
2.000123066231582314e+01
1.999990946000059466e+01
2.000044700832818734e+01
1.999882011214124233e+01
1.999918655061474837e+01
1.999753957117511405e+01
1.999829061546839881e+01
1.999743470401820034e+01
1.999984361312260361e+01
2.000142506198937298e+01
2.000746956239666829e+01
2.001321141740971399e+01
2.002390935950905160e+01
2.003347428919992623e+01
2.004716149545790671e+01
2.005766378944172956e+01
2.007094657906169743e+01
2.007890155056519532e+01
2.008864393412211058e+01
2.009081618603027053e+01
2.009292748814223728e+01
2.008340656080628150e+01
2.007051051934630337e+01
2.004263395746663790e+01
2.001270659602228719e+01
1.997268258742914071e+01
1.994085463771309819e+01
1.990933568756231153e+01
1.989543958089791076e+01
1.988571437157897392e+01
1.989358369100737534e+01
1.990105954521980536e+01
1.992075324595279540e+01
1.992723703163210303e+01
