2.000000000594157967e+01
2.000874176875004906e+01
2.000491273929823421e+01
2.000600012152605700e+01
2.000207119794203336e+01
2.000280173913756698e+01
2.000044114491931069e+01
2.000125135238499396e+01
2.000045494190236184e+01
2.000074254279077479e+01
2.000106961379018955e+01
2.000040673054463625e+01
2.000166207489073500e+01
2.000000684173304322e+01
2.000211791704132835e+01
1.999956982259286065e+01
2.000236041816226873e+01
1.999901043122318711e+01
2.000218768851325635e+01
1.999817291741329939e+01
2.000148348736196979e+01
1.999711409082848590e+01
2.000050573474881332e+01
1.999635420360817051e+01
2.000011593416249056e+01
1.999711722123533519e+01
2.000200244211371015e+01
2.000142478361831522e+01
2.000842042944435661e+01
2.001130765740699147e+01
2.002083495455769580e+01
2.002714205334714848e+01
2.003838850566308949e+01
2.004674284892664815e+01
2.005789078067469333e+01
2.006621714219349073e+01
2.007516338951764467e+01
2.008122648642316932e+01
2.008564464277819539e+01
2.008656064390639884e+01
2.008491822340874933e+01
