2.284722212037594247e+01
2.168352035949553880e+01
2.070071891686795240e+01
2.015935412842029351e+01
2.000826772974989964e+01
1.999771958262693516e+01
1.999778650547644432e+01
1.999833690162443744e+01
1.999724263025700921e+01
1.999837191228589361e+01
1.999759373154971343e+01
1.999912901954457922e+01
1.999862843676030622e+01
2.000013456558095015e+01
1.999931891697001163e+01
2.000050020761582914e+01
1.999945022489084323e+01
2.000054771446367496e+01
1.999944081153605424e+01
2.000057590435113752e+01
1.999939949133783657e+01
2.000063572566366688e+01
1.999931665522737845e+01
2.000074725690276267e+01
1.999916967983635274e+01
2.000093697270595428e+01
1.999893068754787251e+01
2.000122929501570823e+01
1.999858616753909502e+01
2.000161757944569629e+01
1.999817250683208414e+01
2.000202759488339410e+01
1.999780583561218350e+01
2.000230417032869212e+01
1.999766662792807281e+01
2.000226830886934337e+01
1.999789115440324139e+01
2.000187356492471480e+01
1.999839139312649294e+01
2.000134638349607386e+01
1.999880785355344415e+01
