6.074907090696439305e+00
6.023981217702115032e+00
5.973028884008215300e+00
5.922049029740915849e+00
5.871040623376228673e+00
5.820002576314506904e+00
5.768933748360508318e+00
5.717832943777604982e+00
5.666698908095038512e+00
5.615530324530618067e+00
5.564325810147310314e+00
5.513083911702880258e+00
5.461803101163233976e+00
5.410481770843166949e+00
5.359118228133294970e+00
5.307710689766342860e+00
5.256257275569813814e+00
5.204756001645365338e+00
5.153204772907940878e+00
5.101601374909936482e+00
5.049943464867421739e+00
4.998228561796835834e+00
4.946454035661607129e+00
4.894617095418931640e+00
4.842714775847476005e+00
4.790743923026973938e+00
4.738701178330488872e+00
4.686582960779258400e+00
4.634385447598177166e+00
4.582104552796876895e+00
4.529735903585759615e+00
4.477274814422309568e+00
4.424716258458121665e+00
4.372054836198940642e+00
4.319284741109664871e+00
4.266399722938106542e+00
4.213393048830908150e+00
4.160257479437722061e+00
4.106985272236342688e+00
4.053568506140656780e+00
4.000000000000000000e+00
