6.074757254436954135e+00
6.023831298581137084e+00
5.972878883022532115e+00
5.921898944851652580e+00
5.870890452874204080e+00
5.819852318466670837e+00
5.768783401425670476e+00
5.717682505991701802e+00
5.666548377676940085e+00
5.615379699715013828e+00
5.564175089262222151e+00
5.512933093315066202e+00
5.461652184322681514e+00
5.410330755467554376e+00
5.358967115585135943e+00
5.307559483689706425e+00
5.256105983070359144e+00
5.204604634917028960e+00
5.153053351432112628e+00
5.101449928378285037e+00
5.049792037007556189e+00
4.998077215310323673e+00
4.946302858516053114e+00
4.894466208769143734e+00
4.842564343894364853e+00
4.790594165155766859e+00
4.738552383901050824e+00
4.686435506969696796e+00
4.634239820727464654e+00
4.581961373571936669e+00
4.529595956732699769e+00
4.477139083167310574e+00
4.424585964321822829e+00
4.371931484518332134e+00
4.319170172625291571e+00
4.266296171042668561e+00
4.213303200991204811e+00
4.160184529780940998e+00
4.106932932991540497e+00
4.053540755070136115e+00
4.000000000000000000e+00
