6.076767213711954163e+00
6.025842354272299417e+00
5.974891062963428645e+00
5.923912294480451202e+00
5.872905017383224902e+00
5.821868143379679061e+00
5.770800530515932891e+00
5.719700978353170484e+00
5.668568223342091983e+00
5.617400933368783988e+00
5.566197701462177072e+00
5.514957038523047750e+00
5.463677364952527427e+00
5.412357001072232165e+00
5.360994156256393417e+00
5.309586916736605211e+00
5.258133232090888676e+00
5.206630900487847491e+00
5.155077552819359532e+00
5.103470635916246501e+00
5.051807395094542130e+00
5.000084856319704230e+00
4.948299808297324631e+00
4.896448784798395515e+00
4.844528047503578350e+00
4.792533569605153865e+00
4.740461020340063669e+00
4.688305750547103301e+00
4.636062779250574195e+00
4.583726781177295706e+00
4.531292075015334930e+00
4.478752612136188027e+00
4.426101965386997961e+00
4.373333317611793447e+00
4.320439449164313217e+00
4.267412725962862474e+00
4.214245086356871006e+00
4.160928066558160943e+00
4.107452898676026365e+00
4.053811507579543338e+00
4.000000000000000000e+00
