1.999999998394552492e+01
1.999845697861547222e+01
1.999866067721074714e+01
1.999871543361128090e+01
1.999881075882004922e+01
1.999892583062458229e+01
1.999905719792927883e+01
1.999919632106434619e+01
1.999933448577055728e+01
1.999946414724984933e+01
1.999957993373723397e+01
1.999967890850745889e+01
1.999976030972570129e+01
1.999982500645150196e+01
1.999987488540511293e+01
1.999991230932891995e+01
1.999993971251693381e+01
1.999995934318236124e+01
1.999997313051204273e+01
1.999998264225175504e+01
1.999998909919098722e+01
1.999999341949109422e+01
1.999999627399682112e+01
1.999999814099927420e+01
1.999999935451140942e+01
2.000000014381979341e+01
2.000000066428660617e+01
2.000000102041551386e+01
2.000000128290061241e+01
2.000000150016727574e+01
2.000000170945081024e+01
2.000000193238993162e+01
2.000000221066549244e+01
2.000000243390132937e+01
2.000000274294893643e+01
2.000000080895808452e+01
1.999999676422464034e+01
1.999995186844198969e+01
1.999984003286355261e+01
1.999900809130538804e+01
1.999672467531945586e+01
