1.999999998112102517e+01
1.999843743099595272e+01
1.999860045467314507e+01
1.999859042869115910e+01
1.999859524625819063e+01
1.999859681533921574e+01
1.999859806809025642e+01
1.999859902567914460e+01
1.999859985301838705e+01
1.999860062571987385e+01
1.999860139601763720e+01
1.999860220230747387e+01
1.999860307606973464e+01
1.999860404515793633e+01
1.999860513559648822e+01
1.999860637255332207e+01
1.999860778085753665e+01
1.999860938526087750e+01
1.999861121056874680e+01
1.999861328171216712e+01
1.999861562382837121e+01
1.999861826238624118e+01
1.999862122342029025e+01
1.999862453389841122e+01
1.999862822229231440e+01
1.999863231938727637e+01
1.999863685941134150e+01
1.999864188148817590e+01
1.999864743172891579e+01
1.999865356501124580e+01
1.999866035013580756e+01
1.999866786192399815e+01
1.999867621403749141e+01
1.999868538146931130e+01
1.999869559026608812e+01
1.999870456305986011e+01
1.999871238948789909e+01
1.999868006843408352e+01
1.999858091066668564e+01
1.999775997630450775e+01
1.999548112991215021e+01
