6.074720348834278916e+00
5.972842372347076711e+00
5.870855335774321837e+00
5.768749659419624365e+00
5.666516074592008678e+00
5.564144286657697336e+00
5.461622947206498324e+00
5.358939511120971666e+00
5.256080080334792903e+00
5.153029220185278980e+00
5.049769748045442874e+00
4.946282479747023508e+00
4.842545944690255233e+00
4.738536020296288065e+00
4.634225559694768570e+00
4.529583816258805129e+00
4.424576025529290746e+00
4.319162335545237319e+00
4.213297655639035355e+00
4.106929212569572663e+00
4.000000000000000000e+00
