2.000000000032181546e+01
1.998431956868497394e+01
2.001509369510791103e+01
2.009127524419863775e+01
2.023178731438474287e+01
2.043535135776162903e+01
2.067920885700123890e+01
2.092587046777512327e+01
2.113481763970311889e+01
2.127367619216858330e+01
2.132558017366047665e+01
2.129147848457806091e+01
2.118708124992399533e+01
2.103675396885377324e+01
2.086580240678828346e+01
2.069594631128363105e+01
2.054095445619750038e+01
2.040963313868695650e+01
2.030200334981287469e+01
2.022059664319571581e+01
2.017529215530612419e+01
