6.078661497185870566e+00
5.976789879234585712e+00
5.874807505105938077e+00
5.772679422027073848e+00
5.670353821616116008e+00
5.567773846405613902e+00
5.464903817639520156e+00
5.361745074575920533e+00
5.258337555252825979e+00
5.154738115287502254e+00
5.050993368163196884e+00
4.947118477140360682e+00
4.843096900313457631e+00
4.738889874941972558e+00
4.634449227352410716e+00
4.529723813141144362e+00
4.424662992104592796e+00
4.319215396191482981e+00
4.213328233571160375e+00
4.106944120813258436e+00
4.000000000000000000e+00
