4.344750296811176860e+00
4.336131520460280164e+00
4.327512738927579150e+00
4.318893979157684804e+00
4.310275223822682911e+00
4.301656470688108413e+00
4.293037717968342548e+00
4.284418965429237502e+00
4.275800212885744855e+00
4.267181460318411723e+00
4.258562707712699513e+00
4.249943955071383783e+00
4.241325202397395522e+00
4.232706449695185391e+00
4.224087696968935823e+00
4.215468944222732439e+00
4.206850191460420163e+00
4.198231438685665395e+00
4.189612685901974665e+00
4.180993933112747918e+00
4.172375180321323818e+00
4.163756427531022375e+00
4.155137674745198240e+00
4.146518921967277116e+00
4.137900169200824152e+00
4.129281416449542164e+00
4.120662663717414631e+00
4.112043911008556485e+00
4.103425158327674183e+00
4.094806405679215722e+00
4.086187653069354830e+00
4.077568900501854721e+00
4.068950147987115074e+00
4.060331395522802644e+00
4.051712643135518377e+00
4.043093890789437594e+00
4.034475138566868679e+00
4.025856386125414410e+00
4.017237632447539397e+00
4.008618861432490910e+00
4.000000000000000000e+00
