4.327189364174007125e+00
4.319381527636286577e+00
4.311556980131772576e+00
4.303715614727807726e+00
4.295857263504195167e+00
4.287981760881026894e+00
4.280088935646033654e+00
4.272178613182787466e+00
4.264250615140086964e+00
4.256304760068994497e+00
4.248340863745876383e+00
4.240358739428447876e+00
4.232358197932058808e+00
4.224339047592502894e+00
4.216301094155293860e+00
4.208244140636053565e+00
4.200167987178275553e+00
4.192072430922026527e+00
4.183957265887333854e+00
4.175822282870981894e+00
4.167667269353403370e+00
4.159492009412145919e+00
4.151296283638973073e+00
4.143079869058404974e+00
4.134842539046240439e+00
4.126584063247018541e+00
4.118304207489967617e+00
4.110002733702699196e+00
4.101679399823179750e+00
4.093333959708045811e+00
4.084966163040899545e+00
4.076575755231630183e+00
4.068162477323920001e+00
4.059726065863608291e+00
4.051266252796387413e+00
4.042782765114834476e+00
4.034275324422278430e+00
4.025743644567426394e+00
4.017187426728274779e+00
4.008606338134749869e+00
4.000000000000000000e+00
