4.328294794522550504e+00
4.320489433955012615e+00
4.312667357829863768e+00
4.304828479900795202e+00
4.296972627600060157e+00
4.289099634818555273e+00
4.281209330394912804e+00
4.273301540845325874e+00
4.265376088909703434e+00
4.257432793209556365e+00
4.249471467327227359e+00
4.241491918714301868e+00
4.233493947195341889e+00
4.225477343010282993e+00
4.217441884266938779e+00
4.209387333680667531e+00
4.201313434468441521e+00
4.193219905272506765e+00
4.185106434008605270e+00
4.176972670570562762e+00
4.168818218377951190e+00
4.160642624826834002e+00
4.152445370793675927e+00
4.144225859445700877e+00
4.135983404720734669e+00
4.127717219948558558e+00
4.119426407182228189e+00
4.111109947886226301e+00
4.102766695669544106e+00
4.094395371772236558e+00
4.085994563964892912e+00
4.077562729525873841e+00
4.069098202835863987e+00
4.060599208567020391e+00
4.052063881816319046e+00
4.043490300972072404e+00
4.034876547117529633e+00
4.026220842694979041e+00
4.017521912593450928e+00
4.008780054929436787e+00
4.000000000000000000e+00
