4.327296713660909511e+00
4.319489114552717446e+00
4.311664796725782622e+00
4.303823653699749840e+00
4.295965513635342958e+00
4.288090208880897869e+00
4.280197567505200418e+00
4.272287415588515103e+00
4.264359576421755449e+00
4.256413870650472830e+00
4.248450116143187572e+00
4.240468127941918297e+00
4.232467718174047988e+00
4.224448695947681465e+00
4.216410867208681523e+00
4.208354034549550704e+00
4.200277996954538295e+00
4.192182549463765895e+00
4.184067482735187582e+00
4.175932582479004118e+00
4.167777628734328665e+00
4.159602394952929494e+00
4.151406646850097637e+00
4.143190140978506797e+00
4.134952622977960957e+00
4.126693825452743880e+00
4.118413465429744846e+00
4.110111241355348888e+00
4.101786829598552231e+00
4.093439880443041190e+00
4.085070013576189041e+00
4.076676813123413901e+00
4.068259822358013977e+00
4.059818538383069608e+00
4.051352407509751785e+00
4.042860823093628930e+00
4.034343130428794666e+00
4.025798650503046083e+00
4.017226753878838430e+00
4.008627065604294160e+00
4.000000000000000000e+00
