4.327316457799780025e+00
4.319427817956762894e+00
4.311573656095241347e+00
4.303721820395318254e+00
4.295859749743823564e+00
4.287982924713450217e+00
4.280089603888251659e+00
4.272179069755130953e+00
4.264250953697582780e+00
4.256305011374773350e+00
4.248341038729221530e+00
4.240358844102045666e+00
4.232358237942324131e+00
4.224339029336957374e+00
4.216301024710910283e+00
4.208244027371311091e+00
4.200167837338445231e+00
4.192072251294070462e+00
4.183957062570528684e+00
4.175822061150238795e+00
4.167667033658934095e+00
4.159491763344534299e+00
4.151296030038322371e+00
4.143079610098445720e+00
4.134842276337741929e+00
4.126583797939143317e+00
4.118303940361722759e+00
4.110002465240766512e+00
4.101679130283081065e+00
4.093333689161870126e+00
4.084965891405429872e+00
4.076575482292230213e+00
4.068162202722231058e+00
4.059725789112122563e+00
4.051265973161477518e+00
4.042782481671360451e+00
4.034275035600866310e+00
4.025743349068442001e+00
4.017187125761553013e+00
4.008606075467527674e+00
4.000000000000000000e+00
