4.327193148495567243e+00
4.319385318647377403e+00
4.311560772662522467e+00
4.303719400530736650e+00
4.295861031443973133e+00
4.287985497826439563e+00
4.280092627799354510e+00
4.272182247396711041e+00
4.264254179881630691e+00
4.256308245894058651e+00
4.248344263333839521e+00
4.240362047323476880e+00
4.232361410150347503e+00
4.224342161217311542e+00
4.216304106990192757e+00
4.208247050943059619e+00
4.200170793499302668e+00
4.192075131968238111e+00
4.183959860477139969e+00
4.175824769899103117e+00
4.167669647777306530e+00
4.159494278246361532e+00
4.151298441951420060e+00
4.143081915965580286e+00
4.134844473706034584e+00
4.126585884849117036e+00
4.118305915244495630e+00
4.110004326828065935e+00
4.101680877534139569e+00
4.093335321204823352e+00
4.084967407499800807e+00
4.076576881796660778e+00
4.068163485097050724e+00
4.059726953887411227e+00
4.051267020015347775e+00
4.042783410291637125e+00
4.034275845979446551e+00
4.025744040353625763e+00
4.017187693822268812e+00
4.008606473064082465e+00
4.000000000000000000e+00
