4.328245991960126382e+00
4.320003989738894212e+00
4.311904898087726146e+00
4.303901150812204257e+00
4.295952361268114750e+00
4.288028972270170769e+00
4.280111852788332172e+00
4.272189631666333476e+00
4.264255965174878149e+00
4.256307458176204150e+00
4.248342325776612860e+00
4.240359613578291054e+00
4.232358776052610239e+00
4.224339460762512211e+00
4.216301402722641534e+00
4.208244374476054261e+00
4.200168163185463044e+00
4.192072560374934476e+00
4.183957357431760116e+00
4.175822343668760261e+00
4.167667305499628938e+00
4.159492026085591654e+00
4.151296285173373235e+00
4.143079859003938381e+00
4.134842520241355679e+00
4.126584037901318780e+00
4.118304177272536393e+00
4.110002699829032657e+00
4.101679363135504630e+00
4.093333920744488097e+00
4.084966122092815510e+00
4.076575712384209460e+00
4.068162432485539881e+00
4.059726018765651645e+00
4.051266202999161514e+00
4.042782711998323286e+00
4.034275267603106840e+00
4.025743585567654215e+00
4.017187375155576667e+00
4.008606315809609910e+00
4.000000000000000000e+00
