2.000000402145298750e+01
2.000068214196800298e+01
2.000158540482457781e+01
2.000333177466392343e+01
2.000640379302301142e+01
2.001153610703333285e+01
2.001968609151602863e+01
2.003205668476946144e+01
2.005006785902056521e+01
2.007529712540749856e+01
2.010937963932410710e+01
2.015387552870254240e+01
2.021011555972336993e+01
2.027904190816853713e+01
2.036106223466895315e+01
2.045593365100171113e+01
2.056268873976618750e+01
2.067961005239939709e+01
2.080425396468388044e+01
2.093352062570563632e+01
2.106376451257202120e+01
2.119093961763210743e+01
2.131077382148213673e+01
2.141896755975577804e+01
2.151141149449703249e+01
2.158441592004627907e+01
2.163494083292571091e+01
2.166081071778214451e+01
2.166089308303156713e+01
2.163521737972167358e+01
2.158501146101428603e+01
2.151264138979761498e+01
2.142144905634413377e+01
2.131550677966065166e+01
2.119930827648143179e+01
2.107747701747205937e+01
2.095452929279340637e+01
2.083506072264774645e+01
2.072479365112227256e+01
2.063566318739570349e+01
2.059798810196662089e+01
