1.999999968344800649e+01
2.000014267288221248e+01
2.000023790981303051e+01
2.000047189395037606e+01
2.000090553686718664e+01
2.000166153230211208e+01
2.000291040777993246e+01
2.000489521446101904e+01
2.000794501017347926e+01
2.001248988694551656e+01
2.001907055484512554e+01
2.002834100320417932e+01
2.004106106610177918e+01
2.005807684842796945e+01
2.008028789005348003e+01
2.010860148221902932e+01
2.014387620265379653e+01
2.018685830106078782e+01
2.023811571462376691e+01
2.029797502469234871e+01
2.036646648797213999e+01
2.044328146685038661e+01
2.052774534970198062e+01
2.061880767076220877e+01
2.071504986831511275e+01
2.081471018597269307e+01
2.091572464610723614e+01
2.101578291343841798e+01
2.111239779238740155e+01
2.120298749751418299e+01
2.128496915832615954e+01
2.135586296981723464e+01
2.141340301393430678e+01
2.145565655591892096e+01
2.148114364910575347e+01
2.148898819151523654e+01
2.147911730266660157e+01
2.145277926927965595e+01
2.141375790656935862e+01
2.137224255786769334e+01
2.135224035839019052e+01
