2.000000418108839639e+01
2.000038614981317053e+01
2.000032683987384274e+01
2.000030103854611596e+01
2.000025301500000552e+01
2.000020472854940223e+01
2.000015633418268024e+01
2.000011349709177111e+01
2.000007815006861378e+01
2.000005106986044012e+01
2.000003157118100816e+01
2.000001833202167845e+01
2.000000982456504417e+01
2.000000465368771430e+01
2.000000169612912870e+01
2.000000012815696593e+01
1.999999938695458823e+01
1.999999911026324284e+01
1.999999907676739141e+01
1.999999915779464388e+01
1.999999928232098156e+01
1.999999941350118249e+01
1.999999953384688922e+01
1.999999963645575463e+01
1.999999971963862677e+01
1.999999978463213424e+01
1.999999983281328397e+01
1.999999986765110549e+01
1.999999988822599661e+01
1.999999990239214398e+01
1.999999989803964695e+01
1.999999990874129452e+01
1.999999988338851864e+01
2.000000002689652590e+01
2.000000026933625463e+01
2.000000220826835928e+01
2.000000758144422974e+01
2.000003056889791608e+01
2.000009935625470803e+01
2.000034447891415823e+01
2.000085579681763193e+01
