2.000000301526418411e+01
2.000053647519661126e+01
2.000049645720961777e+01
2.000051875827287162e+01
2.000052272942534515e+01
2.000053093709522756e+01
2.000053675370578432e+01
2.000054273646075842e+01
2.000054937516971876e+01
2.000055887635367213e+01
2.000057455868893541e+01
2.000060167213011297e+01
2.000064793576273203e+01
2.000072435420507233e+01
2.000084619510557715e+01
2.000103420562176382e+01
2.000131607474935436e+01
2.000172815154564532e+01
2.000231740437362404e+01
2.000314358215556965e+01
2.000428150703859487e+01
2.000582339311673863e+01
2.000788104956625801e+01
2.001058779093594708e+01
2.001409985129857461e+01
2.001859707592474891e+01
2.002428267193523226e+01
2.003138179105327765e+01
2.004013880187823204e+01
2.005081304500213690e+01
2.006367315318435374e+01
2.007898947123783628e+01
2.009702507589607734e+01
2.011802250164217654e+01
2.014218619876990246e+01
2.016964045425854124e+01
2.020034507881384300e+01
2.023382371152627002e+01
2.026848303266456597e+01
2.029943469009209522e+01
2.031375845612274134e+01
