1.999999384475081499e+01
2.000049189260536764e+01
2.000045478153469247e+01
2.000047624712338035e+01
2.000048205272180724e+01
2.000049312937346357e+01
2.000050272980680433e+01
2.000051251876193703e+01
2.000052204546693346e+01
2.000053208721292819e+01
2.000054386043623111e+01
2.000055955549080622e+01
2.000058259112483228e+01
2.000061808693190102e+01
2.000067342297006334e+01
2.000075894893668504e+01
2.000088885042785947e+01
2.000108219506268625e+01
2.000136417087558627e+01
2.000176752044743012e+01
2.000233415895893785e+01
2.000311694540978991e+01
2.000418155306572743e+01
2.000560835900095924e+01
2.000749424683050393e+01
2.000995418828086514e+01
2.001312245342621310e+01
2.001715327020580304e+01
2.002222077670450773e+01
2.002851804116054169e+01
2.003625506468243245e+01
2.004565530467624157e+01
2.005695075148927131e+01
2.007037331947424974e+01
2.008614153481849840e+01
2.010442772128577005e+01
2.012528891891563276e+01
2.014845821189371833e+01
2.017282679760942443e+01
2.019487145971626063e+01
2.020524068927988992e+01
