2.000000210315193883e+01
2.000039383915080649e+01
2.000035572784918614e+01
2.000036761410757791e+01
2.000036805869847356e+01
2.000037385876919060e+01
2.000037939733184089e+01
2.000038586678313379e+01
2.000039255821710071e+01
2.000039947385010208e+01
2.000040651242975542e+01
2.000041367736714548e+01
2.000042098818505920e+01
2.000042849594954930e+01
2.000043628189185085e+01
2.000044447334369480e+01
2.000045326569657789e+01
2.000046295478028213e+01
2.000047398098685392e+01
2.000048698908325662e+01
2.000050290794034780e+01
2.000052305499483296e+01
2.000054927056902443e+01
2.000058408758425799e+01
2.000063094185463086e+01
2.000069442936733566e+01
2.000078061351624115e+01
2.000089739133220590e+01
2.000105491053465911e+01
2.000126605869040830e+01
2.000154696507029328e+01
2.000191759666823188e+01
2.000240214312727360e+01
2.000302954745123785e+01
2.000383265823061052e+01
2.000484755871335096e+01
2.000610548717617121e+01
2.000762416029834867e+01
2.000936161269945401e+01
2.001116848094385858e+01
2.001240176493229228e+01
