1.999999331771941868e+01
2.000038699103366113e+01
2.000034922765268774e+01
2.000036063184528246e+01
2.000036058842018605e+01
2.000036598957096245e+01
2.000037131920927891e+01
2.000037777290848595e+01
2.000038460051305833e+01
2.000039173776717050e+01
2.000039902141902459e+01
2.000040640845370987e+01
2.000041388882835136e+01
2.000042149500102795e+01
2.000042929253058688e+01
2.000043738806921922e+01
2.000044594395600939e+01
2.000045520312522029e+01
2.000046552469740391e+01
2.000047743305550441e+01
2.000049168376564879e+01
2.000050935040802003e+01
2.000053193702548882e+01
2.000056152124286513e+01
2.000060093296773189e+01
2.000065397487698604e+01
2.000072568754036340e+01
2.000082266854549928e+01
2.000095343770023604e+01
2.000112887160147324e+01
2.000136264912879014e+01
2.000167179791283800e+01
2.000207703975337026e+01
2.000260333550443548e+01
2.000327912784661422e+01
2.000413608506646668e+01
2.000520197002203915e+01
2.000649491150397097e+01
2.000798390354219336e+01
2.000956036878489641e+01
2.001068699100869708e+01
