2.000000075458489235e+01
2.000039262849233523e+01
2.000035342758211954e+01
2.000035919185821598e+01
2.000035192543487028e+01
2.000034931065123800e+01
2.000034671627861727e+01
2.000034580171774934e+01
2.000034603908239816e+01
2.000034736529950763e+01
2.000034949012878727e+01
2.000035218187085562e+01
2.000035523222388889e+01
2.000035849310853209e+01
2.000036187327576087e+01
2.000036533427999430e+01
2.000036887928045104e+01
2.000037254109027174e+01
2.000037637082049713e+01
2.000038042888805023e+01
2.000038477924184477e+01
2.000038948713519815e+01
2.000039462063082141e+01
2.000040025588166515e+01
2.000040648575458135e+01
2.000041343297205643e+01
2.000042126537017850e+01
2.000043021961963419e+01
2.000044062146776369e+01
2.000045293153047510e+01
2.000046775724601744e+01
2.000048596717996219e+01
2.000050862168120247e+01
2.000053737809650301e+01
2.000057402901929748e+01
2.000062242562816905e+01
2.000068672861829810e+01
2.000078259444527617e+01
2.000093583307096168e+01
2.000126251662241827e+01
2.000181220634294732e+01
