1.999999605744743647e+01
2.000039153308070183e+01
2.000036038065846711e+01
2.000037427272251378e+01
2.000037339481528065e+01
2.000037487761132127e+01
2.000037411129001796e+01
2.000037302422373031e+01
2.000037143353123881e+01
2.000036962947890729e+01
2.000036766067553629e+01
2.000036561216876052e+01
2.000036356330347687e+01
2.000036161506253052e+01
2.000035987731690312e+01
2.000035845804988455e+01
2.000035745020152333e+01
2.000035692286066435e+01
2.000035691731512699e+01
2.000035744807914639e+01
2.000035850766867540e+01
2.000036007366571056e+01
2.000036211656328788e+01
2.000036460738250099e+01
2.000036752389521766e+01
2.000037085634134471e+01
2.000037461007704565e+01
2.000037881148316998e+01
2.000038350480098615e+01
2.000038876906187824e+01
2.000039469516827495e+01
2.000040146085115467e+01
2.000040921825319984e+01
2.000041846527161482e+01
2.000042957052847470e+01
2.000044478088580746e+01
2.000046673518359341e+01
2.000051050868455249e+01
2.000060422528761350e+01
2.000087443832648404e+01
2.000139804591344728e+01
