2.000000220521565808e+01
2.000038981069920752e+01
2.000035042466951651e+01
2.000035821878892861e+01
2.000035397211604860e+01
2.000035436564156655e+01
2.000035422590910628e+01
2.000035500816366607e+01
2.000035616999041466e+01
2.000035770562645610e+01
2.000035939347430158e+01
2.000036105831308930e+01
2.000036253242102191e+01
2.000036369609884090e+01
2.000036447957880270e+01
2.000036486341836550e+01
2.000036487042321909e+01
2.000036455560774229e+01
2.000036399564370626e+01
2.000036327947910308e+01
2.000036250066167653e+01
2.000036175134669847e+01
2.000036111782726778e+01
2.000036067743604917e+01
2.000036049629886392e+01
2.000036062894229261e+01
2.000036111702612018e+01
2.000036199319550079e+01
2.000036327697725014e+01
2.000036499125042866e+01
2.000036713840231428e+01
2.000036977376640834e+01
2.000037289010748864e+01
2.000037678633644944e+01
2.000038158935391408e+01
2.000038927116193221e+01
2.000040218368850020e+01
2.000043521715309325e+01
2.000051667719619530e+01
2.000077488327665520e+01
2.000129340767307440e+01
