1.999999408087656150e+01
2.000038361723908054e+01
2.000034922269576754e+01
2.000036150590456430e+01
2.000036049710443464e+01
2.000036309168479320e+01
2.000036424909951549e+01
2.000036548021206784e+01
2.000036629179901837e+01
2.000036678834082693e+01
2.000036692416421857e+01
2.000036673971818146e+01
2.000036628586648391e+01
2.000036563342210982e+01
2.000036485628701044e+01
2.000036402550677295e+01
2.000036320377644827e+01
2.000036244301701771e+01
2.000036178297023426e+01
2.000036125070321802e+01
2.000036086061793839e+01
2.000036061500847495e+01
2.000036050514910002e+01
2.000036051307638729e+01
2.000036061352524897e+01
2.000036077703756732e+01
2.000036097140172586e+01
2.000036116710541378e+01
2.000036133385598802e+01
2.000036145646474495e+01
2.000036150938565527e+01
2.000036152768297981e+01
2.000036148842696804e+01
2.000036167661157904e+01
2.000036220615473326e+01
2.000036504264480541e+01
2.000037256186533341e+01
2.000039977051112672e+01
2.000047532544108719e+01
2.000072828527804347e+01
2.000124307509759092e+01
