2.000000623597196991e+01
2.000039047836468953e+01
2.000034827681233551e+01
2.000035428665049864e+01
2.000034948536712776e+01
2.000035035886245538e+01
2.000035128626326397e+01
2.000035325919910179e+01
2.000035540848426407e+01
2.000035757643709644e+01
2.000035953244415055e+01
2.000036117884890530e+01
2.000036246017035069e+01
2.000036336714051544e+01
2.000036391870235875e+01
2.000036415486145103e+01
2.000036412881471293e+01
2.000036390090011551e+01
2.000036353317702620e+01
2.000036308499086957e+01
2.000036260956843392e+01
2.000036215161496500e+01
2.000036174580482751e+01
2.000036141625235686e+01
2.000036117634965649e+01
2.000036103004291732e+01
2.000036097187177475e+01
2.000036099140246293e+01
2.000036106930028623e+01
2.000036119339630503e+01
2.000036133391269999e+01
2.000036151568247433e+01
2.000036170104390010e+01
2.000036215746133550e+01
2.000036298021477066e+01
2.000036611654043384e+01
2.000037392485088361e+01
2.000040140091227414e+01
2.000047722190500465e+01
2.000073057779332686e+01
2.000124607068210025e+01
