6.078106274855096913e+00
5.976190683515041790e+00
5.874067571868904380e+00
5.771709429815294889e+00
5.669122594100143075e+00
5.566338657776262799e+00
5.463395114098236860e+00
5.360319593113856307e+00
5.257122519490350143e+00
5.153797372778471164e+00
5.050324872808516830e+00
4.946677727969273519e+00
4.842824209104976241e+00
4.738730168512425678e+00
4.634359772577642644e+00
4.529675370182363103e+00
4.424636826838518111e+00
4.319200575253081098e+00
4.213318441960115734e+00
4.106936815736287549e+00
4.000000000000000000e+00
