1.999999999995261746e+01
1.999045258565958605e+01
1.999135399215939302e+01
1.999162892105895395e+01
1.999264470327244325e+01
1.999486764278112716e+01
1.999906432850837845e+01
2.000618055158952302e+01
2.001730546646523834e+01
2.003358000481083323e+01
2.005607239012060461e+01
2.008563571629551348e+01
2.012277421204095162e+01
2.016753227037425944e+01
2.021944937258126629e+01
2.027752215949409020e+01
2.034033538499346960e+01
2.040593843436129262e+01
2.047192071031621197e+01
2.053149746229531658e+01
2.054244997530577166e+01
