6.078022301012603101e+00
6.027098714070671548e+00
5.976149776311695305e+00
5.925173894447300249e+00
5.874162889398674814e+00
5.823095434268048542e+00
5.771942395705572437e+00
5.720678427504134689e+00
5.669287664938906346e+00
5.617764009679170556e+00
5.566114121301224849e+00
5.514363554264180678e+00
5.462570641515705816e+00
5.410824172915875252e+00
5.359186005632629701e+00
5.307642144234345771e+00
5.256135188002251546e+00
5.204616463228649792e+00
5.153060429790312647e+00
5.101455932849722430e+00
5.049797931468806844e+00
4.998083164490890518e+00
4.946308918990093950e+00
4.894472317109439530e+00
4.842570470219018652e+00
4.790600219532344717e+00
4.738558303796762239e+00
4.686441233583924948e+00
4.634245292535737804e+00
4.581966575534056396e+00
4.529600842679683659e+00
4.477143653016363523e+00
4.424590190785742116e+00
4.371935358024325424e+00
4.319173680860490805e+00
4.266299293692661365e+00
4.213305928840132886e+00
4.160186832039872940e+00
4.106934773960835727e+00
4.053541941673708848e+00
4.000000000000000000e+00
