6.074767769677675844e+00
6.023841849159304651e+00
5.972889472658127197e+00
5.921909502535067205e+00
5.870900907769702748e+00
5.819862637698716590e+00
5.768793576578328697e+00
5.717692533225977591e+00
5.666558252570606413e+00
5.615389417611588385e+00
5.564184645375188865e+00
5.512942482594713312e+00
5.461661401584045450e+00
5.410339795179837985e+00
5.358975972184665260e+00
5.307568151057899364e+00
5.256114455323100287e+00
5.204612905155517666e+00
5.153061413617069597e+00
5.101457774478769913e+00
5.049799661191205935e+00
4.998084607798870316e+00
4.946310014351065654e+00
4.894473115450443501e+00
4.842570998360416823e+00
4.790600550887434750e+00
4.738558500923372385e+00
4.686441333534353326e+00
4.634245360603920894e+00
4.581966599678807484e+00
4.529600875411434302e+00
4.477143664412507107e+00
4.424590212890697316e+00
4.371935372732754566e+00
4.319173697654266064e+00
4.266299311935850547e+00
4.213305944147143656e+00
4.160186850544667969e+00
4.106934790567109417e+00
4.053541958894310682e+00
4.000000000000000000e+00
