6.079455453221210171e+00
6.028531564394262965e+00
5.977581056140042648e+00
5.926603168478652428e+00
5.875597087831342158e+00
5.824561908771189067e+00
5.773496561961357187e+00
5.722399813625819398e+00
5.671270261783733169e+00
5.620106502952201488e+00
5.568906917334521367e+00
5.517667401822958340e+00
5.466378224246096984e+00
5.415023419383754089e+00
5.363583684929415618e+00
5.312040092734218177e+00
5.260376416410696088e+00
5.208579940027972199e+00
5.156641790254747448e+00
5.104558359620309460e+00
5.052335453272153387e+00
4.999995201303899961e+00
4.947591382132860538e+00
4.895212990184417912e+00
4.842933450785103844e+00
4.790752827054752139e+00
4.738614345351253476e+00
4.686458749867939311e+00
4.634248912003322118e+00
4.581965673463698430e+00
4.529598806035363801e+00
4.477141582028742128e+00
4.424588445061133690e+00
4.371933997195052157e+00
4.319172690295630446e+00
4.266298613944534246e+00
4.213305496412200313e+00
4.160186578738838570e+00
4.106934647741395494e+00
4.053541896043896031e+00
4.000000000000000000e+00
