6.080238439552604568e+00
6.029315081251566788e+00
5.978365242491733511e+00
5.927387908268066496e+00
5.876382016121258545e+00
5.825346526348151421e+00
5.774280457799084942e+00
5.723182828970518443e+00
5.672052552500868927e+00
5.620888384276051752e+00
5.569688914873609065e+00
5.518452556115540197e+00
5.467177665594483926e+00
5.415862022748690663e+00
5.364500900619929347e+00
5.313084785701007284e+00
5.261599115738764709e+00
5.210026334256697034e+00
5.158348672653111144e+00
5.106549953008689080e+00
5.054616407227895181e+00
5.002536950250933145e+00
4.950303769732969705e+00
4.897914230123316059e+00
4.845375518804725168e+00
4.792712778914139271e+00
4.739984227893623725e+00
4.687280163916730302e+00
4.634671303567261980e+00
4.582155742741289117e+00
4.529675906254752249e+00
4.477170170686995299e+00
4.424597765559153295e+00
4.371936111704792793e+00
4.319172328568028796e+00
4.266297566787541129e+00
4.213304431162661956e+00
4.160185729937273535e+00
4.106934089047921788e+00
4.053541622837530944e+00
4.000000000000000000e+00
