6.079765517025974120e+00
6.028841904345037861e+00
5.977891750110390312e+00
5.926914479045772843e+00
5.875908958334045806e+00
5.824874067615808393e+00
5.773808360672053830e+00
5.722710819069204646e+00
5.671579917852739072e+00
5.620414750208642118e+00
5.569213477354117536e+00
5.517975258372566749e+00
5.466697839127585112e+00
5.415380496787698839e+00
5.364020479888176318e+00
5.312617207181084211e+00
5.261167441698945346e+00
5.209670780572587034e+00
5.158123655722392620e+00
5.106525693166443780e+00
5.054873119001301873e+00
5.003165103114058709e+00
4.951397848501988719e+00
4.899569450666179549e+00
4.847676338117041794e+00
4.795714556299225606e+00
4.743679730940906225e+00
4.691563080922880324e+00
4.639356302118318176e+00
4.587043793637113787e+00
4.534612801625524270e+00
4.482043722494470472e+00
4.429321890630068204e+00
4.376427445021453977e+00
4.323345347667918226e+00
4.270056833467084978e+00
4.216546958001988088e+00
4.162798180313465046e+00
4.108796990013045658e+00
4.054528839941140994e+00
4.000000000000000000e+00
