6.078400522874644274e+00
6.027476579107573507e+00
5.976525754072418373e+00
5.925547502243813547e+00
5.874540797293787087e+00
5.823505029584015169e+00
5.772438402651736133e+00
5.721340218146877099e+00
5.670208384563697912e+00
5.619042478610727365e+00
5.567840133185830709e+00
5.516601043520343417e+00
5.465322485706612277e+00
5.414004123047811312e+00
5.362643002429614114e+00
5.311238527481745741e+00
5.259787754828315620e+00
5.208289528452779038e+00
5.156741301023652468e+00
5.105141083089116627e+00
5.053487055998547639e+00
5.001776095860912541e+00
4.950007077784422727e+00
4.898175583999622162e+00
4.846280782317198721e+00
4.794317137286927100e+00
4.742283207483503737e+00
4.690171951700140340e+00
4.637978742983995595e+00
4.585692680585450098e+00
4.533303059657447953e+00
4.480794072877318790e+00
4.428150173801767231e+00
4.375352894351456357e+00
4.322385183215762261e+00
4.269228007646927558e+00
4.215864371322784798e+00
4.162275336099570566e+00
4.108444132338068933e+00
4.054351884845769582e+00
4.000000000000000000e+00
