6.074706211431244007e+00
6.023780107600698486e+00
5.972827505102538126e+00
5.921847441512614552e+00
5.870838897717550964e+00
5.819800785903233020e+00
5.768731951828744542e+00
5.717631140631210585e+00
5.666496981942395372e+00
5.615327943070266947e+00
5.564122325611475794e+00
5.512878268701505213e+00
5.461593822815580701e+00
5.410267009592008236e+00
5.358895901944250362e+00
5.307478638943027072e+00
5.256013437473553651e+00
5.204498542664354410e+00
5.152932254033600223e+00
5.101313029322420256e+00
5.049639748345883028e+00
4.997911875886935640e+00
4.946129316206105742e+00
4.894291710070412194e+00
4.842397501933548121e+00
4.790443234759649727e+00
4.738423590830775467e+00
4.686332029237615160e+00
4.634161706654014168e+00
4.581906155000598169e+00
4.529559643357546683e+00
4.477117130626556474e+00
4.424574063312154415e+00
4.371926020221174269e+00
4.319168436986792869e+00
4.266296325569236991e+00
4.213304147145062295e+00
4.160185683784582977e+00
4.106934037843642749e+00
4.053541578221758535e+00
4.000000000000000000e+00
