6.074768100034208196e+00
6.023842007222232731e+00
5.972889563893074794e+00
5.921909921573703883e+00
5.870902066461582969e+00
5.819864807094674575e+00
5.768796837007483802e+00
5.717696726613876734e+00
5.666563050526388423e+00
5.615394385077316919e+00
5.564189373944625316e+00
5.512946651534313069e+00
5.461664842950291643e+00
5.410342469177903624e+00
5.358977953009442352e+00
5.307569561208739017e+00
5.256115438377281457e+00
5.204613580084929580e+00
5.153061871861371657e+00
5.101458067596239765e+00
5.049799813966336259e+00
4.998084623650044023e+00
4.946309884078952557e+00
4.894472828930333641e+00
4.842570537975318778e+00
4.790599911424727964e+00
4.738557665447758360e+00
4.686440309564680717e+00
4.634244138550815073e+00
4.581965209691017726e+00
4.529599329895930282e+00
4.477142028641914351e+00
4.424588539198145654e+00
4.371933763581027144e+00
4.319172247359514216e+00
4.266298133135745907e+00
4.213305128010682132e+00
4.160186441612466091e+00
4.106934745578661783e+00
4.053542089112163183e+00
4.000000000000000000e+00
