1.999999997727705647e+01
2.048877782268580816e+01
2.135011878813573816e+01
2.230313960850227417e+01
2.316887488198973344e+01
2.384359207694654614e+01
2.411101548501265768e+01
2.374383558216573320e+01
2.270047217622238378e+01
2.146725376463679424e+01
2.059186623708844266e+01
2.017924545717382756e+01
2.003986664261900330e+01
2.000452345070065974e+01
1.999978838380657464e+01
1.999688604564828864e+01
1.999933728273754596e+01
1.999638536146888157e+01
2.000019322813240308e+01
1.999671561874464132e+01
2.000130655566432480e+01
1.999730821234719613e+01
2.000195555064982500e+01
1.999778276156451540e+01
2.000190840847606211e+01
1.999827616265713814e+01
2.000142329808729613e+01
1.999887679128604390e+01
2.000083298980321445e+01
1.999941111662826643e+01
2.000040749852881561e+01
1.999971095142199218e+01
2.000021422094244272e+01
1.999985012024382058e+01
2.000005722601217784e+01
2.000009607219165275e+01
1.999966970733147065e+01
2.000064924653950627e+01
1.999895131609626375e+01
2.000153160246744122e+01
1.999712424364406615e+01
