2.000000005700891137e+01
2.000148707718971508e+01
2.031179533481791211e+01
2.098349012319195239e+01
2.183135637194125422e+01
2.267828606662388324e+01
2.341751581837877083e+01
2.391267896217718913e+01
2.397490509591186836e+01
2.336059274689982956e+01
2.219221897701189050e+01
2.106215973801963770e+01
2.039233266000449518e+01
2.010926887143937236e+01
2.002581293505361160e+01
2.000059206830321301e+01
2.000068193654346516e+01
1.999606048071998998e+01
1.999979435172156528e+01
1.999655515766058755e+01
1.999987129699134769e+01
1.999782137943579130e+01
2.000009429480375189e+01
1.999907219497959332e+01
2.000008664500316158e+01
1.999982536352825235e+01
1.999989426827576011e+01
2.000020040753550532e+01
1.999964523496959146e+01
2.000051787017004656e+01
1.999927123409719343e+01
2.000098433332263781e+01
1.999873021765362324e+01
2.000155627661732183e+01
1.999819462236314038e+01
2.000198313546940909e+01
1.999793523043075893e+01
2.000204379210651950e+01
1.999805903953994246e+01
2.000178836729151755e+01
1.999805590909090824e+01
