1.999999984746296988e+01
1.997755077159793302e+01
1.996748069462717012e+01
2.004054424114704958e+01
2.036339885498088975e+01
2.094678640544514892e+01
2.168444630902447301e+01
2.243876829121950678e+01
2.313829840488573097e+01
2.366297662573254712e+01
2.389514857475526810e+01
2.358033000387487021e+01
2.261160153393556982e+01
2.142563593408846501e+01
2.059059707606333944e+01
2.019297833460563396e+01
2.005164666144312591e+01
2.001047685111724661e+01
1.999996025855029913e+01
1.999893078925207490e+01
1.999727188497884711e+01
1.999906257865057313e+01
1.999729995085858292e+01
2.000004984207561520e+01
1.999767741331516646e+01
2.000110337424015583e+01
1.999792580136081099e+01
2.000172059662389046e+01
1.999804548415478322e+01
2.000181821669581339e+01
1.999825383437918447e+01
2.000159134666604643e+01
1.999855980548123924e+01
2.000129941017293334e+01
1.999881095755692684e+01
2.000111337306360326e+01
1.999893527580732666e+01
2.000103042741662307e+01
1.999899849289672105e+01
2.000096870961844431e+01
1.999883766562561505e+01
