2.000000004441811541e+01
1.998555838660093897e+01
1.998478640607210366e+01
1.998491623336089873e+01
1.997844115537309762e+01
1.998153561721781912e+01
2.007543177585815641e+01
2.035524110600344727e+01
2.082138871043412465e+01
2.141622928375289803e+01
2.205151572509046787e+01
2.267987154575773801e+01
2.322370154813042475e+01
2.361021642303710166e+01
2.369884215520974635e+01
2.325228944124974007e+01
2.223674995553943035e+01
2.116685528979086683e+01
2.047113783417567490e+01
2.016046112864546558e+01
2.004474208322226403e+01
2.001185673901828821e+01
1.999991559847362055e+01
1.999956889432602125e+01
1.999725901094356928e+01
1.999916399413104884e+01
1.999762699813457445e+01
1.999977129716391389e+01
1.999828261871260793e+01
2.000039365113559597e+01
1.999879270865239178e+01
2.000072900971648338e+01
1.999903958226433431e+01
2.000083830206026647e+01
1.999911869017648414e+01
2.000085571065879009e+01
1.999914714349867140e+01
2.000083907367927694e+01
1.999917256261950271e+01
2.000081771948642029e+01
1.999900142695696559e+01
