2.000000020183923510e+01
1.998714982048800337e+01
1.998467375248917222e+01
1.998522770968149587e+01
1.998095849347913600e+01
1.997733530813149727e+01
2.003265967681734949e+01
2.024991399533346481e+01
2.065439643031020367e+01
2.120893913486586513e+01
2.182574436327152156e+01
2.245466612120831584e+01
2.302727439076257099e+01
2.347784391398020531e+01
2.369612432416245085e+01
2.348533092857461568e+01
2.265489610426840983e+01
2.154326091723470782e+01
2.068465364400914552e+01
2.024897164905811309e+01
2.007557546284197514e+01
2.002113013577882583e+01
2.000256472012107167e+01
2.000011458060641800e+01
1.999737871703441172e+01
1.999910599446287307e+01
1.999751556633966487e+01
1.999964265076192405e+01
1.999816138785170239e+01
2.000027542990082097e+01
1.999872962751522820e+01
2.000066221145452161e+01
1.999902342975411429e+01
2.000080953484845736e+01
1.999912516654885408e+01
2.000083579987054350e+01
1.999916502852796185e+01
2.000081829458035187e+01
1.999919169410788200e+01
2.000079993666237499e+01
1.999902177561307326e+01
