1.999999986098959681e+01
1.999171110333303503e+01
1.998600754400698420e+01
1.998554836340052887e+01
1.998357208165002064e+01
1.998076028330342524e+01
1.998305119166788302e+01
2.007551850043816088e+01
2.032480213119692181e+01
2.075333099300091533e+01
2.129640627916133155e+01
2.189894704529948655e+01
2.249488881452170475e+01
2.304470037199718746e+01
2.346109764495411198e+01
2.366038435159083519e+01
2.342023346564777242e+01
2.258967238616935447e+01
2.149381440020245293e+01
2.066682020180791568e+01
2.024180002705404036e+01
2.007741993449835505e+01
2.001981888932017384e+01
2.000476945097711479e+01
1.999846247773860242e+01
1.999923285228662806e+01
1.999734738992269101e+01
1.999932777957441843e+01
1.999787765722624755e+01
1.999993316268596644e+01
1.999852648402290356e+01
2.000045018249302231e+01
1.999894761229476714e+01
2.000070480866954625e+01
1.999913632604794600e+01
2.000077148500606228e+01
1.999920636345245128e+01
2.000077104061489663e+01
1.999923173351805517e+01
2.000076129049222118e+01
1.999906895024469122e+01
