1.999999994980460016e+01
2.000287203072897668e+01
1.999740054586053972e+01
1.999791557656751095e+01
1.999667237793931562e+01
1.999945760643443649e+01
1.999906801391017908e+01
2.000050952807704263e+01
2.000059950295122491e+01
2.000036159951629600e+01
2.000223472601112107e+01
1.999945907977296855e+01
2.000478674844401183e+01
1.999812002761851559e+01
2.000898782906840623e+01
1.999544375848869038e+01
2.001324047353752533e+01
1.998813406374814861e+01
2.001528981821145337e+01
1.997524721017441607e+01
2.001666746094560523e+01
1.996029866140469977e+01
2.002138946359134408e+01
1.995037583440571538e+01
2.004134516909005370e+01
1.997772866335098030e+01
2.013162472055916297e+01
2.012380957984259666e+01
2.036920930436974686e+01
2.044388436369433037e+01
2.076337822573531611e+01
2.091068807872511215e+01
2.126054543776016459e+01
2.145909145018429243e+01
2.179955285857181480e+01
2.202600394233958880e+01
2.232666809208277670e+01
2.254561085825518063e+01
2.276513931076601693e+01
2.289485469854680844e+01
2.293083823879715055e+01
