1.999999992690955608e+01
2.007625142752351621e+01
1.994499848988683510e+01
1.989274779093722501e+01
1.980556866173782993e+01
1.984922287361452220e+01
1.985347221043896937e+01
1.994037120071936542e+01
1.994241143222560808e+01
2.000467564552703692e+01
1.997860996060690653e+01
2.002028735245995250e+01
1.998253153167097551e+01
2.001810066029376856e+01
1.998046687231484242e+01
2.001578219894719979e+01
1.998107181433921298e+01
2.001594388397592539e+01
1.998304451685510230e+01
2.001624914501683605e+01
1.998485782240353714e+01
2.001591213524952906e+01
1.998658075758192965e+01
2.001528581843145460e+01
1.998850555140112562e+01
2.001476545475913582e+01
1.999062572055763809e+01
2.001399772689344658e+01
1.999204848551942248e+01
2.001171291840896416e+01
1.999143020356019207e+01
2.000710441349232127e+01
1.998861902950220326e+01
2.000111686340432371e+01
1.998550262082588347e+01
1.999695785099291712e+01
1.998735876766668795e+01
2.000379176719877350e+01
2.000922444337775019e+01
2.004449205631831532e+01
2.006189730670303106e+01
