1.999999981012101102e+01
2.005967664238742643e+01
2.006524849734761773e+01
2.008901619704479202e+01
2.009116025468341604e+01
2.010460750292789811e+01
2.010207673560793040e+01
2.010080155580335770e+01
2.006980339657893708e+01
2.001857798055726434e+01
1.994530359985164125e+01
1.988482055339110488e+01
1.985028412662154551e+01
1.985245156799041055e+01
1.987726710086163351e+01
1.991320455897437469e+01
1.994635960138365149e+01
1.997184164080571023e+01
1.998789196751373964e+01
1.999615814880997533e+01
1.999958866283481740e+01
1.999984892802094194e+01
1.999955012962337975e+01
1.999865291010822332e+01
1.999867413944884476e+01
1.999851849347433941e+01
1.999914913965703533e+01
1.999937659661282296e+01
2.000002065337922375e+01
2.000024741953316365e+01
2.000069022614384551e+01
2.000091648331859062e+01
2.000121875593243814e+01
2.000156124688185599e+01
2.000178542916444258e+01
2.000224557235166145e+01
2.000226535677450457e+01
2.000259541205624103e+01
2.000206141670533455e+01
2.000187413209177123e+01
2.000077641650568694e+01
