2.000000001663551075e+01
2.000126179931453763e+01
1.999971854447202446e+01
2.000023544764161798e+01
1.999835877823887031e+01
1.999871678285783716e+01
1.999698899777746419e+01
1.999797136860037838e+01
1.999765738325503861e+01
2.000120195684087321e+01
2.000488847648476565e+01
2.001369265840129685e+01
2.002315237371617940e+01
2.003704738251429873e+01
2.004983888280098014e+01
2.006463641026207867e+01
2.007585288455251060e+01
2.008702503036881382e+01
2.009307720739843361e+01
2.009718014508413120e+01
2.009249829403256982e+01
2.007983925137589054e+01
2.005205403811916653e+01
2.001416299921556785e+01
1.996756177549732314e+01
1.992572843136328231e+01
1.989314842657601545e+01
1.987888213401522464e+01
1.987854403393523128e+01
1.989249943569124923e+01
1.991127927488305716e+01
1.993406417764430927e+01
1.995314098862716534e+01
1.997055689784068733e+01
1.998163044406489419e+01
1.999065467230879634e+01
1.999446841714928169e+01
1.999794728352908635e+01
1.999806212882482370e+01
1.999935603135680040e+01
1.999831327784340829e+01
