1.999999993879611537e+01
2.000143937812686445e+01
2.000043770658826148e+01
2.000148379083698913e+01
2.000046445144795371e+01
2.000146297123252381e+01
2.000037346320315734e+01
2.000119335933835885e+01
1.999984816002486454e+01
2.000035618249849634e+01
1.999871875119534437e+01
1.999907283920036960e+01
1.999746535238915968e+01
1.999826331742665175e+01
1.999756206510666701e+01
2.000015431625996953e+01
2.000208193349914154e+01
2.000846779996894398e+01
2.001467726346139742e+01
2.002569401493335022e+01
2.003560294674358033e+01
2.004934281651233263e+01
2.005989239346500952e+01
2.007289258160935930e+01
2.008061481428839556e+01
2.008976391394410044e+01
2.009132375524262670e+01
2.009223790041701108e+01
2.008132037095136013e+01
2.006644528085525181e+01
2.003684038660531996e+01
2.000546716091650268e+01
1.996524501699530063e+01
1.993416582798683478e+01
1.990459954973616163e+01
1.989294452607349939e+01
1.988563042920051416e+01
1.989531485570946856e+01
1.990412905240273744e+01
1.992439495464874355e+01
1.993102733217529021e+01
