2.000000011235757214e+01
2.000122697145470241e+01
2.000032231971561458e+01
2.000143930822235561e+01
2.000042517364576966e+01
2.000151366587498103e+01
2.000041056588410626e+01
2.000152256686341090e+01
2.000024095275245273e+01
2.000128053193313349e+01
1.999962059698247074e+01
2.000051428218291250e+01
1.999842832057166220e+01
1.999937498942556502e+01
1.999715615602641350e+01
1.999876872027473240e+01
1.999724585233989771e+01
2.000081669615429192e+01
2.000157057745059319e+01
2.000890844809200786e+01
2.001342994102179773e+01
2.002529315446646052e+01
2.003315555229374567e+01
2.004789222586879660e+01
2.005647593939165674e+01
2.007092741971136718e+01
2.007709188189444305e+01
2.008821698720726090e+01
2.008892325398809220e+01
2.009276604732468741e+01
2.008276413092166024e+01
2.007273077605113087e+01
2.004621588798484666e+01
2.002001342263648098e+01
1.998163564715254381e+01
1.995136389809208666e+01
1.991882684139719828e+01
1.990246710705277522e+01
1.988943419126776035e+01
1.989296265779876549e+01
1.989391087075637188e+01
