1.999999995672864372e+01
2.000833055324527976e+01
2.000566370402886562e+01
2.000640969335276509e+01
2.000314831507083113e+01
2.000294316388006877e+01
2.000118325690620580e+01
2.000094486685896200e+01
2.000093478906496713e+01
2.000025328778280809e+01
2.000148499569588267e+01
1.999993455228642603e+01
2.000205955605018815e+01
1.999961466032006285e+01
2.000246388551618182e+01
1.999929476686725138e+01
2.000265054257115693e+01
1.999891982445149097e+01
2.000245676044421117e+01
1.999831918333604008e+01
2.000173603242906850e+01
1.999745352173847479e+01
2.000064176414519324e+01
1.999667967546290726e+01
1.999985555138515991e+01
1.999697977669443105e+01
2.000081346214846434e+01
2.000013839578004138e+01
2.000565214182272555e+01
2.000827212403747879e+01
2.001618289168291298e+01
2.002235717748745714e+01
2.003229454016073774e+01
2.004098169301646948e+01
2.005143913405178679e+01
2.006070809342249817e+01
2.006969385296780573e+01
2.007738654819207724e+01
2.008276574149411076e+01
2.008634642375015034e+01
2.008586350393125031e+01
