2.000000006049788936e+01
2.000606437545265237e+01
2.000334593619077239e+01
2.000487957492508784e+01
2.000117503805530106e+01
2.000116340880509824e+01
1.999614584793991057e+01
1.999508961467699208e+01
1.999049316453238845e+01
1.999110682792167637e+01
1.998969882074941751e+01
1.999358518691088094e+01
1.999508034598371609e+01
2.000021583638028133e+01
2.000167291499817424e+01
2.000527911197599451e+01
2.000482488403286041e+01
2.000626987397042100e+01
2.000430473063300951e+01
2.000466023653212133e+01
2.000241340360337006e+01
2.000277349583038600e+01
2.000096349404115514e+01
2.000170031321446729e+01
2.000037037761077485e+01
2.000136703450296594e+01
2.000029762872775407e+01
2.000135973178434767e+01
2.000037678315038292e+01
2.000140493499214855e+01
2.000043431189052257e+01
2.000140028397617087e+01
2.000040789334914493e+01
2.000129230590397711e+01
2.000023965650616375e+01
2.000101448169243668e+01
1.999986699479984154e+01
2.000052389299585442e+01
1.999928999820552633e+01
1.999988419701385567e+01
1.999863753197132610e+01
