6.074989449265960850e+00
5.973126689724371552e+00
5.871173594610135993e+00
5.769096436499765446e+00
5.666880428164073003e+00
5.564513504867065308e+00
5.461992385382054671e+00
5.359306598584683279e+00
5.256444724894556941e+00
5.153390004512266920e+00
5.050125384601049205e+00
4.946630752748541582e+00
4.842887320010833996e+00
4.738872372862063642e+00
4.634563122006726488e+00
4.529929306496140562e+00
4.424933738719460052e+00
4.319523426125233989e+00
4.213626905371167020e+00
4.107147720851956230e+00
4.000000000000000000e+00
