6.074673657641026736e+00
5.972788213173940264e+00
5.870807414051391504e+00
5.768729820598221814e+00
5.666530341227269396e+00
5.564184345011769395e+00
5.461676151860119788e+00
5.358995974390801109e+00
5.256135311111738595e+00
5.153081288903212709e+00
5.049817855569318503e+00
4.946325236211998266e+00
4.842581272053367414e+00
4.738562590464113100e+00
4.634243302532758513e+00
4.529596042617638041e+00
4.424588389302811287e+00
4.319182317033755325e+00
4.213327621428123670e+00
4.106958883804070481e+00
4.000000000000000000e+00
