6.074727912220683201e+00
5.972849544495796081e+00
5.870860523428287792e+00
5.768747952754016417e+00
5.666499239631647811e+00
5.564101692692736023e+00
5.461544267335940006e+00
5.358818845974584910e+00
5.255922391335072774e+00
5.152852636451907387e+00
5.049600746185096689e+00
4.946144819580410079e+00
4.842452473459212925e+00
4.738486391495555061e+00
4.634210615785021581e+00
4.529590936464542139e+00
4.424593933197783713e+00
4.319182724391916750e+00
4.213315136293512175e+00
4.106940456819008212e+00
4.000000000000000000e+00
