6.075136159350496001e+00
5.973256024340117598e+00
5.871264778169220655e+00
5.769155057782526796e+00
5.666917560618133010e+00
5.564542092882195590e+00
5.462016910119620761e+00
5.359329783671016756e+00
5.256466852189421779e+00
5.153413336820639401e+00
5.050151998178421309e+00
4.946663394162128746e+00
4.842924418331159053e+00
4.738908377187430077e+00
4.634584513994457033e+00
4.529918121595252423e+00
4.424871123675966800e+00
4.319401726104532102e+00
4.213465939641442226e+00
4.107016381144801720e+00
4.000000000000000000e+00
