6.074815309198311475e+00
5.972935011598896615e+00
5.870945188326651909e+00
5.768838588917699184e+00
5.666605544594860433e+00
5.564234451225589240e+00
5.461712673947171304e+00
5.359026735394984087e+00
5.256162790626252246e+00
5.153105881348200690e+00
5.049839619722252593e+00
4.946345254771293831e+00
4.842601600590538347e+00
4.738584435041850895e+00
4.634266644610235630e+00
4.529617474907754016e+00
4.424602444253046940e+00
4.319182035379223628e+00
4.213311213558185386e+00
4.106937365750185975e+00
4.000000000000000000e+00
