6.077805539910863253e+00
5.975903935398783950e+00
5.873766282310629805e+00
5.771248190444737247e+00
5.668308841584579483e+00
5.565140363952796321e+00
5.462036093250970836e+00
5.359082246838609898e+00
5.256143283407078037e+00
5.153078050466703530e+00
5.049817019552037323e+00
4.946328519139821189e+00
4.842590525024718318e+00
4.738577036801179254e+00
4.634263180487836919e+00
4.529616257623599651e+00
4.424603692288474832e+00
4.319184060310139905e+00
4.213313379110982027e+00
4.106938259634406840e+00
4.000000000000000000e+00
