2.000000000088391872e+01
2.006297940848893901e+01
2.010307434371784652e+01
2.014656922472793354e+01
2.015689592162130950e+01
2.011778115512241882e+01
2.002209110540174564e+01
1.992133564506425358e+01
1.986016756294938546e+01
1.985779391645492709e+01
1.989008984738530472e+01
1.993460240814964379e+01
1.996589711750176122e+01
1.998816166180983700e+01
1.999449604995908558e+01
2.000206121903448775e+01
2.000125327628905580e+01
2.000848298660243074e+01
2.000655365727186918e+01
2.001231964103453365e+01
2.000527013101782359e+01
