2.000000000037169556e+01
2.001027832946763496e+01
2.000249547164685282e+01
2.000816511116532581e+01
1.999640998855776886e+01
1.999991806797517313e+01
1.998876490115457827e+01
2.000119827188152755e+01
2.000492977980421472e+01
2.003753485692394420e+01
2.005770908825628496e+01
2.009978809995541482e+01
2.011549099217663894e+01
2.013621874738385742e+01
2.011122766180997345e+01
2.007998169534655730e+01
2.001057954613475687e+01
1.996009586853902107e+01
1.990594737357037403e+01
1.989280933734391610e+01
1.988124093243823154e+01
