6.074736707591905649e+00
5.972846113293041270e+00
5.870838276489715568e+00
5.768716722990834711e+00
5.666476294446295192e+00
5.564108567387837212e+00
5.461600277644501844e+00
5.358934927330705200e+00
5.256093932908084909e+00
5.153058750172222702e+00
5.049810365294195691e+00
4.946329556390229421e+00
4.842595137528645566e+00
4.738583957276350844e+00
4.634269465194680748e+00
4.529621998540671157e+00
4.424607546912825207e+00
4.319187502326786721e+00
4.213316755347430664e+00
4.106941799593675668e+00
4.000000000000000000e+00
