6.074739992972779667e+00
5.972850069798019135e+00
5.870841566015159607e+00
5.768716294443274606e+00
5.666469553127930325e+00
5.564094800840050148e+00
5.461580928083246356e+00
5.358912930664766705e+00
5.256072364050497825e+00
5.153039867856495704e+00
5.049795257613761912e+00
4.946318315307887126e+00
4.842587322779645653e+00
4.738578864139658897e+00
4.634266392493174180e+00
4.529620124803011905e+00
4.424606055023267537e+00
4.319185522376579378e+00
4.213313971106631861e+00
4.106939150735900768e+00
4.000000000000000000e+00
