6.074877333942080071e+00
5.972998476047668426e+00
5.871010046444983033e+00
5.768902820673535992e+00
5.666667284353460232e+00
5.564292823679770628e+00
5.461768165131503316e+00
5.359080653378737402e+00
5.256216671596624757e+00
5.153160755954627525e+00
5.049896061664070679e+00
4.946403321282351939e+00
4.842661321503003435e+00
4.738645627378530456e+00
4.634329021401427440e+00
4.529679942675764792e+00
4.424662911014753952e+00
4.319236661316437242e+00
4.213354581571977064e+00
4.106962391524043632e+00
4.000000000000000000e+00
