6.079505696091202616e+00
5.977630779062989674e+00
5.875649120719076635e+00
5.773554099860691124e+00
5.671332922139765031e+00
5.568958132613056833e+00
5.466379263102044916e+00
5.363527044856250647e+00
5.260332466718996791e+00
5.156751348131385804e+00
5.052790232524788649e+00
4.948517953804515201e+00
4.844041517775302452e+00
4.739442846494406503e+00
4.634730964678026588e+00
4.529848147476125853e+00
4.424708821930000369e+00
4.319227636559539008e+00
4.213329023257201378e+00
4.106942850223319397e+00
4.000000000000000000e+00
