2.000000000297263725e+01
2.011610695236787905e+01
2.007647508015712390e+01
2.007173589911009515e+01
1.999876403889064136e+01
1.997476981545383623e+01
1.992169292405474224e+01
1.992899302724635646e+01
1.991737585047012971e+01
1.994750974489220852e+01
1.995121233087445489e+01
1.997880121596046266e+01
1.998005928988334290e+01
1.999826819527649846e+01
1.999530939895298332e+01
2.000591440978058344e+01
1.999948829553358820e+01
2.000433975933539443e+01
1.999668658005273159e+01
2.000261289996440439e+01
2.000010375572310295e+01
