1.214980100000000007e+01
1.213666295444114063e+01
1.212351771861230532e+01
1.211036369856549655e+01
1.209719983146986166e+01
1.208402527687875327e+01
1.207083937023652531e+01
1.205764157231143940e+01
1.204443142417756363e+01
1.203120853117690636e+01
1.201797255324389369e+01
1.200472319853287573e+01
1.199146022095689545e+01
1.197818342056399921e+01
1.196489265483745790e+01
1.195158782639476946e+01
1.193826887141940141e+01
1.192493576972909430e+01
1.191158854226355679e+01
1.189822724777830665e+01
1.188485197890041078e+01
1.187146286359246972e+01
1.185806006196376039e+01
1.184464374879356896e+01
1.183121410772776194e+01
1.181777133415542025e+01
1.180431563132228590e+01
1.179084720682205045e+01
1.177736626946923693e+01
1.176387303855069533e+01
1.175036773094562470e+01
1.173685054570628772e+01
1.172332167284407944e+01
1.170978129328091022e+01
1.169622957766812021e+01
1.168266668543214593e+01
1.166909276940305418e+01
1.165550797828345786e+01
1.164191244248885404e+01
1.162830627079091883e+01
1.161468955847517748e+01
1.160106238726474359e+01
1.158742482533171447e+01
1.157377692738770314e+01
1.156011874802786821e+01
1.154645032984559272e+01
1.153277168953835741e+01
1.151908283032001634e+01
1.150538374324670166e+01
1.149167440759434733e+01
1.147795479125742979e+01
1.146422485859065787e+01
1.145048457060048008e+01
1.143673387088441729e+01
1.142297268632276541e+01
1.140920093461067353e+01
1.139541852471531946e+01
1.138162535733760627e+01
1.136782132735460493e+01
1.135400633528613490e+01
1.134018027289883612e+01
1.132634301266047139e+01
1.131249442107618819e+01
1.129863435914546343e+01
1.128476268281606743e+01
1.127087924343875258e+01
1.125698390050312625e+01
1.124307651300011202e+01
1.122915692450470715e+01
1.121522497270003704e+01
1.120128049288880945e+01
1.118732331841809291e+01
1.117335328109417780e+01
1.115937021969801357e+01
1.114537398009035130e+01
1.113136439980396197e+01
1.111734130870597781e+01
1.110330453703683951e+01
1.108925391574898711e+01
1.107518927682884069e+01
1.106111045811042537e+01
1.104701731094451489e+01
1.103290968419967122e+01
1.101878741712326359e+01
1.100465035131987257e+01
1.099049833095294915e+01
1.097633120292817743e+01
1.096214881864885804e+01
1.094795104790949303e+01
1.093373776223555893e+01
1.091950882123494715e+01
1.090526408787507151e+01
1.089100342855002701e+01
1.087672671312933659e+01
1.086243381499178007e+01
1.084812462801676602e+01
1.083379905033051216e+01
1.081945696679568769e+01
1.080509826525891803e+01
1.079072283706866919e+01
1.077633057704865038e+01
1.076192138346216787e+01
1.074749517431523671e+01
1.073305187292775820e+01
1.071859138977125880e+01
1.070411363681708927e+01
1.068961852927133371e+01
1.067510598553180579e+01
1.066057592715329783e+01
1.064602829558049102e+01
1.063146303755040734e+01
1.061688008629893432e+01
1.060227937612289217e+01
1.058766084438372346e+01
1.057302443151027482e+01
1.055837008100769658e+01
1.054369775781510832e+01
1.052900743130384775e+01
1.051429905586156011e+01
1.049957258797608972e+01
1.048482798739493305e+01
1.047006521718403782e+01
1.045528424484238705e+01
1.044048506049061587e+01
1.042566765697441156e+01
1.041083201184156337e+01
1.039597810638564646e+01
1.038110592574055957e+01
1.036621545898199059e+01
1.035130670374040740e+01
1.033637967819780634e+01
1.032143440050497318e+01
1.030647087699144926e+01
1.029148911846499104e+01
1.027648914031718519e+01
1.026147096262645775e+01
1.024643461970267211e+01
1.023138016295780517e+01
1.021630763956392052e+01
1.020121708972983576e+01
1.018610855879707344e+01
1.017098209732736258e+01
1.015583776116605641e+01
1.014067562737294637e+01
1.012549578492010305e+01
1.011029831255807210e+01
1.009508328817461553e+01
1.007985079514110360e+01
1.006460092234723547e+01
1.004933376513451293e+01
1.003404944648983488e+01
1.001874809421178547e+01
1.000342981978635315e+01
9.988094740198359744e+00
9.972742977938350961e+00
9.957374661057746934e+00
9.941989932876426295e+00
9.926588956187796242e+00
9.911171889647572897e+00
9.895738883583959478e+00
9.880290093743074209e+00
9.864825681260899870e+00
9.849345812674913603e+00
9.833850680150142409e+00
9.818340485613415325e+00
9.802815416412178351e+00
9.787275661200744992e+00
9.771721414143257789e+00
9.756152874966080191e+00
9.740570256143243455e+00
9.724973793718298509e+00
9.709363722438155264e+00
9.693740264141739615e+00
