4.319682000000000244e+00
4.308931597186504092e+00
4.298177681472615141e+00
4.287418469065265469e+00
4.276652985326179213e+00
4.265880764176953832e+00
4.255101655914420355e+00
4.244315698569778306e+00
4.233523031286056337e+00
4.222723850405613710e+00
4.211918378455807854e+00
4.201106842311100209e+00
4.190289456933224521e+00
4.179466413302929340e+00
4.168637869858199174e+00
4.157803950144977279e+00
4.146964741241625063e+00
4.136120284237978950e+00
4.125270573923915940e+00
4.114415567031263876e+00
4.103555186600202909e+00
4.092689327539638988e+00
4.081817862896334859e+00
4.070940650336967614e+00
4.060057539146373351e+00
4.049168384339653315e+00
4.038273043546435126e+00
4.027371374176531127e+00
4.016463245991821474e+00
4.005548544591992943e+00
3.994627174132780123e+00
3.983699058992887121e+00
3.972764144654348240e+00
3.961822397947022623e+00
3.950873813566986748e+00
3.939918408309283304e+00
3.928956210237402047e+00
3.917987261457894554e+00
3.907011618176690071e+00
3.896029348269718362e+00
3.885040528822842898e+00
3.874045243674512751e+00
3.863043580980869418e+00
3.852035635737105057e+00
3.841021507553346481e+00
3.830001289132630937e+00
3.818975064576469514e+00
3.807942912540693392e+00
3.796904904993152030e+00
3.785861106192373704e+00
3.774811571793144971e+00
3.763756348233235904e+00
3.752695475402261227e+00
3.741628990269558308e+00
3.730556916835310766e+00
3.719479262276314646e+00
3.708396023976692657e+00
3.697307189742678801e+00
3.686212738123119781e+00
3.675112638793553543e+00
3.664006852963563432e+00
3.652895335337572824e+00
3.641778041895682438e+00
3.630654920147271980e+00
3.619525902340364532e+00
3.608390914695887020e+00
3.597249877942013452e+00
3.586102707845106874e+00
3.574949315685427731e+00
3.563789608771744000e+00
3.552623491344164997e+00
3.541450875008376187e+00
3.530271668611668634e+00
3.519085768790855440e+00
3.507893070688889559e+00
3.496693468408319294e+00
3.485486855464880129e+00
3.474273125220746383e+00
3.463052171318233619e+00
3.451823888115926220e+00
3.440588181786290889e+00
3.429344960383143182e+00
3.418094123164221454e+00
3.406835571218447267e+00
3.395569208073197842e+00
3.384294939977910310e+00
3.373012676197530535e+00
3.361722329222875949e+00
3.350423814945736822e+00
3.339117063881147374e+00
3.327802010847913383e+00
3.316478583541871306e+00
3.305146713052164564e+00
3.293806334409576042e+00
3.282457386629723750e+00
3.271099812663085693e+00
3.259733559342280707e+00
3.248358577466515573e+00
3.236974833543822427e+00
3.225582297709163715e+00
3.214180931798140239e+00
3.202770701052624958e+00
3.191351573893446592e+00
3.179923521737506587e+00
3.168486518861157286e+00
3.157040542196266397e+00
3.145585572548201370e+00
3.134121604020593477e+00
3.122648631374250083e+00
3.111166640159327201e+00
3.099675617444172193e+00
3.088175551609877889e+00
3.076666432157286746e+00
3.065148249485076803e+00
3.053620994636018438e+00
3.042084662919725790e+00
3.030539259274848796e+00
3.018984785043212771e+00
3.007421232230893526e+00
2.995848592569677393e+00
2.984266857342641188e+00
2.972676017178582430e+00
2.961076061955290495e+00
2.949466980688330242e+00
2.937848768509319974e+00
2.926221425979871338e+00
2.914584945410914951e+00
2.902939311317723536e+00
2.891284506784661978e+00
2.879620513326934805e+00
2.867947310805428085e+00
2.856264877468229102e+00
2.844573189819920245e+00
2.832872234132953526e+00
2.821161997618293782e+00
2.809442454130905098e+00
2.797713572956646022e+00
2.785975321536511284e+00
2.774227665363286910e+00
2.762470567840709545e+00
2.750703990343474459e+00
2.738927894752116288e+00
2.727142253371205971e+00
2.715347034112445712e+00
2.703542190503654297e+00
2.691727674068142839e+00
2.679903434364050430e+00
2.668069418792300862e+00
2.656225572745091412e+00
2.644371839743090202e+00
2.632508170311518736e+00
2.620634519459621004e+00
2.608750831348222832e+00
2.596857041794240928e+00
2.584953084765715836e+00
2.573038892269534639e+00
2.561114394330985089e+00
2.549179519536963312e+00
2.537234195381481872e+00
2.525278362310200198e+00
2.513311958535547230e+00
2.501334906046511986e+00
2.489347125195629395e+00
2.477348533945392894e+00
2.465339048665616595e+00
2.453318584235308020e+00
2.441287053604462187e+00
2.429244378675125660e+00
2.417190487429768275e+00
2.405125296238567412e+00
2.393048712293573299e+00
2.380960636552268639e+00
2.368860947557862584e+00
