2.866829000000000072e+00
2.856659035384145007e+00
2.846483428266989524e+00
2.836302605631983553e+00
2.826116794521600362e+00
2.815926146596670954e+00
2.805730815374864129e+00
2.795530975100466886e+00
2.785326812450870992e+00
2.775118508644270676e+00
2.764906221985230506e+00
2.754690073964854768e+00
2.744470141320187739e+00
2.734246457858068968e+00
2.724019014238530545e+00
2.713787756800810858e+00
2.703552597138429103e+00
2.693313422869930474e+00
2.683070106355466500e+00
2.672822512612073709e+00
2.662570506201714871e+00
2.652313956888231683e+00
2.642052743785969326e+00
2.631786763308891608e+00
2.621515927215483099e+00
2.611240156134004842e+00
2.600959382647004769e+00
2.590673552019060466e+00
2.580382620766081381e+00
2.570086554973666004e+00
2.559785328509355473e+00
2.549478921292199995e+00
2.539167317707639704e+00
2.528850511641272281e+00
2.518528499813611710e+00
2.508201273574213630e+00
2.497868823760424295e+00
2.487531141165045590e+00
2.477188216326096093e+00
2.466840039511577931e+00
2.456486600848733381e+00
2.446127890566858643e+00
2.435763899786182130e+00
2.425394627535129022e+00
2.415020073567871073e+00
2.404640232049252813e+00
2.394255098951791894e+00
2.383864672335032076e+00
2.373468952555437106e+00
2.363067942426501311e+00
2.352661647331557138e+00
2.342250075257785280e+00
2.331833239088243026e+00
2.321411159847353467e+00
2.310983858702973404e+00
2.300551353499016738e+00
2.290113664128744730e+00
2.279670812323426166e+00
2.269222821415455282e+00
2.258769716074881639e+00
2.248311522038755061e+00
2.237848265841275719e+00
2.227379979233596430e+00
2.216906697757024425e+00
2.206428452235652760e+00
2.195945269623988949e+00
2.185457176219416819e+00
2.174964197356596518e+00
2.164466357126130891e+00
2.153963678090451861e+00
2.143456180984768977e+00
2.132943884431521830e+00
2.122426812320751033e+00
2.111904986848529564e+00
2.101378419703907596e+00
2.090847118509918001e+00
2.080311087495829270e+00
2.069770327279098598e+00
2.059224834662070514e+00
2.048674602457032812e+00
2.038119619346831168e+00
2.027559872052018264e+00
2.016995349511596647e+00
2.006426034011552506e+00
1.995851896874544451e+00
1.985272904971420171e+00
1.974689020751499324e+00
1.964100202321310995e+00
1.953506403541627190e+00
1.942907574155045225e+00
1.932303659964929476e+00
1.921694609149940502e+00
1.911080369489419173e+00
1.900460879456867813e+00
1.889836071488184999e+00
1.879205875337764065e+00
1.868570218399469463e+00
1.857929026030618269e+00
1.847282221911371369e+00
1.836629728396449668e+00
1.825971468009419230e+00
1.815307371115074453e+00
1.804637366816084887e+00
1.793961376031505628e+00
1.783279320190499506e+00
1.772591121601792441e+00
1.761896703811429266e+00
1.751195991930971863e+00
1.740488912956876355e+00
1.729775396059575643e+00
1.719055379076056544e+00
1.708328806441900438e+00
1.697595619462566319e+00
1.686855758918205606e+00
1.676109169021842815e+00
1.665355797561110407e+00
1.654595596056896767e+00
1.643828519894994011e+00
1.633054528432793306e+00
1.622273586896323172e+00
1.611485673197834423e+00
1.600690767613369481e+00
1.589888846023203017e+00
1.579079888405453103e+00
1.568263878792111710e+00
1.557440805165033693e+00
1.546610659387000597e+00
1.535773437076459524e+00
1.524929137432700976e+00
1.514077771744431367e+00
1.503219356977615995e+00
1.492353904662119035e+00
1.481481426984730509e+00
1.470601938847448276e+00
1.459715457614929601e+00
1.448822002810289833e+00
1.437921595855033319e+00
1.427014259898566451e+00
1.416100024714158634e+00
1.405178927418648138e+00
1.394251000917889893e+00
1.383316272620685794e+00
1.372374770285344603e+00
1.361426521714331761e+00
1.350471554576465616e+00
1.339509895977715859e+00
1.328541572321596531e+00
1.317566611139056265e+00
1.306585048434945051e+00
1.295596916842533419e+00
1.284602237564044902e+00
1.273601030062214035e+00
1.262593311731813550e+00
1.251579097619435421e+00
1.240558400521599047e+00
1.229531230643901463e+00
1.218497595507496811e+00
1.207457511648541315e+00
1.196410993387962085e+00
1.185358040247639133e+00
1.174298648226347108e+00
1.163232810470816059e+00
1.152160516657727340e+00
1.141081753530073017e+00
1.129996504665951029e+00
1.118904750525218539e+00
1.107806478441465625e+00
1.096701675631585271e+00
1.085590316894018859e+00
1.074472371174800100e+00
1.063347804782358574e+00
1.052216582951207569e+00
1.041078676813732118e+00
