1.748903089453206121e+04
1.749180427568925006e+04
1.749886262028988131e+04
1.750854635644009250e+04
1.751948814744512856e+04
1.753067985761036834e+04
1.754141405143991506e+04
1.755124710465224416e+04
1.755994506457621901e+04
1.756743456888601577e+04
1.757375276479063905e+04
1.757900840991508448e+04
1.758335015301072053e+04
1.758694063383369212e+04
1.758994037130007200e+04
1.759249607927140823e+04
1.759473347673222816e+04
1.759675395828471301e+04
1.759863367017385099e+04
1.760042428437140552e+04
1.760215522639709161e+04
1.760383595012247315e+04
1.760546006240426141e+04
1.760700840298707044e+04
1.760845220916851395e+04
1.760975699790322324e+04
1.761088543242117521e+04
1.761179971499799649e+04
1.761246400773971618e+04
1.761284609726570488e+04
1.761291861059792427e+04
1.761265981156688940e+04
1.761205412621223513e+04
1.761109211307447185e+04
1.760977017653137227e+04
1.760809014079962435e+04
1.760605860449066313e+04
1.760368607235009404e+04
1.760098624964445844e+04
1.759797513615175194e+04
1.759467025746653599e+04
1.759108999880855117e+04
1.758725289924496974e+04
1.758317713283998091e+04
1.757888019970581081e+04
1.757437850511238867e+04
1.756968721287307926e+04
1.756482022324817444e+04
1.755979001639443959e+04
1.755460779404989444e+04
1.754928367022841121e+04
1.754382668977716821e+04
1.753824501767446418e+04
1.753254630705822274e+04
1.752673775535912137e+04
1.752082623632933246e+04
1.751481864931287419e+04
1.750872204473178863e+04
1.750254361257703931e+04
1.749629094229746624e+04
1.748997213626586017e+04
1.748359574055057601e+04
1.747717087636304859e+04
1.747070729859829225e+04
1.746421529575778550e+04
1.745770572220936083e+04
1.745118998549530079e+04
1.744467994603670013e+04
1.743818791174477883e+04
1.743172653511047611e+04
1.742530873262988098e+04
1.741894765979667136e+04
1.741265659376297845e+04
1.740644878714358856e+04
1.740033747587985272e+04
1.739433579692115381e+04
1.738845656365781906e+04
1.738271230214404568e+04
1.737711520998684136e+04
1.737167691615544391e+04
1.736640847715867130e+04
1.736132042604816525e+04
1.735642250574851278e+04
1.735172362425985193e+04
1.734723198442785724e+04
1.734295484060816307e+04
1.733889843560923691e+04
1.733506812999102476e+04
1.733146823196141850e+04
1.732810199894664765e+04
1.732497161381904880e+04
1.732207823219438797e+04
1.731942187761121750e+04
1.731700155595258184e+04
1.731481521113058989e+04
1.731285972957770355e+04
1.731113106447486280e+04
1.730962417751028624e+04
1.730833308568044231e+04
1.730725104020389335e+04
1.730637041840534221e+04
1.730568283246837382e+04
1.730517934081044223e+04
1.730485034611530136e+04
1.730468569779322570e+04
1.730467483838485350e+04
1.730480688566436220e+04
1.730507053536669628e+04
1.730545436606989097e+04
1.730594685832177493e+04
1.730653631380169463e+04
1.730721101186298620e+04
1.730795940345207418e+04
1.730877003741669978e+04
1.730963146851939018e+04
1.731053276974870823e+04
1.731146312076711547e+04
1.731241201966898370e+04
1.731336930362811108e+04
1.731432523365471934e+04
1.731527055849708267e+04
1.731619624966309493e+04
1.731709382192368503e+04
1.731795517580462911e+04
1.731877280252854325e+04
1.731953935469390126e+04
1.732024813360197368e+04
1.732089272534984048e+04
1.732146717772282864e+04
1.732196555156930117e+04
1.732238273245291202e+04
1.732271348681928794e+04
1.732295306239991260e+04
1.732309684882303191e+04
1.732314056328430524e+04
1.732307972693014381e+04
1.732291040781434640e+04
1.732262853431203257e+04
1.732222989324771697e+04
1.732171052752335891e+04
1.732106637534236870e+04
1.732029320072999326e+04
1.731938677859296513e+04
1.731834263636646574e+04
1.731715647446779985e+04
1.731582344329372791e+04
1.731433873303728615e+04
1.731269684879243505e+04
1.731089258162970873e+04
1.730892000768173239e+04
1.730677330667596107e+04
1.730444638930172732e+04
1.730193230847917221e+04
1.729922506324509231e+04
1.729631694225584215e+04
1.729320091159663571e+04
1.728986953459449433e+04
1.728631439230767865e+04
1.728252800933273102e+04
1.727850179014596870e+04
1.727422733630629591e+04
1.726969566619263787e+04
1.726489786479873510e+04
1.725982552474784825e+04
1.725446876824982246e+04
1.724881875940918326e+04
1.724286580437395969e+04
1.723660052120663022e+04
1.723001430753411478e+04
1.722309687774157283e+04
1.721584013906444670e+04
1.720824245399102801e+04
1.720032500492044710e+04
