2.000000000301646708e+01
1.999835049456147473e+01
1.999850635563963053e+01
1.999850157623572144e+01
1.999851012290352159e+01
1.999851696296235914e+01
1.999852440010972643e+01
1.999853248883716361e+01
1.999854133269176160e+01
1.999855093990376176e+01
1.999856126966682623e+01
1.999857224241359077e+01
1.999858374924652793e+01
1.999859566168880676e+01
1.999860784398890345e+01
1.999862016932229380e+01
1.999863254104990773e+01
1.999864492024294194e+01
1.999865736071361866e+01
1.999867005288345823e+01
1.999868337786902828e+01
1.999869797311811226e+01
1.999871481084307234e+01
1.999873529018707430e+01
1.999876134372984637e+01
1.999879555816692545e+01
1.999884130879623356e+01
1.999890290492698952e+01
1.999898574699879106e+01
1.999909648158701003e+01
1.999924317773010074e+01
1.999943543976691629e+01
1.999968466551662161e+01
2.000000386442404832e+01
2.000040852771858724e+01
2.000091468670325412e+01
2.000154306563782214e+01
2.000230528341198166e+01
2.000319512585751980e+01
2.000391523331909127e+01
2.000223707412897056e+01
