6.074758747514891866e+00
6.023832789690986900e+00
5.972880369003205736e+00
5.921900425287289771e+00
5.870891927558311352e+00
5.819853787131667566e+00
5.768784863809686136e+00
5.717683961814146620e+00
5.666549826634831533e+00
5.615381141476787796e+00
5.564176523461883406e+00
5.512934519545739320e+00
5.461653602129318053e+00
5.410332164338477412e+00
5.358968514942051620e+00
5.307560872875754399e+00
5.256107361335646821e+00
5.204606001400958526e+00
5.153054705141626890e+00
5.101451268160937857e+00
5.049793361518031709e+00
4.998078522968691928e+00
4.946304147455658828e+00
4.894467476771536596e+00
4.842565588308112901e+00
4.790595382795347135e+00
4.738553570921238745e+00
4.686436658710049663e+00
4.634240931520662521e+00
4.581962436509101622e+00
4.529596963379374230e+00
4.477140023226389154e+00
4.424586825254841926e+00
4.371932251163772598e+00
4.319170826998438351e+00
4.266296692686168512e+00
4.213303569426074979e+00
4.160184731647134981e+00
4.106932981286242068e+00
4.053540731885274973e+00
4.000000000000000000e+00
