6.074757376672267561e+00
6.023831418096603052e+00
5.972878996668381291e+00
5.921899052205152003e+00
5.870890553730133021e+00
5.819852412565784228e+00
5.768783488523689940e+00
5.717682585837122744e+00
5.666548450010046700e+00
5.615379764264837092e+00
5.564175145744386874e+00
5.512933141429712691e+00
5.461652223752379243e+00
5.410330785875100190e+00
5.358967136611144433e+00
5.307559494949922296e+00
5.256105984152593003e+00
5.204604625377612592e+00
5.153053330791741438e+00
5.101449896117077110e+00
5.049791992559119258e+00
4.998077158054563540e+00
4.946302787770387788e+00
4.894466123777717392e+00
4.842564243814742930e+00
4.790594049042505631e+00
4.738552250685404310e+00
4.686435355434636740e+00
4.634239649477204459e+00
4.581961180995439697e+00
4.529595740962198747e+00
4.477138842036352706e+00
4.424585695342899250e+00
4.371931184926307168e+00
4.319169839673748790e+00
4.266295802907867696e+00
4.213302799776448282e+00
4.160184109008944198e+00
4.106932536515393473e+00
4.053540496977416474e+00
4.000000000000000000e+00
