6.080221847605702834e+00
6.029298584905784075e+00
5.978348683825054799e+00
5.927370803424923729e+00
5.876363569259503983e+00
5.825325410227887524e+00
5.774254547256184367e+00
5.723148970651902090e+00
5.672006426986567540e+00
5.620824416000332668e+00
5.569600199706811416e+00
5.518330824640268695e+00
5.467013157169380300e+00
5.415643930751490309e+00
5.364219803062679759e+00
5.312737420164815205e+00
5.261193484281204036e+00
5.209584821342471805e+00
5.157908444223051170e+00
5.106161607515828038e+00
5.054341849806616160e+00
5.002447019746973922e+00
4.950475282825641088e+00
4.898425106635699855e+00
4.846295223623891424e+00
4.794084571737241340e+00
4.741792214938158168e+00
4.689417247077690476e+00
4.636958683902721035e+00
4.584415348837024062e+00
4.531785758474717873e+00
4.479068013388026515e+00
4.426259698897700545e+00
4.373357798883278136e+00
4.320358623526038500e+00
4.267257747389846756e+00
4.214049946460773910e+00
4.160729082645428178e+00
4.107287818991880890e+00
4.053716485197059072e+00
4.000000000000000000e+00
