6.077395754080825441e+00
6.026471219267239832e+00
5.975520260263217587e+00
5.924541823529548168e+00
5.873534869429203553e+00
5.822498296511925631e+00
5.771430944267320839e+00
5.720331586638077503e+00
5.669198925692661817e+00
5.618031584292014990e+00
5.566828097853597335e+00
5.515586905181105060e+00
5.464306338379639527e+00
5.412984611912143862e+00
5.361619810894297622e+00
5.310209878765493663e+00
5.258752604509916218e+00
5.207245609630511751e+00
5.155686335096804740e+00
5.104072028492681490e+00
5.052399731581147080e+00
5.000666268479503351e+00
4.948868234601252247e+00
4.897001986472279356e+00
4.845063632470900217e+00
4.793049024477057607e+00
4.740953750347886242e+00
4.688773127067386248e+00
4.636502194348481432e+00
4.584135708397320208e+00
4.531668135482163073e+00
4.479093644886412484e+00
4.426406100767951379e+00
4.373599052485634964e+00
4.320665723081878795e+00
4.267598997487440649e+00
4.214391414382586021e+00
4.161035197627708904e+00
4.107522382657563753e+00
4.053845614599295821e+00
4.000000000000000000e+00
