1.999999997782420635e+01
1.999865243890404898e+01
1.999906204784649688e+01
1.999951832983960287e+01
2.000030853797887787e+01
2.000154105374891600e+01
2.000337829511146381e+01
2.000601360129540751e+01
2.000967566206797699e+01
2.001462722162501251e+01
2.002116171974428482e+01
2.002959715334537094e+01
2.004026713686833006e+01
2.005350930390680020e+01
2.006965144514269284e+01
2.008899600977000333e+01
2.011180378830934856e+01
2.013827771820840340e+01
2.016854779422454769e+01
2.020265801882964141e+01
2.024055620128646638e+01
2.028208722511704210e+01
2.032699017652733886e+01
2.037489948727442268e+01
2.042535001874973943e+01
2.047778581863952141e+01
2.053157212922484831e+01
2.058601012164891131e+01
2.064035377217310696e+01
2.069382827977251793e+01
2.074564945173172248e+01
2.079504355202422516e+01
2.084126732469958654e+01
2.088362810129217451e+01
2.092150549152008310e+01
2.095437417944039638e+01
2.098184270060543355e+01
2.100365533571251575e+01
2.101979458138127299e+01
2.102945999603578642e+01
2.103095439575736236e+01
