6.079390729649414737e+00
6.028467148223533911e+00
5.977517097143592473e+00
5.926539189627312076e+00
5.875531873742485978e+00
5.824493126208872162e+00
5.773420299816271140e+00
5.722309970679939184e+00
5.671157844691740557e+00
5.619958762680581366e+00
5.568706832223131009e+00
5.517395692909787819e+00
5.466018900769485711e+00
5.414570401783492137e+00
5.363045054924183042e+00
5.311439158698327390e+00
5.259750927237139884e+00
5.207980850308168819e+00
5.156131859188502808e+00
5.104209216687340067e+00
5.052220069061106322e+00
5.000172652107218951e+00
4.948075231083639558e+00
4.895934948198875425e+00
4.843756807488329486e+00
4.791543006656894477e+00
4.739292727364261992e+00
4.687002362075222806e+00
4.634666047219150542e+00
4.582276328145021616e+00
4.529824801035807980e+00
4.477302632606611432e+00
4.424700918212601586e+00
4.372010883426494132e+00
4.319223957869223973e+00
4.266331757662004343e+00
4.213326009179745313e+00
4.160198441999312990e+00
4.106940669672852984e+00
4.053544099943003687e+00
4.000000000000000000e+00
