6.080548218040564556e+00
6.029625276521640487e+00
5.978676024146968970e+00
5.927699384484414580e+00
5.876694326659983147e+00
5.825659759763865964e+00
5.774594537561545948e+00
5.723497451612526099e+00
5.672367222901531392e+00
5.621202490116295358e+00
5.570001793780466670e+00
5.518763555326104964e+00
5.467486050370821360e+00
5.416167375853428112e+00
5.364805411316951655e+00
5.313397775476095930e+00
5.261941780171343730e+00
5.210434384739323299e+00
5.158872154536911836e+00
5.107251227682693795e+00
5.055567293931968464e+00
5.003815588991971097e+00
4.951990906628310540e+00
4.900087629798017375e+00
4.848099780968089689e+00
4.796021090892351957e+00
4.743845084485945662e+00
4.691565182010999813e+00
4.639174813437426437e+00
4.586667543361055976e+00
4.534037203057661003e+00
4.481278024864022491e+00
4.428384772143701298e+00
4.375352855344599057e+00
4.322178421736309950e+00
4.268858403848632577e+00
4.215390505757586226e+00
4.161773112054582668e+00
4.108004982645733882e+00
4.054084135923007537e+00
4.000000000000000000e+00
