6.079563059432259386e+00
6.028639597991273469e+00
5.977689783521727307e+00
5.926712567399557763e+00
5.875706920069584172e+00
5.824671754552244174e+00
5.773605929617769306e+00
5.722508245110868863e+00
5.671377436748344714e+00
5.620212169098602217e+00
5.569011026197778769e+00
5.517772499088041016e+00
5.466494969542694982e+00
5.415176689298393242e+00
5.363815754297744931e+00
5.312410073784507247e+00
5.260957334593546975e+00
5.209454961608058987e+00
5.157900076046273874e+00
5.106289453885378471e+00
5.054619487215145313e+00
5.002886151537017767e+00
4.951084981930002904e+00
4.899211060600030088e+00
4.847259017685968452e+00
4.795223046430274749e+00
4.743096933065066523e+00
4.690874101122524564e+00
4.638547669408935370e+00
4.586110522578255022e+00
4.533555393037000947e+00
4.480874952692775359e+00
4.428061912685221202e+00
4.375109128559205196e+00
4.322009707231015518e+00
4.268757110446216529e+00
4.215345246744810481e+00
4.161768538281198637e+00
4.108021922486427613e+00
4.054100653143519750e+00
4.000000000000000000e+00
