6.078938168953260224e+00
6.028014378059235234e+00
5.977064209760762914e+00
5.926086625959863241e+00
5.875080597917464509e+00
5.824045040634381998e+00
5.772978815148528398e+00
5.721880724328537227e+00
5.670749508494597357e+00
5.619583839816126414e+00
5.568382315065570687e+00
5.517143446144458174e+00
5.465865647743779476e+00
5.414547221482810535e+00
5.363186335927071724e+00
5.311781002046324751e+00
5.260329043959492523e+00
5.208828065228491511e+00
5.157275411483402294e+00
5.105668130732842869e+00
5.054002933256021457e+00
5.002276153395658120e+00
4.950483715792239003e+00
4.898621108569966687e+00
4.846683365700241275e+00
4.794665060276781965e+00
4.742560309823324438e+00
4.690362794123254631e+00
4.638065785500671723e+00
4.585662191059030945e+00
4.533144606094600348e+00
4.480505377751728524e+00
4.427736677802190712e+00
4.374830583331221767e+00
4.321779163518539413e+00
4.268574570212604335e+00
4.215209129048149705e+00
4.161675421735362868e+00
4.107966372607764427e+00
4.054075456135185718e+00
4.000000000000000000e+00
