6.076957515816970634e+00
6.026032687881511585e+00
5.975081421040131957e+00
5.924102684419575660e+00
5.873095449127625045e+00
5.822058632429545355e+00
5.770991099276917780e+00
5.719891658355208186e+00
5.668759058357654368e+00
5.617591983854303805e+00
5.566389050705757846e+00
5.515148800836502829e+00
5.463869696119866504e+00
5.412550111055685953e+00
5.361188323857557059e+00
5.309782505515991069e+00
5.258330706377174479e+00
5.206830839786348974e+00
5.155280662402743630e+00
5.103677750910212474e+00
5.052019475029585038e+00
5.000302966981640118e+00
4.948525087838390846e+00
4.896682391507816590e+00
4.844771087386450681e+00
4.792787002944677965e+00
4.740725547643851456e+00
4.688581679598942564e+00
4.636349876284563187e+00
4.584024110362961757e+00
4.531597831385796304e+00
4.479063953833278156e+00
4.426414851476464740e+00
4.373642358127235674e+00
4.320737773787967306e+00
4.267691876924271988e+00
4.214494941205234824e+00
4.161136762521634225e+00
4.107606778999147501e+00
4.053894909508312772e+00
4.000000000000000000e+00
