6.075227302776733396e+00
6.024301584756122985e+00
5.973349403604469643e+00
5.922369705699210840e+00
5.871361458893319174e+00
5.820323575776821912e+00
5.769254917565596052e+00
5.718154290411392893e+00
5.667020442163649641e+00
5.615852058758330045e+00
5.564647760299116008e+00
5.513406096793437960e+00
5.462125543510726544e+00
5.410804495921735402e+00
5.359441264166184382e+00
5.308034066978932763e+00
5.256581024982002859e+00
5.205080153221219419e+00
5.153529352792936002e+00
5.101926401370000974e+00
5.050268942399287475e+00
4.998554472708987895e+00
4.946780328236282998e+00
4.894943667569108037e+00
4.843041452993665175e+00
4.791070428755737076e+00
4.739027096280825191e+00
4.686907686156857267e+00
4.634708126759235824e+00
4.582424009492729766e+00
4.530050550710559953e+00
4.477582550492929414e+00
4.425014348456527635e+00
4.372339777043374731e+00
4.319552112154388723e+00
4.266644022547985138e+00
4.213607516514803919e+00
4.160433896941388099e+00
4.107113769094889122e+00
4.053637549882167512e+00
4.000000000000000000e+00
