6.074797987239623609e+00
6.023872055228579825e+00
5.972919666143955197e+00
5.921939754049398985e+00
5.870931286750722400e+00
5.819893175253778139e+00
5.768824278846462761e+00
5.717723401309710241e+00
5.666589287745160242e+00
5.615420621064393991e+00
5.564216018229009464e+00
5.512974026209083611e+00
5.461693117634411010e+00
5.410371686107808387e+00
5.359008041146205770e+00
5.307600402711297072e+00
5.256146895287218790e+00
5.204645541457834312e+00
5.153094254930520535e+00
5.101490832946610432e+00
5.049832948010511302e+00
4.998118138859567239e+00
4.946343800584601880e+00
4.894507173796359467e+00
4.842605332715451461e+00
4.790635172042700063e+00
4.738593392442866481e+00
4.686476484447948287e+00
4.634280710556151206e+00
4.582002085271734693e+00
4.529636352793919407e+00
4.477178962037318577e+00
4.424625038605028315e+00
4.371969353371491174e+00
4.319206287110779030e+00
4.266329791085595069e+00
4.213333342465936937e+00
4.160209897557841430e+00
4.106951851221986693e+00
4.053551109307566236e+00
4.000000000000000000e+00
