6.074765575053445943e+00
6.023839627573336131e+00
5.972887224808554052e+00
5.921907299609002528e+00
5.870898820114453187e+00
5.819860697511463066e+00
5.768791791240603928e+00
5.717690905168866244e+00
5.666556784392531299e+00
5.615388111699405549e+00
5.564183503782887286e+00
5.512941507177701261e+00
5.461660593894930749e+00
5.410339156729353505e+00
5.358975504208763674e+00
5.307567855151215319e+00
5.256114332792045651e+00
5.204612958438014303e+00
5.153061644600865243e+00
5.101458187556983326e+00
5.049800259273502512e+00
4.998085398634035670e+00
4.946311001889014847e+00
4.894474312246193115e+00
4.842572408505908754e+00
4.790602192632962719e+00
4.738560376141982111e+00
4.686443465155733179e+00
4.634247743975110190e+00
4.581969256976396565e+00
4.529603788621479943e+00
4.477146841340940320e+00
4.424593610995549042e+00
4.371938959628212551e+00
4.319177385042826778e+00
4.266302987036169725e+00
4.213309429306233866e+00
4.160189898490203042e+00
4.106937062792941795e+00
4.053543081038130325e+00
4.000000000000000000e+00
