6.074757216311030383e+00
6.023831264990297640e+00
5.972878859130656970e+00
5.921898931365007002e+00
5.870890450104218949e+00
5.819852326814683785e+00
5.768783421270518907e+00
5.717682537720582658e+00
5.666548421685522641e+00
5.615379756409736522e+00
5.564175159061159448e+00
5.512933176648364686e+00
5.461652281632544792e+00
5.410330867207695960e+00
5.358967242219535798e+00
5.307559625690490002e+00
5.256106140914596381e+00
5.204604809082245431e+00
5.153053542390308550e+00
5.101450136588275619e+00
5.049792262905462792e+00
4.998077459298078118e+00
4.946303120947826315e+00
4.894466489935669351e+00
4.842564644005196151e+00
4.790594484319626645e+00
4.738552722104515169e+00
4.686435864054657507e+00
4.634240196367824360e+00
4.581961767250576578e+00
4.529596367718787597e+00
4.477139510496781050e+00
4.424586406776217729e+00
4.371931940604325995e+00
4.319170640524344407e+00
4.266296648331849184e+00
4.213303684098216984e+00
4.160185008449439614e+00
4.106933382475545180e+00
4.053541056716984059e+00
4.000000000000000000e+00
