1.999999984947435294e+01
2.045684672374012791e+01
2.111063665770491937e+01
2.180748629732121913e+01
2.239200898342559753e+01
2.278068856456151892e+01
2.293512275850026327e+01
2.285299201244573197e+01
2.257028966929094338e+01
2.215542862996824880e+01
2.169014691686967922e+01
2.124596730939635592e+01
2.086866247004779495e+01
2.057600999932656549e+01
2.036504894937135290e+01
2.022193218411999993e+01
2.012975106814219117e+01
2.007304097437340218e+01
2.003958696528964012e+01
2.002061824813261737e+01
2.001026910705885342e+01
2.000483774108443313e+01
2.000210258819672049e+01
2.000078953464156228e+01
2.000019782217097131e+01
1.999995691600284076e+01
1.999987816604990698e+01
1.999986909938946766e+01
1.999988623221807771e+01
1.999991016471464533e+01
1.999993296496578310e+01
1.999995188044614380e+01
1.999996657388582122e+01
1.999997722251978516e+01
1.999998522508685639e+01
1.999998974057117351e+01
1.999999550719405761e+01
1.999999731722956042e+01
2.000000732086197175e+01
1.999974566802404752e+01
1.999559996032621711e+01
