2.000000002238120089e+01
1.999842555920345788e+01
1.999875768443519419e+01
1.999900885491505775e+01
1.999930382070007795e+01
1.999956685967800496e+01
1.999976209356151813e+01
1.999988435188764058e+01
1.999995017615208681e+01
1.999998112525756255e+01
1.999999398711485554e+01
1.999999873259333327e+01
2.000000026377816909e+01
2.000000066125898357e+01
2.000000070630021654e+01
2.000000066138230537e+01
2.000000060475557717e+01
2.000000055587896597e+01
2.000000051755351294e+01
2.000000048870313307e+01
2.000000046782987084e+01
2.000000045378147107e+01
2.000000044584631809e+01
2.000000044369794949e+01
2.000000044738358085e+01
2.000000045725331788e+01
2.000000047419877447e+01
2.000000049916760503e+01
2.000000053502243347e+01
2.000000058200016539e+01
2.000000065179840547e+01
2.000000073098059516e+01
2.000000088391785980e+01
2.000000098782556890e+01
2.000000142480514143e+01
2.000000136398957551e+01
2.000000262503067816e+01
1.999999877134807491e+01
1.999997502107772362e+01
1.999971624219361743e+01
1.999768223453611427e+01
