2.000000006457248602e+01
1.999724574688536549e+01
1.999782713248108479e+01
1.999852739499894128e+01
2.000007936632656325e+01
2.000316614865818110e+01
2.000888127678731720e+01
2.001877376156035382e+01
2.003488339557889475e+01
2.005969014752766810e+01
2.009595869140606439e+01
2.014647498791969227e+01
2.021369969304939929e+01
2.029938768890754730e+01
2.040423531746782260e+01
2.052761208305094698e+01
2.066741420529350748e+01
2.082005186627225513e+01
2.098056015962602316e+01
2.114281236386883478e+01
2.129981463050680190e+01
2.144407001498765197e+01
2.156801052035862654e+01
2.166450101995078725e+01
2.172741182096110890e+01
2.175223316614255964e+01
2.173666682970627662e+01
2.168108806732639593e+01
2.158874647505293609e+01
2.146559146507690130e+01
2.131968025642542486e+01
2.116023961477752025e+01
2.099656231123618255e+01
2.083697479084937854e+01
2.068808026067846484e+01
2.055439151509209239e+01
2.043833364416171605e+01
2.034056006206919776e+01
2.026051800288152549e+01
2.019869125300579071e+01
2.017455528291611699e+01
