2.000000006149515741e+01
1.999704887265944109e+01
1.999746833949373226e+01
1.999773557041906002e+01
1.999831202535250085e+01
1.999943248697412912e+01
2.000153479876480134e+01
2.000528433241926862e+01
2.001163589250309727e+01
2.002187380282271434e+01
2.003761689114162436e+01
2.006077078609123987e+01
2.009341681953778647e+01
2.013763826360481346e+01
2.019529862482936267e+01
2.026779901327291000e+01
2.035584806166831839e+01
2.045927627037530883e+01
2.057691777875897898e+01
2.070656981064387381e+01
2.084502783938113524e+01
2.098818647644586832e+01
2.113119380398308778e+01
2.126864975302877880e+01
2.139484493977524693e+01
2.150404200540949873e+01
2.159080360207909166e+01
2.165036671326576823e+01
2.167904998815587447e+01
2.167465985145394924e+01
2.163683650756992805e+01
2.156726295423851525e+01
2.146965925363165439e+01
2.134951497840590662e+01
2.121356451962436296e+01
2.106908690564841535e+01
2.092315350175390520e+01
2.078200118956977605e+01
2.065102651337806705e+01
2.053869682948691988e+01
2.049721882994708722e+01
