1.999999989788428678e+01
1.999884475614489077e+01
1.999878143583057266e+01
1.999859470539906425e+01
1.999840619369063432e+01
1.999822355592939971e+01
1.999806728180838888e+01
1.999795947163168819e+01
1.999792769039703799e+01
1.999800939113358211e+01
1.999825871040220804e+01
1.999875552255724642e+01
1.999961657538934290e+01
2.000100822094575648e+01
2.000315988569261805e+01
2.000637698978951562e+01
2.001105158536722683e+01
2.001766863929343998e+01
2.002680575870020263e+01
2.003912436314353585e+01
2.005535091470832754e+01
2.007624781280380688e+01
2.010257482913724303e+01
2.013504329235265189e+01
2.017426637493144526e+01
2.022070954226852635e+01
2.027464534645386252e+01
2.033611623600335605e+01
2.040490809039158293e+01
2.048053580763893322e+01
2.056224124668848674e+01
2.064900205652512355e+01
2.073955096068221238e+01
2.083240076689797604e+01
2.092587935873109117e+01
2.101816268136592569e+01
2.110731697191795320e+01
2.119135609671707954e+01
2.126798578666118544e+01
2.133294505951229425e+01
2.135420641294240340e+01
