1.999999991738754090e+01
1.999866131864281371e+01
1.999884015814446414e+01
1.999888036457801022e+01
1.999892598194067972e+01
1.999896111507064234e+01
1.999898463469009258e+01
1.999899380879177713e+01
1.999898656603492952e+01
1.999896170389144601e+01
1.999891926572749767e+01
1.999886088016435792e+01
1.999879009640681105e+01
1.999871274033935720e+01
1.999863733880017591e+01
1.999857567890481391e+01
1.999854358299479173e+01
1.999856198427356091e+01
1.999865837971612947e+01
1.999886871402099331e+01
1.999923971091035213e+01
1.999983161669948473e+01
2.000072125908138787e+01
2.000200525515340289e+01
2.000380313381999287e+01
2.000626007483759494e+01
2.000954892335628443e+01
2.001387111075684899e+01
2.001945614818681207e+01
2.002655934809164506e+01
2.003545770654374181e+01
2.004644350049114365e+01
2.005981670642736603e+01
2.007587378224933161e+01
2.009490010192147835e+01
2.011714890302403091e+01
2.014284407541768829e+01
2.017209297690289560e+01
2.020465521011146492e+01
2.023751853809244139e+01
2.024741344677386223e+01
