2.000000002682332934e+01
1.999834037186478852e+01
1.999849367386579502e+01
1.999848492443792125e+01
1.999848884125537296e+01
1.999849031292542278e+01
1.999849165669458628e+01
1.999849296986301539e+01
1.999849444159735157e+01
1.999849620726035582e+01
1.999849839317004552e+01
1.999850112434674898e+01
1.999850452886825636e+01
1.999850873850539301e+01
1.999851388691590515e+01
1.999852010599740382e+01
1.999852752093101316e+01
1.999853624429022503e+01
1.999854636951951647e+01
1.999855796407621611e+01
1.999857106254814809e+01
1.999858566010291128e+01
1.999860170671106374e+01
1.999861910257510544e+01
1.999863769528460011e+01
1.999865727904285251e+01
1.999867759675483470e+01
1.999869834430741733e+01
1.999871918041690222e+01
1.999873973356582724e+01
1.999875963114173416e+01
1.999877848166248739e+01
1.999879600006081404e+01
1.999881176890566081e+01
1.999882595766330695e+01
1.999883762978699409e+01
1.999884859612001264e+01
1.999885240123513341e+01
1.999883397543718999e+01
1.999857775992028053e+01
1.999654627567724674e+01
