2.000000009946926482e+01
1.999834046035249813e+01
1.999849379155991969e+01
1.999848500250000072e+01
1.999848871898587532e+01
1.999848980435691459e+01
1.999849055622067695e+01
1.999849103466198130e+01
1.999849137026730261e+01
1.999849162175485873e+01
1.999849182486920185e+01
1.999849200294603691e+01
1.999849217336148044e+01
1.999849235067004827e+01
1.999849254833093681e+01
1.999849277981032714e+01
1.999849305937220478e+01
1.999849340276812981e+01
1.999849382785536278e+01
1.999849435516705753e+01
1.999849500843061278e+01
1.999849581498122575e+01
1.999849680606098445e+01
1.999849801695640750e+01
1.999849948700002500e+01
1.999850125932233524e+01
1.999850338070314493e+01
1.999850590050957067e+01
1.999850887180053860e+01
1.999851234587819349e+01
1.999851638532794240e+01
1.999852102632476658e+01
1.999852638036422192e+01
1.999853236804550249e+01
1.999853940820869624e+01
1.999854669007497776e+01
1.999855599430284769e+01
1.999856063363809611e+01
1.999854507315838248e+01
1.999829274501269083e+01
1.999626261697812879e+01
