2.000000000000000000e+01
1.998907107296690810e+01
1.998952295061008044e+01
1.998986520203789041e+01
1.999014516641273076e+01
1.999037262606361764e+01
1.999055601340842259e+01
1.999070263646672174e+01
1.999081876550508241e+01
1.999090979010497904e+01
1.999098029403467081e+01
1.999103414538922152e+01
1.999107460643335799e+01
1.999110441827860996e+01
1.999112583018768419e+01
1.999114069627557910e+01
1.999115055771744665e+01
1.999115662591566434e+01
1.999115989388064918e+01
1.999116116952882294e+01
1.999116106766314260e+01
1.999116006513804678e+01
1.999115851709893832e+01
1.999115670371838860e+01
1.999115485217680543e+01
1.999115305801797149e+01
1.999115145176165242e+01
1.999115006967213048e+01
1.999114895820821403e+01
1.999114812551761133e+01
1.999114757153392929e+01
1.999114726821562726e+01
1.999114721403066142e+01
1.999114738860998841e+01
1.999114774698728070e+01
1.999114828402662170e+01
1.999114896031505850e+01
1.999114975355587376e+01
1.999115064622219506e+01
1.999115162227190012e+01
1.999115264589590879e+01
1.999115371316747769e+01
1.999115482176193836e+01
1.999115595666444278e+01
1.999115709314173728e+01
1.999115823413740145e+01
1.999115936987118403e+01
1.999116050025304503e+01
1.999116161905658373e+01
1.999116271005368617e+01
1.999116379243196207e+01
1.999116485092508810e+01
1.999116589076766104e+01
1.999116690324808587e+01
1.999116789880508804e+01
1.999116886616138800e+01
1.999116981243923874e+01
1.999117073375145992e+01
1.998978390567754104e+01
1.998656854024193308e+01
1.998394937424382078e+01
1.998184014522121288e+01
1.998016695215119398e+01
1.997886662644668831e+01
1.997788532745107659e+01
1.997717712565645343e+01
1.997670296465003048e+01
1.997642957231801120e+01
1.997632860758676543e+01
1.997637593245053722e+01
1.997655089813088125e+01
1.997683578518808645e+01
1.997721536704511891e+01
1.997767647547618708e+01
1.997820763599065685e+01
1.997879882939741947e+01
1.997944120228112297e+01
1.998012693365126324e+01
1.998084900090725569e+01
1.998160110848766635e+01
1.998237754197180038e+01
1.998317308649347979e+01
1.998398297637686483e+01
1.998480283706157934e+01
1.998562863133702194e+01
1.998645661762566306e+01
1.998728334894622094e+01
1.999222494518471649e+01
1.999909613605268532e+01
2.000471841047692578e+01
2.000925726036075503e+01
2.001285846134123858e+01
2.001565073957317509e+01
2.001774790561466943e+01
2.001925076472252840e+01
2.002024863989936421e+01
2.002082058905943995e+01
2.002103651669312967e+01
2.002095801034010947e+01
2.002063915187318344e+01
2.002012720424500003e+01
2.001946315443456115e+01
2.001868233498953487e+01
2.001781490770616045e+01
2.001688634365882535e+01
2.001591794465548446e+01
2.001492729865822184e+01
2.001392862636566861e+01
2.001293333216563042e+01
2.001195032912437455e+01
2.001098639490191999e+01
2.001004656535769755e+01
2.000913437955387053e+01
2.000825219538455713e+01
2.000740143333132437e+01
2.000658276977083005e+01
2.000304229483299423e+01
1.999936380728468066e+01
1.999628369668062078e+01
1.999371087655890733e+01
1.999156703634798760e+01
1.998978517772775376e+01
1.998830825438199099e+01
1.998708785568305757e+01
1.998608310001873178e+01
1.998525958653044654e+01
1.998458838906299206e+01
1.998404527001912356e+01
1.998360997806594241e+01
1.998326550706406124e+01
1.998299765464253142e+01
1.998279451425514708e+01
1.998264609834222938e+01
1.998254398953213240e+01
1.998248107042491029e+01
1.998245131039584521e+01
1.998244955361951725e+01
1.998247140046396453e+01
1.998251305922440224e+01
1.998257125676309442e+01
1.998264310536455923e+01
1.998272614194331709e+01
1.998281815872041989e+01
1.998291723595457370e+01
1.998302167617521263e+01
1.998312997885295772e+01
1.998324081666169150e+01
1.998335301712813816e+01
1.998346553554256388e+01
1.998357747590580402e+01
1.998368803068206034e+01
1.998379651946288504e+01
1.998390232836300129e+01
1.998400496852264041e+01
1.998410402095305471e+01
1.998419913082852872e+01
1.998429007716913475e+01
1.998437666186782735e+01
1.998445878198253922e+01
1.998453644360870385e+01
1.998460970177256968e+01
1.998467870171680261e+01
1.998474370267558697e+01
1.998480504448070860e+01
1.998486316367689142e+01
1.998491862975242839e+01
1.998497209742072300e+01
1.998502439069125103e+01
1.998507646664074855e+01
1.998512944529466040e+01
1.998518462112042471e+01
1.998524348404043849e+01
1.998530774500159168e+01
1.998537932097497105e+01
1.998546042889574892e+01
1.998555352071889502e+01
1.998566137950638222e+01
1.998578715007079154e+01
1.998593429063566873e+01
1.998610668652418099e+01
1.998630864236201887e+01
1.998654488931151718e+01
1.998682069704318565e+01
1.998714183697029512e+01
1.998751463736698497e+01
1.998794604310478462e+01
1.998844361053579632e+01
1.998901556242071820e+01
1.998967083305251435e+01
1.999041910032610758e+01
1.999127078605306451e+01
1.999223713672472513e+01
1.999333019871755823e+01
1.999456289656154695e+01
1.999594901864566054e+01
1.999750325067543599e+01
1.999924118559374620e+01
2.000117936061451474e+01
2.000333519423566031e+01
2.000572706689672486e+01
2.000837426203725045e+01
2.001129698061595263e+01
2.001451629470011540e+01
2.001805412620524294e+01
2.002193320982496516e+01
2.002617706553564858e+01
2.003080988532337869e+01
2.003585651427283665e+01
2.004134237357902748e+01
2.004729332775514195e+01
2.005373562179147484e+01
2.006069574713274051e+01
2.006820033134272308e+01
2.007627598393310109e+01
2.008494917426151005e+01
2.009424601566752244e+01
2.010419217135768122e+01
2.011481262282813987e+01
2.012613147606907660e+01
2.013817177665259806e+01
2.015095532935220035e+01
2.016450240944095640e+01
2.017883159576285834e+01
2.019395955278469046e+01
2.020990076876250896e+01
2.022666735625216461e+01
2.024426880609826185e+01
2.026271178589058763e+01
2.028199993431780968e+01
2.030213365860072372e+01
2.032310990707219389e+01
2.034492204616299205e+01
2.036755969842761260e+01
2.039100857709627235e+01
2.041525041363274795e+01
2.044026283990569937e+01
2.046601936944853151e+01
2.049248935922241799e+01
2.051963800467729016e+01
2.054742638818288469e+01
2.057581159038727492e+01
2.060474675305749770e+01
2.063418128777448146e+01
2.066406100607355256e+01
2.069432837430804284e+01
2.072492275389413408e+01
2.075578069781840895e+01
2.078683626302063203e+01
2.081802135442330837e+01
2.084926605768441732e+01
2.088049904589615835e+01
2.091164800779324651e+01
2.094264000997645780e+01
2.097340190519889802e+01
2.100386082601607995e+01
2.103394446187985523e+01
2.106358161381103855e+01
2.109270250638110156e+01
2.112123916439077220e+01
2.114912577543418593e+01
2.117629909842798952e+01
2.120269867521392371e+01
2.122826718105079635e+01
2.125295065509817505e+01
2.127669868790189867e+01
2.129946467373702035e+01
2.132120593828949495e+01
2.134188381485773789e+01
2.136146381171556641e+01
2.137991558362045907e+01
2.139721303099986471e+01
2.141333421762692524e+01
2.142826138668669955e+01
2.144198086828873784e+01
2.145448299472309373e+01
2.146576198410184588e+01
2.147581586225078354e+01
2.148464620474942421e+01
2.149225810576353979e+01
2.149865988400324568e+01
2.150386297249997369e+01
2.150788171797603354e+01
2.151073313249071361e+01
2.151243675058185545e+01
2.151301439499366097e+01
2.151248997751849856e+01
2.151088930215314576e+01
2.150823987275703075e+01
2.150457068741093281e+01
2.149991204698198999e+01
2.149429539270818168e+01
2.148775312430461781e+01
2.148031841720103330e+01
2.147202512415242381e+01
2.146290751993910817e+01
2.145300027375674290e+01
2.144233824883008310e+01
2.143095640825094961e+01
2.141888967931140542e+01
2.140617289270403489e+01
2.139284064606385982e+01
2.137892722420565406e+01
2.136446653317807431e+01
2.134949201835252097e+01
2.133403663436251918e+01
2.131813271448413616e+01
2.130181199760158961e+01
2.128510555665752690e+01
2.126804375281631110e+01
2.125065620124087218e+01
2.123297176473124637e+01
2.121501850850472692e+01
2.119682369650445253e+01
2.117841380825325359e+01
2.115981443183000010e+01
2.114105037800072751e+01
2.112214559033827754e+01
2.110312319719832885e+01
2.108400545733570652e+01
2.106481382611582376e+01
2.104556891913330219e+01
2.102629053510645463e+01
2.100699766543539226e+01
2.098770851151539318e+01
2.096844047969261737e+01
2.094921019445996535e+01
2.093003353880567374e+01
2.091092562325070503e+01
2.089190086492340015e+01
2.087297293123833697e+01
2.085415480370897967e+01
2.083545879664438871e+01
2.081689656142771128e+01
2.079847905877954872e+01
2.078021668152678103e+01
2.076211914858458840e+01
2.074419562636262526e+01
2.072645467448819545e+01
2.070890430255371939e+01
2.069155196474116565e+01
2.067440460987813822e+01
2.065746864470020228e+01
2.064074998851924647e+01
2.062425408723402143e+01
2.060798592775427096e+01
2.059195002323394874e+01
2.057615047542662978e+01
2.056059095656428326e+01
2.054527476281259624e+01
2.053020475242965404e+01
2.051538345642234162e+01
2.050081301413501933e+01
2.048649524366192054e+01
2.047243161585197413e+01
2.045862328206976599e+01
2.044507109287565072e+01
2.043177560369645107e+01
2.041873708215757688e+01
2.040595554434730730e+01
2.039343072864335227e+01
2.038116214401452453e+01
2.036914904745754029e+01
2.035739050376719206e+01
2.034588532436077912e+01
2.033463215414803926e+01
2.032362943590078430e+01
2.031287541719848377e+01
2.030236819616538924e+01
2.029210572265174051e+01
2.028208575516464407e+01
2.027230593564263472e+01
2.026276375838460808e+01
2.025345661377377837e+01
2.024438175903969750e+01
2.023553633933852325e+01
2.022691742163988238e+01
2.021852194826215054e+01
2.021034681970786551e+01
2.020238882673493208e+01
2.019464468924343237e+01
2.018711109314972418e+01
2.017978463228746477e+01
2.017266186993629162e+01
2.016573932303617767e+01
2.015901348156467066e+01
2.015248077769456359e+01
2.014613762967201183e+01
2.013998043772517121e+01
2.013400559182582583e+01
2.012820945963130725e+01
2.012258840965296258e+01
2.011713880738534499e+01
2.011185700798387188e+01
2.010673939024900392e+01
2.010178233819215166e+01
2.009698224564681368e+01
2.009233554578622716e+01
2.008783867110605570e+01
2.008348808822438514e+01
2.007928027994557851e+01
2.007521176358295634e+01
2.007127911044744906e+01
2.006747889943471819e+01
2.006380777525464509e+01
2.006026236663728923e+01
2.005683943976600858e+01
2.005353569949238590e+01
2.005034797725920725e+01
2.004727311963006287e+01
2.004430802028991820e+01
2.004144960971052569e+01
2.003869490788974872e+01
2.003604093802323405e+01
2.003348483240233691e+01
2.003102372252260466e+01
2.002865482353900006e+01
2.002637541074000183e+01
2.002418278458526402e+01
2.002207433306875828e+01
2.002004747870705614e+01
2.001809971903185215e+01
2.001622858338760125e+01
2.001443167160505254e+01
2.001270662929118771e+01
2.001105117425959179e+01
2.000946305187153484e+01
2.000794010428990077e+01
2.000648017629509923e+01
2.000508120867880280e+01
2.000374116657576451e+01
2.000245807802275522e+01
2.000123003487760798e+01
2.000005515034672499e+01
1.999893161458930990e+01
1.999785767209959886e+01
1.999683160108634183e+01
1.999585170552290947e+01
1.999491638448307640e+01
1.999402403533076722e+01
1.999317316203814698e+01
1.999236224425612818e+01
1.999158985693293289e+01
1.999085457476439842e+01
1.999015506133264353e+01
1.998948998686955747e+01
1.998885807501028467e+01
1.998825807397997778e+01
1.998768879901490436e+01
1.998714906468921981e+01
1.998663775629984229e+01
1.998615377434680340e+01
1.998569605867578503e+01
1.998526358122990132e+01
1.998485534526253105e+01
1.998447040149858367e+01
1.998410780684571364e+01
1.998376666590411332e+01
1.998344609295281771e+01
1.998314527073080171e+01
1.998286336209230285e+01
1.998259957377422324e+01
1.998235315486954278e+01
1.998212337129507432e+01
1.998190948469846262e+01
1.998171081833243079e+01
1.998152670750732796e+01
1.998135651768461685e+01
1.998119960054737021e+01
1.998105537320088843e+01
1.998092323778109858e+01
1.998080264039072063e+01
1.998069303543661590e+01
1.998059390302842075e+01
1.998050473185867304e+01
1.998042503058013608e+01
1.998035434172425084e+01
1.998029217918383438e+01
1.998023813393501769e+01
1.998019176806292307e+01
1.998015267368600689e+01
1.998012045299765305e+01
1.998009471437580942e+01
1.998007510943625675e+01
1.998006128364477263e+01
1.998005286720672302e+01
1.998004955711621733e+01
1.998005103200375743e+01
1.998005699793066015e+01
1.998006714203120282e+01
1.998008119541782435e+01
1.998009888361229969e+01
1.998011994246826362e+01
1.998014411949998248e+01
1.998017116879418609e+01
1.998020086324731892e+01
1.998023299777423745e+01
1.998026733121832876e+01
1.998030368186346095e+01
1.998034182711717222e+01
1.998038161102886079e+01
1.998042283339145797e+01
1.998046532908301742e+01
1.998050892328728878e+01
1.998055346888895656e+01
1.998059883009545956e+01
1.998064484525912121e+01
1.998069137212451096e+01
1.998073829528266288e+01
1.998078548964531365e+01
1.998083284019821804e+01
1.998088021763123834e+01
1.998092754051685915e+01
1.998097470535230968e+01
1.998102160693133555e+01
1.998106816812560282e+01
1.998111429397613392e+01
1.998115992056682444e+01
1.998120496262936285e+01
1.998124935428722893e+01
1.998129303613086449e+01
1.998133594240516686e+01
1.998137800442509615e+01
1.998141919835506997e+01
1.998145947165903635e+01
1.998149876994875740e+01
1.998153704836522593e+01
1.998157428760941912e+01
1.998161044178505108e+01
1.998164548589375045e+01
1.998167938316737491e+01
1.998171211903263611e+01
1.998174367916635674e+01
1.998177403988529477e+01
1.998180318620870821e+01
1.998183111220714636e+01
1.998185778432934967e+01
1.998188321610450657e+01
1.998190739417350414e+01
1.998193032723611395e+01
1.998195201588032432e+01
1.998197243830827574e+01
1.998199161017419101e+01
1.998200955487254760e+01
1.998202624691475648e+01
1.998204171800716722e+01
1.998205597431979186e+01
1.998206902426818488e+01
1.998208087076045558e+01
1.998209153096013324e+01
1.998210102858092796e+01
1.998210937672365617e+01
1.998211658693935533e+01
1.998212268810266323e+01
1.998212769811652834e+01
1.998213163123818958e+01
1.998213450483854103e+01
1.998213634521107451e+01
1.998213716564578135e+01
1.998213702238990663e+01
1.998213590460954947e+01
1.998213384486916766e+01
1.998213087410431399e+01
1.998212700023759680e+01
1.998212224879489440e+01
1.998211665475491827e+01
1.998211025318641987e+01
1.998210305996690295e+01
1.998209509986463672e+01
1.998208639085851246e+01
1.998207697720727083e+01
1.998206686567300494e+01
1.998205608886655682e+01
1.998204467725236100e+01
1.998203265732945511e+01
1.998202003665119264e+01
1.998200686360587497e+01
1.998199314408884675e+01
1.998197891550125860e+01
1.998196420323938582e+01
1.998194902756495139e+01
1.998193341378373589e+01
1.998191738265541062e+01
1.998190095544714495e+01
1.998188416866196349e+01
1.998186702535258519e+01
1.998184956818158753e+01
1.998183180183104923e+01
1.998181375206650046e+01
1.998179544545928366e+01
1.998177690579041155e+01
1.998175815335071093e+01
1.998173920039607765e+01
1.998172005447122501e+01
1.998170075281859681e+01
1.998168131680267834e+01
1.998166174392690664e+01
1.998164207273066495e+01
1.998162230444540910e+01
1.998160247569148851e+01
1.998158258484272665e+01
1.998156264293447748e+01
1.998154269020733409e+01
1.998152271773051325e+01
1.998150274618637923e+01
1.998148279542829187e+01
1.998146287575082169e+01
1.998144299952855363e+01
1.998142316978419331e+01
1.998140341378802987e+01
1.998138373584470173e+01
1.998136413505972087e+01
1.998134463149744988e+01
1.998132524385482611e+01
1.998130597839872280e+01
1.998128683135973915e+01
1.998126781287464837e+01
1.998124894526972639e+01
1.998123022938898430e+01
1.998121168100760769e+01
1.998119329638757335e+01
1.998117507194865539e+01
1.998115703289295197e+01
1.998113918423177893e+01
1.998112151974373774e+01
1.998110404759927405e+01
1.998108677811796952e+01
1.998106970958860984e+01
1.998105284175107954e+01
1.998103619396169961e+01
1.998101976244697653e+01
1.998100356256918531e+01
1.998098757577963624e+01
1.998097180174681853e+01
1.998095626260055724e+01
1.998094096533714037e+01
1.998092588715189777e+01
1.998091105242792764e+01
1.998089642536388055e+01
1.998088203838597110e+01
1.998086789189437695e+01
1.998085398303146576e+01
1.998084030887685003e+01
1.998082687360283671e+01
1.998081367850227252e+01
1.998080070862442881e+01
1.998078798526876199e+01
1.998077549242270834e+01
1.998076323747272909e+01
1.998075120966041140e+01
1.998073941892698713e+01
1.998072785335261869e+01
1.998071651726831988e+01
1.998070542024652241e+01
1.998069454848518944e+01
1.998068388398678508e+01
1.998067345151639529e+01
1.998066325305853752e+01
1.998065326046116752e+01
1.998064348985371907e+01
1.998063393247002750e+01
1.998062458763934046e+01
1.998061546250892206e+01
1.998060654238042844e+01
1.998059783141070511e+01
1.998058931190280418e+01
1.998058100332036702e+01
1.998057288955578770e+01
1.998056498103642298e+01
1.998055725552694639e+01
1.998054972882528091e+01
1.998054236936559391e+01
1.998053521062047366e+01
1.998052823467151029e+01
1.998052143388576951e+01
1.998051480617959896e+01
1.998050833892648370e+01
1.998050205358322273e+01
1.998049593435462157e+01
1.998048997599789800e+01
1.998048417219479234e+01
1.998047853991147349e+01
1.998047305702993981e+01
1.998046772863563092e+01
1.998046255558710982e+01
1.998045752808457109e+01
1.998045264484699146e+01
1.998044790303401896e+01
1.998044329629101412e+01
1.998043881927151233e+01
1.998043447388863569e+01
1.998043026464620198e+01
1.998042617368764695e+01
1.998042222858111927e+01
1.998041839360803351e+01
1.998041467641496638e+01
1.998041107723565801e+01
1.998040758556589935e+01
1.998040420343932055e+01
1.998040093129793604e+01
1.998039777352505553e+01
1.998039470204003010e+01
1.998039174947052743e+01
1.998038889268082130e+01
1.998038611471656623e+01
1.998038343280768458e+01
1.998038085119424068e+01
1.998037835307968635e+01
1.998037594202560285e+01
1.998037360704438470e+01
1.998037136693801585e+01
1.998036920521690263e+01
1.998036711267832288e+01
1.998036510322026515e+01
1.998036317167407105e+01
1.998036130716127445e+01
1.998035951230849605e+01
1.998035777694030912e+01
1.998035610311080745e+01
1.998035449606550173e+01
1.998035295370436870e+01
