6.079006907196093934e+00
5.977134007312923991e+00
5.875148632796271642e+00
5.773026453501733712e+00
5.670731649752916326e+00
5.568216363944532787e+00
5.465431198994020079e+00
5.362341578113021257e+00
5.258944085084778841e+00
5.155273790851961913e+00
5.051393243323193616e+00
4.947362907521490882e+00
4.843209989395438342e+00
4.738916939898018654e+00
4.634433014620982227e+00
4.529693623936207558e+00
4.424634095923144272e+00
4.319193434351008776e+00
4.213313995482768526e+00
4.106935755979191249e+00
4.000000000000000000e+00
