6.075697433839877704e+00
5.973820212823426345e+00
5.871833698992559469e+00
5.769728633111466998e+00
5.667495851200535562e+00
5.565125198648693150e+00
5.462605452562669051e+00
5.359924141823387167e+00
5.257067347683229919e+00
5.154019454078501816e+00
5.050762830004714488e+00
4.947277361599876855e+00
4.843539864859510047e+00
4.739523181070203428e+00
4.635195318710473522e+00
4.530517929268136790e+00
4.425445767336644742e+00
4.319923995275690487e+00
4.213889918442088600e+00
4.107266871782231377e+00
4.000000000000000000e+00
