6.074756531801605242e+00
5.972878553625634801e+00
5.870891446560039917e+00
5.768785628980830360e+00
5.666551808784234368e+00
5.564179675628084354e+00
5.461657878902733465e+00
5.358973891983827009e+00
5.256113861360676154e+00
5.153062423100678302e+00
5.049802486920378364e+00
4.946314966174284677e+00
4.842578474995159254e+00
4.738568916959765787e+00
4.634259082963626319e+00
4.529617956425965097e+00
4.424610263391014264e+00
4.319195072377535638e+00
4.213325705401009813e+00
4.106946499698954867e+00
4.000000000000000000e+00
