6.074744291564616816e+00
5.972866310146489610e+00
5.870879213896246895e+00
5.768773416638832252e+00
5.666539626166398946e+00
5.564167528387694794e+00
5.461645764854174523e+00
5.358961796900448604e+00
5.256101755823956445e+00
5.153050262024939876e+00
5.049790212764462716e+00
4.946302517812695143e+00
4.842565801551537596e+00
4.738556001729179457e+00
4.634245973190491696e+00
4.529604819411076733e+00
4.424597448622038520e+00
4.319183249003708092e+00
4.213315976623514203e+00
4.106940693499567807e+00
4.000000000000000000e+00
