6.074719635488583513e+00
5.972841658126702313e+00
5.870854620595766349e+00
5.768748943125306283e+00
5.666515357024978883e+00
5.564143567709479932e+00
5.461622226908573019e+00
5.358938789787411672e+00
5.256079358767597576e+00
5.153028499950356611e+00
5.049769031822387788e+00
4.946281771747043088e+00
4.842545251125891959e+00
4.738535349873190583e+00
4.634224924074898944e+00
4.529583230445665798e+00
4.424575508058857132e+00
4.319161908491301105e+00
4.213297344107723497e+00
4.106929044089284275e+00
4.000000000000000000e+00
