2.000000000377789533e+01
1.998857648859399205e+01
1.998964065888684516e+01
1.998990932512782592e+01
1.999029174109619333e+01
1.999069050172195006e+01
1.999105797449346866e+01
1.999132832240884383e+01
1.999142675358163501e+01
1.999130772823451352e+01
1.999092466927544365e+01
1.999034137031514291e+01
1.998954553126816336e+01
1.998885004827452505e+01
1.998812158575879394e+01
1.998830986210878535e+01
1.998854616993002864e+01
1.999170664564647382e+01
1.999405080427032644e+01
2.000400054892112323e+01
1.999683160108634183e+01
