1.999999999980978060e+01
1.998826833526071312e+01
1.998911463774665265e+01
1.998908635492486852e+01
1.998912228457010087e+01
1.998916520481001413e+01
1.998922968196376004e+01
1.998932430338460620e+01
1.998945190645899217e+01
1.998962212430794239e+01
1.998981949867112462e+01
1.999006595741021997e+01
1.999028818641678384e+01
1.999058719492319369e+01
1.999069785228897800e+01
1.999106758384422378e+01
1.999075299737987521e+01
1.999149372974437000e+01
1.998996357864453444e+01
1.999215997768887476e+01
1.998171211903263611e+01
