1.999999999660497707e+01
1.998834487309972729e+01
1.998989929555650491e+01
1.999140247094524270e+01
1.999368308749713563e+01
1.999609861296324809e+01
1.999802313887414584e+01
1.999919427918316828e+01
1.999974100749609107e+01
1.999994284370821518e+01
1.999999229370907017e+01
2.000001780325796830e+01
1.999999237498265359e+01
2.000004708198332892e+01
1.999993952498064331e+01
2.000015045892888210e+01
1.999974889288814950e+01
2.000051623413719781e+01
1.999909396532038386e+01
2.000154238259291972e+01
1.999116789880508804e+01
