2.000000000225112728e+01
1.998827909617772036e+01
1.998912130630721151e+01
1.998908274358768722e+01
1.998909806834438285e+01
1.998910613458206953e+01
1.998911738246565761e+01
1.998913694130692420e+01
1.998916599834607055e+01
1.998921575601826461e+01
1.998927666031872263e+01
1.998938199411533745e+01
1.998947442251633433e+01
1.998967619238073468e+01
1.998974262432663451e+01
1.999014565583144787e+01
1.998995009514033683e+01
1.999091699544306522e+01
1.998968558548261498e+01
1.999228091540591024e+01
1.998199314408884675e+01
