1.999999999594987443e+01
1.998828098430604427e+01
1.998912404419798250e+01
1.998908579886386150e+01
1.998910026216247005e+01
1.998910551567109906e+01
1.998911103993896532e+01
1.998912085641083536e+01
1.998913495846005262e+01
1.998916346797030741e+01
1.998919602684227925e+01
1.998926586867285238e+01
1.998931635429326548e+01
1.998947210840555044e+01
1.998949135910166675e+01
1.998985187327878066e+01
1.998962228557895315e+01
1.999057340289742513e+01
1.998934395652053553e+01
1.999197345658067704e+01
1.998170075281859681e+01
