2.163194444428897967e+01
2.042009204000230582e+01
2.003704476461424733e+01
1.999181771735888091e+01
1.999239360678388167e+01
1.999367288639614770e+01
1.999584613888284679e+01
1.999766421104671110e+01
1.999888393267167075e+01
1.999956346574356658e+01
1.999985672998157682e+01
1.999998454560034844e+01
1.999998218085691803e+01
2.000006613513724574e+01
1.999991068524185067e+01
2.000023944304465218e+01
1.999956755621358084e+01
2.000095383545434302e+01
1.999815814908939515e+01
2.000337727658043718e+01
1.997642957231801120e+01
