1.999999999999585754e+01
1.998827857274794084e+01
1.998912378726009820e+01
1.998908797275455029e+01
1.998910485608973175e+01
1.998911149804398946e+01
1.998911587297886783e+01
1.998911992922783654e+01
1.998912100280740489e+01
1.998912603110035136e+01
1.998912110947041043e+01
1.998913584251129549e+01
1.998911040518616034e+01
1.998916704041551995e+01
1.998906360821654360e+01
1.998927880272876934e+01
1.998888703813657131e+01
1.998966329789373120e+01
1.998826289879538010e+01
1.999072634732953446e+01
1.998038889268082130e+01
