8.741559000000000523e+00
8.677385798070000433e+00
8.613135610006558807e+00
8.548806783905570583e+00
8.484398087698066249e+00
8.419908230726214526e+00
8.355335922249608416e+00
8.290679855020453459e+00
8.225938648866398140e+00
8.161110941514321482e+00
8.096195335230136791e+00
8.031190363921234976e+00
7.966094573503951004e+00
7.900906456519709131e+00
7.835624461881028679e+00
7.770247036200407464e+00
7.704772555176523596e+00
7.639199375517478963e+00
7.573525837348301870e+00
7.507750192048609605e+00
7.441870695631862098e+00
7.375885573244769233e+00
7.309792945123350094e+00
7.243590954799642212e+00
7.177277701060261528e+00
7.110851173225385402e+00
7.044309383386607948e+00
6.977650285779604999e+00
6.910871735300923469e+00
6.843971601538100025e+00
6.776947684168812103e+00
6.709797689725426117e+00
6.642519332904713636e+00
6.575110247805886488e+00
6.507567976459045944e+00
6.439890064502916900e+00
6.372073968099654095e+00
6.304117045962260413e+00
6.236016658404926361e+00
6.167770069799428434e+00
6.099374433688637964e+00
6.030826906494620943e+00
5.962124545400272702e+00
5.893264273547231369e+00
5.824243022403053693e+00
5.755057624966674723e+00
5.685704744941426192e+00
5.616181065004833606e+00
5.546483175255340292e+00
5.476607464771782396e+00
5.406550322222610561e+00
5.336308055904418701e+00
5.265876772804903183e+00
5.195252523963740821e+00
5.124431300043557513e+00
5.053408905324041633e+00
4.982181006884909280e+00
4.910743240984552394e+00
4.839091082028377677e+00
4.767219775973384088e+00
4.695124545603067467e+00
4.622800488136920016e+00
4.550242433794033481e+00
4.477445091491938811e+00
4.404403095146647296e+00
4.331110857309264262e+00
4.257562526376489132e+00
4.183752183001185898e+00
4.109673749950867538e+00
4.035320834960507419e+00
3.960686815819173923e+00
3.885764997529375986e+00
3.810548450956916078e+00
3.735029867020762229e+00
3.659201718828215988e+00
3.583056353109723258e+00
3.506585818687412370e+00
3.429781751036362625e+00
3.352635508693611932e+00
3.275138289825472615e+00
3.197280951956629202e+00
3.119053862970675883e+00
3.040447033282812406e+00
2.961450235389937902e+00
2.882052893801223536e+00
2.802243896646567922e+00
2.722012060741350492e+00
