6.935846999999999873e+00
6.872145720911302824e+00
6.808369358829716944e+00
6.744515957588436805e+00
6.680584202735330379e+00
6.616572738690651434e+00
6.552480218027814551e+00
6.488305238052000767e+00
6.424046390353956859e+00
6.359702254516247599e+00
6.295271333269597314e+00
6.230752149472036372e+00
6.166143190437108679e+00
6.101442865217785005e+00
6.036649596991397360e+00
5.971761749903903294e+00
5.906777638406448538e+00
5.841695571942127074e+00
5.776513778249322328e+00
5.711230465359972364e+00
5.645843818038179585e+00
5.580351917099243941e+00
5.514752853961518042e+00
5.449044678914112261e+00
5.383225324914366894e+00
5.317292747303146605e+00
5.251244842590159223e+00
5.185079398433488862e+00
5.118794217394825985e+00
5.052387025764958572e+00
4.985855456692637411e+00
4.919197146361295125e+00
4.852409637821213373e+00
4.785490392394050829e+00
4.718436863830095973e+00
4.651246396931439264e+00
4.583916260584589786e+00
4.516443707356683213e+00
4.448825866703816523e+00
4.381059790815645449e+00
4.313142509412337233e+00
4.245070917344301087e+00
4.176841821786185349e+00
4.108452004790349221e+00
4.039898105100150794e+00
3.971176652007035734e+00
3.902284151606422391e+00
3.833216962664693028e+00
3.763971298532587717e+00
3.694543357161709007e+00
3.624929190891563735e+00
3.555124653043715721e+00
3.485125596750347832e+00
3.414927738565387116e+00
3.344526541438309408e+00
3.273917450904589632e+00
3.203095794131493701e+00
3.132056631206574071e+00
3.060794925509132902e+00
2.989305551688948626e+00
2.917583140427286725e+00
2.845622100069529203e+00
2.773416794138174879e+00
2.700961379702239373e+00
2.628249682560549694e+00
2.555275428428632978e+00
2.482032191859327330e+00
2.408513221068343313e+00
2.334711475317944984e+00
2.260619840075657638e+00
2.186230945880613952e+00
2.111536989313685275e+00
2.036529935791754120e+00
1.961201594884942612e+00
1.885543425621897473e+00
1.809546433062845017e+00
1.733201348836514555e+00
1.656498682652823407e+00
1.579428514869905431e+00
1.501980407591121613e+00
1.424143546242692127e+00
1.345906853471842579e+00
1.267258774699901336e+00
1.188187103986681814e+00
1.108679141879491459e+00
1.028721844052097323e+00
9.483025772638392636e-01
