8.011676144666652363e+03
8.010622863373189830e+03
8.009583678348242756e+03
8.008569948826512700e+03
8.007581147704818250e+03
8.006615746491698701e+03
8.005670726945668321e+03
8.004742677773640935e+03
8.003828056414859020e+03
8.002923453705419888e+03
8.002025727183782692e+03
8.001132103611238563e+03
8.000240252072609110e+03
7.999348332071947880e+03
7.998454993466891210e+03
7.997559374972084697e+03
7.996661036480507391e+03
7.995759917889292410e+03
7.994856247204814281e+03
7.993950474387044778e+03
7.993043196952884500e+03
7.992135097016929649e+03
7.991226896201661475e+03
7.990319315012837251e+03
7.989413045034411880e+03
7.988508736043975659e+03
7.987606982626000899e+03
7.986708320037196245e+03
7.985813226392851902e+03
7.984922116125216235e+03
7.984035350774433937e+03
7.983153236936257599e+03
7.982276027170570160e+03
7.981403929191345014e+03
7.980537102143352968e+03
7.979675663545258431e+03
7.978819692912982646e+03
7.977969230768822854e+03
7.977124287690801793e+03
7.976284846362919779e+03
7.975450861999295739e+03
7.974622272623430945e+03
7.973798998567868693e+03
7.972980946949414829e+03
7.972168018475568715e+03
7.971360106343259758e+03
7.970557103395312879e+03
7.969758907087208172e+03
7.968965422543685236e+03
7.968176561165880230e+03
7.967392241319194909e+03
7.966612389613862433e+03
7.965836941655787086e+03
7.965065842848942339e+03
7.964299048499420678e+03
7.963536523869234770e+03
7.962778243704529814e+03
7.962024192010208026e+03
7.961274361412238250e+03
7.960528752064993569e+03
7.959787371148096099e+03
7.959050231730907399e+03
7.958317351908994169e+03
7.957588753773809003e+03
7.956864462464622193e+03
7.956144505343492710e+03
7.955428911044652523e+03
7.954717708766190299e+03
7.954010927583547527e+03
7.953308595837389475e+03
7.952610741271977531e+03
7.951917389160767925e+03
7.951228565306289966e+03
7.950544289502071479e+03
7.949864588423929490e+03
7.949189470351182536e+03
7.948518976044638293e+03
7.947853080140380371e+03
7.947191880242898151e+03
7.946535241573781605e+03
7.945883468474672554e+03
7.945236051452815445e+03
7.944594082005851305e+03
7.943956259280596896e+03
7.943330603847174643e+03
7.942751584579802511e+03
7.942486896458723095e+03
