7.274426495959268323e+03
7.274851680126720566e+03
7.275213032281785672e+03
7.275581328641777873e+03
7.275993754594845996e+03
7.276476077716869440e+03
7.277046889719071260e+03
7.277720121485503114e+03
7.278505403762777860e+03
7.279408115908582658e+03
7.280429439530075797e+03
7.281566704396067507e+03
7.282813993503536039e+03
7.284162887695430982e+03
7.285603301504359479e+03
7.287124231339888865e+03
7.288714433310297863e+03
7.290362924121231117e+03
7.292059361979115238e+03
7.293794271993910115e+03
7.295559181636022004e+03
7.297346647853679315e+03
7.299150242366561542e+03
7.300964484765803718e+03
7.302784757795698170e+03
7.304607221468735588e+03
7.306428704043646576e+03
7.308246622997623490e+03
7.310058896518796246e+03
7.311863867014510106e+03
7.313660243130260824e+03
7.315447031711521959e+03
7.317223493806230181e+03
7.318989103890036859e+03
7.320743504813227446e+03
7.322486483219064212e+03
7.324217938544886238e+03
7.325937855425088856e+03
7.327646295364526850e+03
7.329343363954236338e+03
7.331029203970922026e+03
7.332703985659731188e+03
7.334367880306071129e+03
7.336021059230752144e+03
7.337663694062435752e+03
7.339295951871329635e+03
7.340917992243358640e+03
7.342529964602864311e+03
7.344132006918714069e+03
7.345724245477365912e+03
7.347306794482870828e+03
7.348879756835100125e+03
7.350443224776933675e+03
7.351997281000370094e+03
7.353541999535435934e+03
7.355077447243764254e+03
7.356603684746487488e+03
7.358120767363546292e+03
7.359628746401104763e+03
7.361127669594639883e+03
7.362617582140945160e+03
7.364098527240316798e+03
7.365570546503584410e+03
7.367033680090377857e+03
7.368487967162897803e+03
7.369933445758031667e+03
7.371370153173930703e+03
7.372798125445779078e+03
7.374217397575261202e+03
7.375628003660140166e+03
7.377029975460230162e+03
7.378423344739462664e+03
7.379808138541593507e+03
7.381184388041850980e+03
7.382552110426079707e+03
7.383911343251927065e+03
7.385262079059827556e+03
7.386604390801334375e+03
7.387938189466260155e+03
7.389263690661667169e+03
7.390580515889741037e+03
7.391889389973311154e+03
7.393188739197549694e+03
7.394479884027723529e+03
7.395747434681553386e+03
7.396914554986959956e+03
7.397443442911428065e+03
