4.327196184618740560e+00
4.319388364557330107e+00
4.311563829669599279e+00
4.303722468861923112e+00
4.295864110667630520e+00
4.287988587219293990e+00
4.280095726507841647e+00
4.272185354515748656e+00
4.264257294494063544e+00
4.256311367096833997e+00
4.248347390255865719e+00
4.240365179134466089e+00
4.232364546058714261e+00
4.224345300456622709e+00
4.216307248795264861e+00
4.208250194517856535e+00
4.200173937979164052e+00
4.192078276378698121e+00
4.183963003690825744e+00
4.175827910590977687e+00
4.167672784376941664e+00
4.159497408884039515e+00
4.151301564392674948e+00
4.143085027526327124e+00
4.134847571137616029e+00
4.126588964179402907e+00
4.118308971557425480e+00
4.110007353959732157e+00
4.101683867658477922e+00
4.093338264276362715e+00
4.084970290514709390e+00
4.076579687827736720e+00
4.068166192054115449e+00
4.059729532959425846e+00
4.051269433770817940e+00
4.042785610493091930e+00
4.034277771352120290e+00
4.025745615086384177e+00
4.017188828782567001e+00
4.008607075038542078e+00
4.000000000000000000e+00
