4.327195770215215731e+00
4.319387949400704585e+00
4.311563413586555704e+00
4.303722051848615671e+00
4.295863692795219180e+00
4.287988168572800518e+00
4.280095307162786078e+00
4.272184934528792333e+00
4.264256873902538381e+00
4.256310945922913369e+00
4.248346968512890065e+00
4.240364756833459481e+00
4.232364123213926632e+00
4.224344877089589723e+00
4.216306824937379183e+00
4.208249770211762275e+00
4.200173513279441551e+00
4.192077851352378204e+00
4.183962578418307210e+00
4.175827485167939557e+00
4.167672358917928754e+00
4.159496983528501168e+00
4.151301139314427679e+00
4.143084602947665118e+00
4.134847147349631769e+00
4.126588541570476387e+00
4.118308550652357347e+00
4.110006935472559242e+00
4.101683452562670418e+00
4.093337853896816370e+00
4.084969886646685922e+00
4.076579292888498074e+00
4.068165809273321720e+00
4.059729166613317730e+00
4.051269089461942308e+00
4.042785295465456841e+00
4.034277494804736186e+00
4.025745388368495270e+00
4.017188665174298734e+00
4.008606988306855357e+00
4.000000000000000000e+00
