4.327193201869641292e+00
4.319385373292572439e+00
4.311560829154027275e+00
4.303719458686842358e+00
4.295861090773294144e+00
4.287985557770379152e+00
4.280092687826180686e+00
4.272182307026183956e+00
4.264254238690324605e+00
4.256308303523272940e+00
4.248344319503052802e+00
4.240362101844458387e+00
4.232361462936061969e+00
4.224342212281896103e+00
4.216304156439029782e+00
4.208247098954182697e+00
4.200170840298783403e+00
4.192075177802771613e+00
4.183959905587018469e+00
4.175824814494260906e+00
4.167669692018376892e+00
4.159494322231838126e+00
4.151298485711191866e+00
4.143081959460420016e+00
4.134844516832113293e+00
4.126585927446290825e+00
4.118305957106956683e+00
4.110004367715954565e+00
4.101680917184837405e+00
4.093335359342823665e+00
4.084967443844280233e+00
4.076576916066128042e+00
4.068163517010650487e+00
4.059726983162654790e+00
4.051267046362042379e+00
4.042783433401547555e+00
4.034275865509994397e+00
4.025744055901917307e+00
4.017187704881561849e+00
4.008606478972557063e+00
4.000000000000000000e+00
