4.328380634973155061e+00
4.320133585050497160e+00
4.312020199156638256e+00
4.303995308645673923e+00
4.296023493571565766e+00
4.288079312954781841e+00
4.280145625703356771e+00
4.272211326794955966e+00
4.264269417380845972e+00
4.256315560429923650e+00
4.248347088831737395e+00
4.240362355808740880e+00
4.232360325094116860e+00
4.224340319095185592e+00
4.216301867461447195e+00
4.208244617567071799e+00
4.200168282347899407e+00
4.192072610263616994e+00
4.183957368172985802e+00
4.175822331650416608e+00
4.167667279544151171e+00
4.159491990928245286e+00
4.151296243392864405e+00
4.143079812075658452e+00
4.134842469099311302e+00
4.126583983228935715e+00
4.118304119646845507e+00
4.110002639788385537e+00
4.101679301209371076e+00
4.093333857467269077e+00
4.084966058011220369e+00
4.076575648067331414e+00
4.068162368532536100e+00
4.059725955828631605e+00
4.051266141781207253e+00
4.042782653285662775e+00
4.034275212047958803e+00
4.025743533255985440e+00
4.017187324060727427e+00
4.008606268952179086e+00
4.000000000000000000e+00
