4.329193027175391784e+00
4.320744853427617826e+00
4.312460640790995114e+00
4.304301188705664138e+00
4.296229487876361830e+00
4.288214518320664581e+00
4.280232471147333406e+00
4.272266103604660969e+00
4.264303445833532713e+00
4.256336439858006138e+00
4.248359780762197779e+00
4.240370026059993691e+00
4.232364955069007451e+00
4.224343128672560788e+00
4.216303597124480440e+00
4.208245711333498562e+00
4.200169003667664214e+00
4.192073114050302252e+00
4.183957744849541527e+00
4.175822633707466203e+00
4.167667537358574315e+00
4.159492222082741719e+00
4.151296458112867072e+00
4.143080016372928220e+00
4.134842666574954251e+00
4.126584176100259072e+00
4.118304309329039903e+00
4.110002827222917432e+00
4.101679487050033934e+00
4.093334042185710508e+00
4.084966241959801181e+00
4.076575831514059445e+00
4.068162551690470252e+00
4.059726138862001399e+00
4.051266324848338485e+00
4.042782836498030719e+00
4.034275395549436816e+00
4.025743716327165878e+00
4.017187501552065498e+00
4.008606408413528222e+00
4.000000000000000000e+00
