4.334377407353984246e+00
4.325178572800014720e+00
4.316120770943514984e+00
4.307230834829991473e+00
4.298511224415737964e+00
4.289948969128204226e+00
4.281522614866809739e+00
4.273207275072598677e+00
4.264978114245930207e+00
4.256812458550970568e+00
4.248690835742186422e+00
4.240597265427243912e+00
4.232519088982718003e+00
4.224446560089115010e+00
4.216372346456370046e+00
4.208291034333525360e+00
4.200198684461554421e+00
4.192092459644356062e+00
4.183970326889490110e+00
4.175830827781772392e+00
4.167672906663627330e+00
4.159495785251928091e+00
4.151298873090959241e+00
4.143081704790171571e+00
4.134843896758197523e+00
4.126585117811437442e+00
4.118305069466109636e+00
4.110003472872202579e+00
4.101680060236744474e+00
4.093334569233542553e+00
4.084966739388443457e+00
4.076576309725271408e+00
4.068163017270009618e+00
4.059726595976576036e+00
4.051266776112560919e+00
4.042783283218694734e+00
4.034275837313658464e+00
4.025744147341929313e+00
4.017187899816111241e+00
4.008606697485494585e+00
4.000000000000000000e+00
