4.331053044575759792e+00
4.323254096458830631e+00
4.315438514024777739e+00
4.307606197460494890e+00
4.299756968598289042e+00
4.291890648898450955e+00
4.284007047068723040e+00
4.276105957928056256e+00
4.268187156305319974e+00
4.260250390337888327e+00
4.252295372521445849e+00
4.244321768784537596e+00
4.236329185446296108e+00
4.228317154271487688e+00
4.220285116015330296e+00
4.212232403118308710e+00
4.204158222457624383e+00
4.196061639282867795e+00
4.187941563620117158e+00
4.179796740496461105e+00
4.171625745297659726e+00
4.163426985420604076e+00
4.155198709128603340e+00
4.146939022183507184e+00
4.138645912444848918e+00
4.130317282227854214e+00
4.121950987829754887e+00
4.113544885296510856e+00
4.105096881215786198e+00
4.096604987110032070e+00
4.088067375816601512e+00
4.079482438155937807e+00
4.070848837982084412e+00
4.062165563789662315e+00
4.053431974526830572e+00
4.044647838505263771e+00
4.035813365069365943e+00
4.026929247350052421e+00
4.017996788997985291e+00
4.009018472857976079e+00
4.000000000000000000e+00
