1.999999989410633816e+01
2.000039160695680351e+01
2.000035584820109591e+01
2.000036596126543387e+01
2.000036292583843434e+01
2.000036379501624850e+01
2.000036353640200204e+01
2.000036364909241016e+01
2.000036364436335745e+01
2.000036363231132341e+01
2.000036356033579565e+01
2.000036344412283995e+01
2.000036329524377265e+01
2.000036313790348785e+01
2.000036299933993433e+01
2.000036290910940906e+01
2.000036289662663336e+01
2.000036299019191688e+01
2.000036321609514189e+01
2.000036359812675002e+01
2.000036415738245665e+01
2.000036491230493851e+01
2.000036587902071972e+01
2.000036707211445730e+01
2.000036850540389821e+01
2.000037019387614734e+01
2.000037215423487424e+01
2.000037441000714722e+01
2.000037698846861289e+01
2.000037993813153392e+01
2.000038330620301252e+01
2.000038721373296369e+01
2.000039174258731478e+01
2.000039730608986943e+01
2.000040417286342986e+01
2.000041447774153269e+01
2.000043074233766305e+01
2.000046796727227871e+01
2.000055436385334318e+01
2.000081729482996806e+01
2.000133667133559356e+01
