2.000000024028393852e+01
2.000038956908751686e+01
2.000035343921637221e+01
2.000036395928018962e+01
2.000036148361062516e+01
2.000036282575370095e+01
2.000036290849310561e+01
2.000036326994002067e+01
2.000036347855559882e+01
2.000036368845618640e+01
2.000036386742388217e+01
2.000036402906213340e+01
2.000036416634193515e+01
2.000036427533359884e+01
2.000036435127893242e+01
2.000036439176373904e+01
2.000036439660934917e+01
2.000036436783182481e+01
2.000036430895123729e+01
2.000036422422419591e+01
2.000036411792792279e+01
2.000036399377790275e+01
2.000036385450286147e+01
2.000036370173768319e+01
2.000036353572709302e+01
2.000036335591676817e+01
2.000036315982147173e+01
2.000036294594169561e+01
2.000036270798887017e+01
2.000036244883921555e+01
2.000036215374069570e+01
2.000036186040058084e+01
2.000036154003255362e+01
2.000036146347736121e+01
2.000036172271810386e+01
2.000036425380823246e+01
2.000037139640765105e+01
2.000039811725274319e+01
2.000047304593542208e+01
2.000072524847159627e+01
2.000123904303291056e+01
