2.055555849554646031e+01
2.123424184507691592e+01
2.181860149627034318e+01
2.228862923343384139e+01
2.262790354338527976e+01
2.282787076222107103e+01
2.289065183927642622e+01
2.282934449829661716e+01
2.266609268348007689e+01
2.242855818674057033e+01
2.214580917967585449e+01
2.184463264348090661e+01
2.154697613259490652e+01
2.126876124828782721e+01
2.101990366285528111e+01
2.080514774034655545e+01
2.062528824669690763e+01
2.047843983451970118e+01
2.036114603994449723e+01
2.026923745103319519e+01
2.019843007592817585e+01
2.014469910033612976e+01
2.010447970580959520e+01
2.007474648847722065e+01
2.005301497561734081e+01
2.003729831480035628e+01
2.002604234018054541e+01
2.001805411302613180e+01
2.001243296070413891e+01
2.000850876367136522e+01
2.000578948389793510e+01
2.000391813216148407e+01
2.000263861891086847e+01
2.000176907836952012e+01
2.000118207737806486e+01
2.000078909355040935e+01
2.000053093412703475e+01
2.000036427144490858e+01
2.000025124702020562e+01
2.000010291991479150e+01
1.999985735767404549e+01
