2.000000016859840102e+01
2.003117998965968383e+01
2.009353659839614181e+01
2.019582610674608958e+01
2.034166991352513776e+01
2.052850632550794074e+01
2.074800753932652597e+01
2.098758428437466961e+01
2.123227386847729647e+01
2.146656176575304187e+01
2.167591881436622714e+01
2.184800629810815664e+01
2.197355988863742127e+01
2.204696070657144347e+01
2.206647865465721381e+01
2.203416491176253089e+01
2.195539205069461630e+01
2.183808818233506344e+01
2.169176722413714842e+01
2.152649700304772651e+01
2.135195313378726922e+01
2.117667683690428859e+01
2.100760101353105824e+01
2.084985011617479955e+01
2.070677261670005720e+01
2.058013896887958794e+01
2.047043279045089648e+01
2.037717273920992866e+01
2.029921959406103227e+01
2.023504126526924907e+01
2.018292355191227827e+01
2.014112586098527302e+01
2.010798673795005698e+01
2.008198945049989703e+01
2.006179394625035073e+01
2.004625189347190428e+01
2.003439914045911507e+01
2.002547677691276817e+01
2.001895074398671071e+01
2.001486301305090976e+01
2.001408776636162656e+01
