1.999999792649097685e+01
2.000055619464575329e+01
2.000049668646445156e+01
2.000050436769068440e+01
2.000049795786170748e+01
2.000050821635723608e+01
2.000053746982106162e+01
2.000060205866969198e+01
2.000072170962781826e+01
2.000092539446237438e+01
2.000125285317968249e+01
2.000175801179721091e+01
2.000251234598976779e+01
2.000360860508780902e+01
2.000516450528913737e+01
2.000732614134644649e+01
2.001027073508916843e+01
2.001420831173816950e+01
2.001938187898372590e+01
2.002606571527855905e+01
2.003456145099356434e+01
2.004519175017462373e+01
2.005829156283023806e+01
2.007419710269895319e+01
2.009323290031649023e+01
2.011569744770924828e+01
2.014184810876483311e+01
2.017188601419330496e+01
2.020594177629349275e+01
2.024406262384650645e+01
2.028620189039862254e+01
2.033221068988587277e+01
2.038183333822010113e+01
2.043470299092133402e+01
2.049034118453526432e+01
2.054813719496073077e+01
2.060730104090605863e+01
2.066660315242359758e+01
2.072362181915163504e+01
2.077179338937213515e+01
2.079324541026289808e+01
