2.000000190271863687e+01
2.000056156091628168e+01
2.000050851021576648e+01
2.000052053205396874e+01
2.000051450863727709e+01
2.000051694061708929e+01
2.000052443406249481e+01
2.000054510963754240e+01
2.000058725830106354e+01
2.000066408078123814e+01
2.000079396087046391e+01
2.000100248282615567e+01
2.000132435898293792e+01
2.000180580385287143e+01
2.000250713395593394e+01
2.000350554218399779e+01
2.000489788159363869e+01
2.000680326105508655e+01
2.000936520613485214e+01
2.001275310748636116e+01
2.001716266524334742e+01
2.002281505030866526e+01
2.002995454402974929e+01
2.003884448666197926e+01
2.004976146471161513e+01
2.006298777559718260e+01
2.007880234992807189e+01
2.009747039806770275e+01
2.011923223153561935e+01
2.014429161457840323e+01
2.017280440038421219e+01
2.020486733353123654e+01
2.024050840712811805e+01
2.027967548284535226e+01
2.032222555644990791e+01
2.036789057135918668e+01
2.041620760961749426e+01
2.046623171996384372e+01
2.051576135992077354e+01
2.055855211798125026e+01
2.057788226495904382e+01
