4.058542535949658969e+00
4.056996097608573493e+00
4.055454012530948837e+00
4.053916208006029365e+00
4.052382684918610423e+00
4.050853436632323223e+00
4.049328458583882906e+00
4.047807745570773719e+00
4.046291292549155649e+00
4.044779094392256802e+00
4.043271145960805057e+00
4.041767442083409989e+00
4.040267977566879942e+00
4.038772747201569757e+00
4.037281745773452890e+00
4.035794968081341416e+00
4.034312408962267504e+00
4.032834063327518592e+00
4.031359926212949141e+00
4.029889992847926372e+00
4.028424258748322551e+00
4.026962719840009086e+00
4.025505372620451716e+00
4.024052214367170421e+00
4.022603243402910422e+00
4.021158459428432863e+00
4.019717863934372026e+00
4.018281460704437258e+00
4.016849256421015646e+00
4.015421261385302643e+00
4.013997490356532083e+00
4.012577963519365909e+00
4.011162707552313300e+00
4.009751756790380206e+00
4.008345154292591417e+00
4.006942952696133098e+00
4.005545213796262161e+00
4.004152006000323283e+00
4.002763394090757210e+00
4.001379417406182526e+00
4.000000000000000000e+00
