6.078623350548785886e+00
6.027699370543587953e+00
5.976749246261925386e+00
5.925771615294202377e+00
5.874764366822160966e+00
5.823723690947857357e+00
5.772643719722133859e+00
5.721516771907908527e+00
5.670334328877003394e+00
5.619088145834041370e+00
5.567771427194363021e+00
5.516379632681482015e+00
5.464911111903069774e+00
5.413367247830748852e+00
5.361752349346197377e+00
5.310073009545336120e+00
5.258337244514989628e+00
5.206553310151041281e+00
5.154728624986579355e+00
5.102868818238923687e+00
5.050977218059100160e+00
4.999054677874343433e+00
4.947099792486940650e+00
4.895109282676643581e+00
4.843078497123007864e+00
4.791001860093054177e+00
4.738873267260921729e+00
4.686686349888126379e+00
4.634434668138592173e+00
4.582111791775192344e+00
4.529711350106208734e+00
4.477227004156169698e+00
4.424652428320128728e+00
4.371981234281724582e+00
4.319206930916224429e+00
4.266322831038817043e+00
4.213322009758446285e+00
4.160197205316761071e+00
4.106940780664536383e+00
4.053544622086618254e+00
4.000000000000000000e+00
