6.074829068455059655e+00
6.023903010077465758e+00
5.972950406387099065e+00
5.921970269384734920e+00
5.870961558733016616e+00
5.819923178931597718e+00
5.768853984279410874e+00
5.717752766805832998e+00
5.666618261699700732e+00
5.615449134455241520e+00
5.564243986652481766e+00
5.513001342335575927e+00
5.461719654200060781e+00
5.410397289103762830e+00
5.359032534624074806e+00
5.307623583463447758e+00
5.256168540223731256e+00
5.204665404317895039e+00
5.153112076696569233e+00
5.101506340744680124e+00
5.049845868618462852e+00
4.998128199516651549e+00
4.946350745266802740e+00
4.894510765327581225e+00
4.842605371304133044e+00
4.790631498049172876e+00
4.738585906865862896e+00
4.686465152094809739e+00
4.634265582836284203e+00
4.581983304387396316e+00
4.529614178333638996e+00
4.477153778086247371e+00
4.424597387114802771e+00
4.371939947593985742e+00
4.319176056350831239e+00
4.266299905244678392e+00
4.213305274077347562e+00
4.160185460800176038e+00
4.106933270141971626e+00
4.053540933425392012e+00
4.000000000000000000e+00
