6.074820083203091414e+00
6.023894070494753450e+00
5.972941550733558813e+00
5.921961509760792275e+00
5.870952910219771503e+00
5.819914659611529650e+00
5.768845618734388836e+00
5.717744587268688505e+00
5.666610312405295780e+00
5.615441472634417508e+00
5.564236687133188752e+00
5.512994497541019001e+00
5.461713378146317410e+00
5.410391715424764492e+00
5.359027819074291266e+00
5.307619899077097081e+00
5.256166077644192747e+00
5.204664363539147409e+00
5.153112665000124437e+00
5.101508761024768468e+00
5.049850315330968620e+00
4.998134844239380037e+00
4.946359731707379304e+00
4.894522193351626527e+00
4.842619292538935305e+00
4.790647899962262812e+00
4.738604710696921352e+00
4.686486198578131201e+00
4.634288634032926346e+00
4.582008032305199485e+00
4.529640171754454769e+00
4.477180534731880712e+00
4.424624325895037735e+00
4.371966404246354188e+00
4.319201300839274893e+00
4.266323140129181013e+00
4.213325656223180893e+00
4.160202101232747474e+00
4.106945258966953283e+00
4.053547336735824125e+00
4.000000000000000000e+00
