6.078686900317050501e+00
5.976813282845122366e+00
5.874830663274385856e+00
5.772728984816376752e+00
5.670497936041348552e+00
5.568125388592227942e+00
5.465597147250067955e+00
5.362896619674439869e+00
5.260004593268707396e+00
5.156899142502855860e+00
5.053555676606242386e+00
4.949947104776172502e+00
4.846044069678988819e+00
4.741815182233864334e+00
4.637227179933061549e+00
4.532244930585730636e+00
4.426831199546742646e+00
4.320946112271972339e+00
4.214546201205992659e+00
4.107582786578828582e+00
4.000000000000000000e+00
