6.077892750139680444e+00
6.026964585145528019e+00
5.975996782786384465e+00
5.924975736587532182e+00
5.873886767507740636e+00
5.822717410828084361e+00
5.771460740604313244e+00
5.720117354768340157e+00
5.668695728643115217e+00
5.617210968428134166e+00
5.565682147369831689e+00
5.514128666213617080e+00
5.462566516101683867e+00
5.411005570853967050e+00
5.359448699823956552e+00
5.307892681411225944e+00
5.256330183892965024e+00
5.204751902385590157e+00
5.153148233472260031e+00
5.101510285804572220e+00
5.049830310830273561e+00
4.998101744156307369e+00
4.946319038925037326e+00
4.894477420314804483e+00
4.842572636796751873e+00
4.790600744116164655e+00
4.738557933303882308e+00
4.686440400853451926e+00
4.634244253511221601e+00
4.581965438750221331e+00
4.529599692767375174e+00
4.477142499449737301e+00
4.424589055408931770e+00
4.371934237707677084e+00
4.319172571747938782e+00
4.266298198142144393e+00
4.213304836405586506e+00
4.160185747619183694e+00
4.106933697275456652e+00
4.053540987597806122e+00
4.000000000000000000e+00
