6.078055923114748182e+00
6.027129986724645505e+00
5.976171192001134891e+00
5.925170915078203926e+00
5.874118291361939193e+00
5.823001427024757426e+00
5.771809667613524653e+00
5.720535887683767307e+00
5.669178268756911443e+00
5.617741187919385482e+00
5.566234997651831939e+00
5.514674604807785485e+00
5.463076975819030956e+00
5.411458054588488054e+00
5.359829917524312926e+00
5.308199010804785622e+00
5.256565891154567183e+00
5.204926263105566164e+00
5.153272679462493677e+00
5.101596244533038949e+00
5.049887911254837825e+00
4.998139257177268036e+00
4.946342814485021222e+00
4.894492098073645714e+00
4.842581467888871671e+00
4.790605924428840368e+00
4.738560897334205713e+00
4.686442057113819004e+00
4.634245160725429358e+00
4.581965930880580018e+00
4.529599963851904221e+00
4.477142658961501986e+00
4.424589163138107573e+00
4.371934325046315628e+00
4.319172654313340409e+00
4.266298283037494699e+00
4.213304926380012638e+00
4.160185843337812273e+00
4.106933798480747022e+00
4.053541085578058478e+00
4.000000000000000000e+00
