6.078548208459600311e+00
6.027624212425179984e+00
5.976673824869109808e+00
5.925696012036103966e+00
5.874689745532525542e+00
5.823653941351505381e+00
5.772587461749284721e+00
5.721489111166711439e+00
5.670357632131314496e+00
5.619191700214340557e+00
5.567989917698706215e+00
5.516750805453859208e+00
5.465472792449448391e+00
5.414154202297213558e+00
5.362793236219792092e+00
5.311387951930921503e+00
5.259936238097519201e+00
5.208435784353759423e+00
5.156884047245331004e+00
5.105278212968660689e+00
5.053615158279966657e+00
5.001891411409080668e+00
4.950103115145010335e+00
4.898245994400126868e+00
4.846315330474600280e+00
4.794305943941170156e+00
4.742212187602183882e+00
4.690027950416376434e+00
4.637746672737598885e+00
4.585361372735750507e+00
4.532864683503905034e+00
4.480248900160800574e+00
4.427506036047628157e+00
4.374627887183591746e+00
4.321606103623208739e+00
4.268432266499615046e+00
4.215097969001694977e+00
4.161594894796579958e+00
4.107914932355312132e+00
4.054050579152633560e+00
4.000000000000000000e+00
