6.074757818254258090e+00
6.023831867248222061e+00
5.972879461722230943e+00
5.921899534298407985e+00
5.870891053381407154e+00
5.819852930432145577e+00
5.768784025217745359e+00
5.717683141977586203e+00
5.666549026219573904e+00
5.615380361170871026e+00
5.564175763976053624e+00
5.512933781612347595e+00
5.461652886499604342e+00
5.410331471778438761e+00
5.358967846227100651e+00
5.307560228784490519e+00
5.256106742643233076e+00
5.204605408872840400e+00
5.153054139528646438e+00
5.101450730197285566e+00
5.049792851923955439e+00
4.998078042460421422e+00
4.946303696765625979e+00
4.894467056682672457e+00
4.842565199706771573e+00
4.790595026748270868e+00
4.738553248782868543e+00
4.686436372267483108e+00
4.634240683184279064e+00
4.581962229557874799e+00
4.529596802268012645e+00
4.477139913961103446e+00
4.424586775821145679e+00
4.371932271968771211e+00
4.319170931110319245e+00
4.266296895299199754e+00
4.213303884959627155e+00
4.160185161157149203e+00
4.106933485483084567e+00
4.053541108922982694e+00
4.000000000000000000e+00
