6.074879421260575896e+00
6.023879496639009012e+00
5.972898244088899133e+00
5.921909553627743961e+00
5.870898890305586981e+00
5.819860285646360154e+00
5.768791273452504420e+00
5.717690352011801203e+00
5.666556200469425875e+00
5.615387486392691585e+00
5.564182821542297930e+00
5.512940750308952254e+00
5.461659744090678892e+00
5.410338196307603376e+00
5.358974417063137707e+00
5.307566627310401408e+00
5.256112952556621032e+00
5.204611416148384961e+00
5.153059932146074829e+00
5.101456297750964097e+00
5.049798185211966661e+00
4.998083133117707355e+00
4.946308536971733893e+00
4.894471638948509451e+00
4.842569516729188450e+00
4.790599071314810331e+00
4.738557013708549981e+00
4.686439850348258496e+00
4.634243867154995478e+00
4.581965112046979094e+00
4.529599375740778200e+00
4.477142170653804598e+00
4.424588707645972896e+00
4.371933870434869362e+00
4.319172187136864238e+00
4.266297799226471454e+00
4.213304426028365413e+00
4.160185328208156896e+00
4.106933269265842235e+00
4.053540567828491703e+00
4.000000000000000000e+00
