1.999999990066712385e+01
1.999943240750807405e+01
1.999995750521974358e+01
1.999999215804288966e+01
1.999999926485053336e+01
2.000000033990289339e+01
2.000000016981540440e+01
2.000000014151591543e+01
2.000000009163290926e+01
2.000000006880870984e+01
2.000000005393576785e+01
2.000000004533001174e+01
2.000000004015807065e+01
2.000000003719999242e+01
2.000000003567311779e+01
2.000000003513610380e+01
2.000000003533597948e+01
2.000000003614198008e+01
2.000000003750635713e+01
2.000000003943781479e+01
2.000000004198913572e+01
2.000000004524493846e+01
2.000000004932354614e+01
2.000000005437344441e+01
2.000000006057218727e+01
2.000000006814410014e+01
2.000000007734127294e+01
2.000000008854765809e+01
2.000000010207795498e+01
2.000000011885547480e+01
2.000000013878438665e+01
2.000000016566172789e+01
2.000000019433143805e+01
2.000000024777430241e+01
2.000000027732970409e+01
2.000000044566411006e+01
2.000000035640457341e+01
2.000000116483103341e+01
1.999999705585160825e+01
1.999989913887650061e+01
1.999794663596003375e+01
