2.000000013185998071e+01
1.999848266174972977e+01
1.999837734743018203e+01
1.999815545954704632e+01
1.999797114439374468e+01
1.999783333708895583e+01
1.999776693417015849e+01
1.999780293427072309e+01
1.999798803211725939e+01
1.999839532437772505e+01
1.999913797468519050e+01
2.000038526703500352e+01
2.000238020469383216e+01
2.000545715409064229e+01
2.001005731221238193e+01
2.001673912406161904e+01
2.002618040771097796e+01
2.003916907337767128e+01
2.005658009903050498e+01
2.007933786212685945e+01
2.010836485898204629e+01
2.014451993193526036e+01
2.018853093159110657e+01
2.024092784919625743e+01
2.030198259548634709e+01
2.037166074741038102e+01
2.044958895456972314e+01
2.053503968498804966e+01
2.062693305912977593e+01
2.072385402227010331e+01
2.082408234548015358e+01
2.092563277836775626e+01
2.102630345285128399e+01
2.112373111450135355e+01
2.121545386887326501e+01
2.129898180875030889e+01
2.137187942775640082e+01
2.143188117684472616e+01
2.147707248580160311e+01
2.150630296794723151e+01
2.151467099555156892e+01
