1.999999999522891514e+01
1.999844797365136628e+01
1.999862276688285689e+01
1.999864711083614210e+01
1.999868677188986865e+01
1.999872645204830235e+01
1.999876714591395910e+01
1.999880740232633514e+01
1.999884557578976896e+01
1.999887976941746004e+01
1.999890799152047904e+01
1.999892830443591407e+01
1.999893899632667882e+01
1.999893877352655736e+01
1.999892697178454881e+01
1.999890378494661292e+01
1.999887051233054081e+01
1.999882983058356700e+01
1.999878610174970106e+01
1.999874573580759929e+01
1.999871763179099560e+01
1.999871372549647930e+01
1.999874967241536083e+01
1.999884569065696027e+01
1.999902757978457757e+01
1.999932791673632337e+01
1.999978741169904595e+01
2.000045637983160418e+01
2.000139626878712207e+01
2.000268112676419818e+01
2.000439895439965809e+01
2.000665263440300734e+01
2.000956075665222045e+01
2.001325694319999471e+01
2.001789074295523108e+01
2.002362157104690255e+01
2.003062367449629733e+01
2.003904499304162101e+01
2.004892047930662002e+01
2.005914790386393065e+01
2.006090525205308950e+01
