2.000000001683388717e+01
1.999843017472099405e+01
1.999860291174726967e+01
1.999862392268838818e+01
1.999866059855205691e+01
1.999869774245046727e+01
1.999873662708810329e+01
1.999877607293699810e+01
1.999881469521505295e+01
1.999885081830277755e+01
1.999888260402464368e+01
1.999890817258580356e+01
1.999892574712896831e+01
1.999893381974709783e+01
1.999893133759993447e+01
1.999891790737343911e+01
1.999889401761552676e+01
1.999886128142386710e+01
1.999882270632894077e+01
1.999878300343530668e+01
1.999874895339649683e+01
1.999872985121441005e+01
1.999873805441265517e+01
1.999878965837475064e+01
1.999890531809671401e+01
1.999911122599511515e+01
1.999944024260324227e+01
1.999993315581496134e+01
2.000064003213879005e+01
2.000162157445098998e+01
2.000295045250062387e+01
2.000471234438006718e+01
2.000700698459993276e+01
2.000994796080915350e+01
2.001366402508702080e+01
2.001829420056006370e+01
2.002399298830437502e+01
2.003089417012750317e+01
2.003903754880317223e+01
2.004747501850708247e+01
2.004858705117749196e+01
