1.999999997207430269e+01
1.999837510091814607e+01
1.999853877060543184e+01
1.999854574644441030e+01
1.999856838174178364e+01
1.999859180221567101e+01
1.999861818178461448e+01
1.999864731432747789e+01
1.999867886510248738e+01
1.999871221412297828e+01
1.999874650199309301e+01
1.999878065415032324e+01
1.999881341949872038e+01
1.999884342576405061e+01
1.999886925411511029e+01
1.999888953352472498e+01
1.999890305414323066e+01
1.999890889857523746e+01
1.999890659001110294e+01
1.999889625700109619e+01
1.999887881604219686e+01
1.999885617505757196e+01
1.999883146322644834e+01
1.999880929492195492e+01
1.999879607773184276e+01
1.999880037555481849e+01
1.999883333840825728e+01
1.999890920678634032e+01
1.999904590047881214e+01
1.999926567844479308e+01
1.999959589732044662e+01
2.000006974790068526e+01
2.000072721763418571e+01
2.000161548844559434e+01
2.000279064765044978e+01
2.000431560989262181e+01
2.000626539525396197e+01
2.000870668058542634e+01
2.001166805915826075e+01
2.001466595305210205e+01
2.001381394303552952e+01
