2.000000000337533734e+01
1.999835037982585106e+01
1.999850784076522814e+01
1.999850538451139670e+01
1.999851728832915043e+01
1.999852872812569160e+01
1.999854222155472172e+01
1.999855800961015007e+01
1.999857633261288115e+01
1.999859726283537142e+01
1.999862073006660879e+01
1.999864651373785307e+01
1.999867423691268087e+01
1.999870336418217320e+01
1.999873320695989420e+01
1.999876293863272281e+01
1.999879162139670541e+01
1.999881824597862945e+01
1.999884178484429853e+01
1.999886125906301260e+01
1.999887581863054109e+01
1.999888483592245692e+01
1.999888801203977451e+01
1.999888549610901833e+01
1.999887801828075595e+01
1.999886703778991759e+01
1.999885490887313466e+01
1.999884506666707296e+01
1.999884224056785342e+01
1.999885268938762550e+01
1.999888449066465412e+01
1.999894780836829256e+01
1.999905535567264181e+01
1.999922247312629509e+01
1.999946831563739735e+01
1.999981427419900371e+01
2.000028851044958600e+01
2.000091234899087311e+01
2.000169102615113914e+01
2.000233696037276943e+01
2.000063352864799526e+01
