2.000000005298324979e+01
1.999834024206347749e+01
1.999849360740866544e+01
1.999848501869742634e+01
1.999848912954167801e+01
1.999849084056949877e+01
1.999849250592833272e+01
1.999849425490794630e+01
1.999849630162073311e+01
1.999849880398960522e+01
1.999850191154090240e+01
1.999850577304775001e+01
1.999851053881990381e+01
1.999851635863211285e+01
1.999852337728943041e+01
1.999853172871592477e+01
1.999854152905318472e+01
1.999855286909984287e+01
1.999856580641436210e+01
1.999858035748895091e+01
1.999859649048842769e+01
1.999861411910162090e+01
1.999863309811183498e+01
1.999865322122532163e+01
1.999867422175682208e+01
1.999869577652806285e+01
1.999871751374190865e+01
1.999873902412508642e+01
1.999875987864627547e+01
1.999877964417693477e+01
1.999879792219913810e+01
1.999881434124392143e+01
1.999882869304051169e+01
1.999884070496460353e+01
1.999885077128009669e+01
1.999885827129002891e+01
1.999886543448918275e+01
1.999886632166133893e+01
1.999884642046438543e+01
1.999859038086600194e+01
1.999655904099654435e+01
