1.999999994388646840e+01
1.999834015717646452e+01
1.999849333521985528e+01
1.999848449418548313e+01
1.999848829183739696e+01
1.999848958704217594e+01
1.999849067582168871e+01
1.999849162964006055e+01
1.999849260675030393e+01
1.999849370891670830e+01
1.999849502836334381e+01
1.999849665654995334e+01
1.999849868907039152e+01
1.999850122728520319e+01
1.999850437831980443e+01
1.999850825392374531e+01
1.999851296831156944e+01
1.999851863504598271e+01
1.999852536304915063e+01
1.999853325189716458e+01
1.999854238659271743e+01
1.999855283204307099e+01
1.999856462751009545e+01
1.999857778128350816e+01
1.999859226593715178e+01
1.999860801439518809e+01
1.999862491749992444e+01
1.999864282241198055e+01
1.999866153523257140e+01
1.999868081940148201e+01
1.999870041511146823e+01
1.999872001075136296e+01
1.999873935645447176e+01
1.999875801273483944e+01
1.999877605676207892e+01
1.999879237551091649e+01
1.999880850745090299e+01
1.999881761790907930e+01
1.999880416225128599e+01
1.999855197752643221e+01
1.999652188072650461e+01
