1.999999999025785158e+01
1.999834032080758561e+01
1.999849347120122545e+01
1.999848451717643272e+01
1.999848814300953492e+01
1.999848920681448661e+01
1.999848998525976995e+01
1.999849052416933048e+01
1.999849094935893135e+01
1.999849132149264364e+01
1.999849168184927350e+01
1.999849206134220481e+01
1.999849248689918113e+01
1.999849298524292607e+01
1.999849358535860944e+01
1.999849432014206485e+01
1.999849522747367914e+01
1.999849635085891464e+01
1.999849773968978184e+01
1.999849944914902622e+01
1.999850153979037870e+01
1.999850407678870567e+01
1.999850712888114757e+01
1.999851076699399499e+01
1.999851506259837564e+01
1.999852008571251716e+01
1.999852590295719423e+01
1.999853257466678258e+01
1.999854015423928999e+01
1.999854868104881334e+01
1.999855819208585572e+01
1.999856868313197111e+01
1.999858020983622353e+01
1.999859262117309200e+01
1.999860624926004959e+01
1.999862018168947486e+01
1.999863608588039554e+01
1.999864714639718244e+01
1.999863767239085277e+01
1.999839067945987736e+01
1.999636243826716964e+01
