2.000000003954698613e+01
1.999834044596961036e+01
1.999849359120711512e+01
1.999848463680427102e+01
1.999848826915894406e+01
1.999848932924682998e+01
1.999849009258300825e+01
1.999849060431681025e+01
1.999849098738377506e+01
1.999849129819174820e+01
1.999849157353100182e+01
1.999849183969579514e+01
1.999849211816699324e+01
1.999849242849181508e+01
1.999849279011172953e+01
1.999849322375686356e+01
1.999849375262563456e+01
1.999849440334907769e+01
1.999849520673870273e+01
1.999849619828775005e+01
1.999849741843007322e+01
1.999849891254315892e+01
1.999850073071583978e+01
1.999850292724896050e+01
1.999850555994565227e+01
1.999850868908892920e+01
1.999851237649098579e+01
1.999851668356270906e+01
1.999852167156791438e+01
1.999852739532077450e+01
1.999853391541174830e+01
1.999854125977915587e+01
1.999854952484279380e+01
1.999855860876419911e+01
1.999856890053101566e+01
1.999857955153659361e+01
1.999859229789568715e+01
1.999860039742179296e+01
1.999858823897301718e+01
1.999833899990496633e+01
1.999630995521692967e+01
