1.999999997983470834e+01
1.999834025924800329e+01
1.999849348325759735e+01
1.999848460384182403e+01
1.999848830838355340e+01
1.999848944840900344e+01
1.999849029378685117e+01
1.999849088114986273e+01
1.999849132651282346e+01
1.999849168047983028e+01
1.999849197325512762e+01
1.999849222217977385e+01
1.999849243692525391e+01
1.999849262274917905e+01
1.999849278289906707e+01
1.999849292026070557e+01
1.999849303829934399e+01
1.999849314142625545e+01
1.999849323499461207e+01
1.999849332510417099e+01
1.999849341838397265e+01
1.999849352184681806e+01
1.999849364286210829e+01
1.999849378922862897e+01
1.999849396937428736e+01
1.999849419253671101e+01
1.999849446926618768e+01
1.999849481119356653e+01
1.999849523314897581e+01
1.999849574889096360e+01
1.999849638541564190e+01
1.999849714670389034e+01
1.999849811682452483e+01
1.999849919544732302e+01
1.999850078789793884e+01
1.999850208023088172e+01
1.999850485917236398e+01
1.999850246750764882e+01
1.999847946426935152e+01
1.999821989788623000e+01
1.999618713487234345e+01
