6.074757141933500471e+00
6.023831196246348441e+00
5.972878802141023513e+00
5.921898885930811041e+00
5.870890414719227124e+00
5.819852299271767393e+00
5.768783398309332178e+00
5.717682514871060384e+00
5.666548393108134185e+00
5.615379714789854759e+00
5.564175095580049302e+00
5.512933081060304552e+00
5.461652142476604688e+00
5.410330672179394895e+00
5.358966978720558494e+00
5.307559281563281495e+00
5.256105705352294599e+00
5.204604273683095528e+00
5.153052902300808036e+00
5.101449391653822829e+00
5.049791418725857461e+00
4.998076528072718183e+00
4.946302121997160128e+00
4.894465449802356538e+00
4.842563596073616417e+00
4.790593467932577454e+00
4.738551781213122815e+00
4.686435045454617310e+00
4.634239547645716328e+00
4.581961334439140998e+00
4.529596192866033988e+00
4.477139628692859752e+00
4.424586843290805760e+00
4.371932705863069479e+00
4.319171726359295249e+00
4.266298015829961265e+00
4.213305260446584377e+00
4.160186651215986409e+00
4.106934889285024148e+00
4.053542030827342657e+00
4.000000000000000000e+00
