6.075717899873825267e+00
6.024454342477053359e+00
5.973261409601270167e+00
5.922122746847875874e+00
5.871017019436743922e+00
5.819922931650813425e+00
5.768823434231529212e+00
5.717706520395075209e+00
5.666564291768609429e+00
5.615391634018417122e+00
5.564185109285237019e+00
5.512942198937605731e+00
5.461660841267997668e+00
5.410339169041839646e+00
5.358975367231132658e+00
5.307567597493742184e+00
5.256113957581446172e+00
5.204612458143574649e+00
5.153061007777016478e+00
5.101457401726347207e+00
5.049799311978030225e+00
4.998084277637078188e+00
4.946309695028713094e+00
4.894472807198038566e+00
4.842570692633804796e+00
4.790600253002128994e+00
4.738558199871688359e+00
4.686441040045262518e+00
4.634245059851862969e+00
4.581966307235632918e+00
4.529600573463567592e+00
4.477143370307953063e+00
4.424589910181605745e+00
4.371935074058589166e+00
4.319173395434502183e+00
4.266299005869035099e+00
4.213305643178244075e+00
4.160186533675743981e+00
4.106934492931721081e+00
4.053541629295418502e+00
4.000000000000000000e+00
