6.077952978979850762e+00
6.027027801478021196e+00
5.976070894509359022e+00
5.925072025919996044e+00
5.874018208252921980e+00
5.822896113232127746e+00
5.771695294869936710e+00
5.720410570018571228e+00
5.669043259680429436e+00
5.617601232208613737e+00
5.566097706325725980e+00
5.514548903552619841e+00
5.462970999734015898e+00
5.411377193931386387e+00
5.359775748364541847e+00
5.308169440401843353e+00
5.256556267955952322e+00
5.204930850126602948e+00
5.153285929526157716e+00
5.101613592788138085e+00
5.049906075727369270e+00
4.998156187221496793e+00
4.946357454702204670e+00
4.894504098268328995e+00
4.842590916963577463e+00
4.790613142376960454e+00
4.738566291460628577e+00
4.686446033867240679e+00
4.634248079662042663e+00
4.581968086425460385e+00
4.529601584669854297e+00
4.477143914454123852e+00
4.424590176194256763e+00
4.371935179235656221e+00
4.319173410877921171e+00
4.266298974752880113e+00
4.213305589814857477e+00
4.160186472837310134e+00
4.106934432121090772e+00
4.053541570543804262e+00
4.000000000000000000e+00
