1.999999995944275355e+01
1.999815678749220638e+01
1.999828917408357754e+01
1.999828299854161529e+01
1.999828533347225346e+01
1.999828607137618164e+01
1.999828657083598671e+01
1.999828690572459777e+01
1.999828714902247739e+01
1.999828733346484100e+01
1.999828747746850155e+01
1.999828759209517770e+01
1.999828768445678406e+01
1.999828775948264337e+01
1.999828782075488931e+01
1.999828787138912034e+01
1.999828791396404526e+01
1.999828795200603793e+01
1.999828798800977836e+01
1.999828802850699816e+01
1.999828807452945156e+01
1.999828814204179750e+01
1.999828822134703188e+01
1.999828836011796795e+01
1.999828849788458740e+01
1.999828879713949803e+01
1.999828898890455520e+01
1.999828966129256713e+01
1.999828974283353844e+01
1.999829138835675835e+01
1.999829056011866157e+01
1.999829506633414411e+01
1.999829025039050379e+01
1.999830381596222395e+01
1.999828418687459575e+01
1.999832721915725386e+01
1.999825657601726192e+01
1.999839518191208754e+01
1.999815654465714587e+01
1.999857005992300785e+01
1.999688461361529335e+01
