4.055870793149762399e+00
4.054332230201153742e+00
4.052798042773959608e+00
4.051268117227538212e+00
4.049742456527707368e+00
4.048221052691411970e+00
4.046703902258991903e+00
4.045191002793953494e+00
4.043682355172148135e+00
4.042177964673091317e+00
4.040677843152428395e+00
4.039182011856978782e+00
4.037690505288171749e+00
4.036203376298407086e+00
4.034720702679805981e+00
4.033242595458998103e+00
4.031769209058028380e+00
4.030300753377663803e+00
4.028837507713879162e+00
4.027379836230732479e+00
4.025928204493213869e+00
4.024483196327867773e+00
4.023045530049533802e+00
4.021616072895552563e+00
4.020195852372318690e+00
4.018786063165322275e+00
4.017388068312476079e+00
4.016003393489295803e+00
4.014633713512724356e+00
4.013280830482121253e+00
4.011946643391002709e+00
4.010633109348322733e+00
4.009342197055313584e+00
4.008075832923847948e+00
4.006835840470440502e+00
4.005623868846527103e+00
4.004441298928814952e+00
4.003289067509575361e+00
4.002167234027037779e+00
4.001073624883329849e+00
4.000000000000000000e+00
