4.058569029749685697e+00
4.057022490468121134e+00
4.055480299198645611e+00
4.053942383446104358e+00
4.052408742255979135e+00
4.050879366763437517e+00
4.049354250179287185e+00
4.047833385669731499e+00
4.046316767467948772e+00
4.044804390692513074e+00
4.043296251251547346e+00
4.041792345537071007e+00
4.040292670127500152e+00
4.038797221534026427e+00
4.037305996033741629e+00
4.035818989587090400e+00
4.034336197822594450e+00
4.032857616064420725e+00
4.031383239380874173e+00
4.029913062637779930e+00
4.028447080547259418e+00
4.026985287707619321e+00
4.025527678633543438e+00
4.024074247777640778e+00
4.022624989545107610e+00
4.021179898303382849e+00
4.019738968388211653e+00
4.018302194107678638e+00
4.016869569744250690e+00
4.015441089557229226e+00
4.014016747782193306e+00
4.012596538636928223e+00
4.011180456317096521e+00
4.009768495031317492e+00
4.008360649010645815e+00
4.006956912780363922e+00
4.005557281532367675e+00
4.004161753429313464e+00
4.002770334376776873e+00
4.001383058771154744e+00
4.000000000000000000e+00
