4.058290883057050102e+00
4.056745198926511975e+00
4.055203878445691856e+00
4.053666839945136324e+00
4.052134085753142934e+00
4.050605608861670426e+00
4.049081404482167912e+00
4.047561467003818692e+00
4.046045790958241462e+00
4.044534370769053311e+00
4.043027200875858540e+00
4.041524275778089148e+00
4.040025590151653745e+00
4.038531139014346572e+00
4.037040917972489318e+00
4.035554923569666386e+00
4.034073153769259790e+00
4.032595608608871451e+00
4.031122291074035857e+00
4.029653208247692575e+00
4.028188372800586947e+00
4.026727804894804308e+00
4.025271534576893906e+00
4.023819604737012945e+00
4.022372074704731126e+00
4.020929024538779650e+00
4.019490560046041772e+00
4.018056818532356189e+00
4.016627975245350868e+00
4.015204250412242715e+00
4.013785916710476798e+00
4.012373306904546411e+00
4.010966821255199655e+00
4.009566933954514134e+00
4.008174197218939305e+00
4.006789239491239663e+00
4.005412749455699029e+00
4.004045421991132336e+00
4.002687805754654882e+00
4.001339880888758138e+00
4.000000000000000000e+00
