4.058497346661498639e+00
4.056951030980627593e+00
4.055409072029706685e+00
4.053871396565895679e+00
4.052338006045448360e+00
4.050808893450357218e+00
4.049284053796823102e+00
4.047763481490516568e+00
4.046247171215836325e+00
4.044735117673531555e+00
4.043227315616773510e+00
4.041723759791823412e+00
4.040224444921775238e+00
4.038729365701345664e+00
4.037238516815700784e+00
4.035751892982331057e+00
4.034269489021540700e+00
4.032791299962918075e+00
4.031317321198879533e+00
4.029847548699915905e+00
4.028381979310154293e+00
4.026920611146206141e+00
4.025463444126991419e+00
4.024010480667209677e+00
4.022561726572051910e+00
4.021117192175330146e+00
4.019676893766656711e+00
4.018240855355337260e+00
4.016809110817200157e+00
4.015381706466372158e+00
4.013958704078806505e+00
4.012540184373396990e+00
4.011126250888491285e+00
4.009717034092105337e+00
4.008312695207806087e+00
4.006913428624704565e+00
4.005519459633629431e+00
4.004131030179885364e+00
4.002748352435013146e+00
4.001371484604807627e+00
4.000000000000000000e+00
