4.058557441678658506e+00
4.057010943004372372e+00
4.055468797494206079e+00
4.053930932057295600e+00
4.052397347146073692e+00
4.050868036137583061e+00
4.049342994654286265e+00
4.047822217773122233e+00
4.046305700746930967e+00
4.044793438730243551e+00
4.043285426835129925e+00
4.041781660107386820e+00
4.040282133533203535e+00
4.038786842037402458e+00
4.037295780483301399e+00
4.035808943672204663e+00
4.034326326344904956e+00
4.032847923186146488e+00
4.031373728833049341e+00
4.029903737888290038e+00
4.028437944939153859e+00
4.026976344584204170e+00
4.025518931470257300e+00
4.024065700343535390e+00
4.022616646120247275e+00
4.021171763983494074e+00
4.019731049514897236e+00
4.018294498871692433e+00
4.016862109020884475e+00
4.015433878046379412e+00
4.014009805541065568e+00
4.012589893107708860e+00
4.011174144963630006e+00
4.009762568690487861e+00
4.008355176020783617e+00
4.006951983772145454e+00
4.005553014348366858e+00
4.004158296430815334e+00
4.002767863732168863e+00
4.001381758216867368e+00
4.000000000000000000e+00
