4.058558599280090107e+00
4.057012092210914744e+00
4.055469937665297842e+00
4.053932064151882564e+00
4.052398472269848284e+00
4.050869155121284315e+00
4.049344108013506194e+00
4.047823325774975167e+00
4.046306803493427751e+00
4.044794536224353365e+00
4.043286519023869374e+00
4.041782746906675605e+00
4.040283214841935866e+00
4.038787917746470058e+00
4.037296850482618993e+00
4.035810007856537318e+00
4.034327384618064727e+00
4.032848975462695940e+00
4.031374775036672631e+00
4.029904777946112127e+00
4.028438978771260004e+00
4.026977372087318763e+00
4.025519952493961995e+00
4.024066714656593824e+00
4.022617653363544932e+00
4.021172763604877964e+00
4.019732040679795837e+00
4.018295480341858905e+00
4.016863078991903535e+00
4.015434833932798320e+00
4.014010743696148964e+00
4.012590808463468939e+00
4.011175030576003664e+00
4.009763415177376444e+00
4.008355970888995756e+00
4.006952710658740813e+00
4.005553652268283749e+00
4.004158819314432627e+00
4.002768240962168989e+00
4.001381958069404554e+00
4.000000000000000000e+00
