4.058563985582800626e+00
4.057017461605117781e+00
4.055475290361168383e+00
4.053937400315059669e+00
4.052403791768660390e+00
4.050874457719782384e+00
4.049349393358768978e+00
4.047828593302511102e+00
4.046312052330358178e+00
4.044799765139970305e+00
4.043291726430926047e+00
4.041787930899965353e+00
4.040288373257427068e+00
4.038793048228074944e+00
4.037301950548306984e+00
4.035815074959048232e+00
4.034332416197510263e+00
4.032853968989217996e+00
4.031379728041437183e+00
4.029909688038399551e+00
4.028443843638323862e+00
4.026982189471947748e+00
4.025524720142155566e+00
4.024071430224360313e+00
4.022622314267353616e+00
4.021177366794668195e+00
4.019736582306452810e+00
4.018299955282671476e+00
4.016867480187465311e+00
4.015439151477426805e+00
4.014014963611245435e+00
4.012594911071532877e+00
4.011178988384116018e+00
4.009767190186606101e+00
4.008359511283513754e+00
4.006955946972665217e+00
4.005556493465386225e+00
4.004161150171261951e+00
4.002769924241172284e+00
4.001382850506905342e+00
4.000000000000000000e+00
