4.045649503260723812e+00
4.044139257507342045e+00
4.042633614219539595e+00
4.041132810099037798e+00
4.039637367310194627e+00
4.038148117683724614e+00
4.036666326110170289e+00
4.035193807039824776e+00
4.033733032448885147e+00
4.032287207289785513e+00
4.030860293499291203e+00
4.029456965591664108e+00
4.028082488247665793e+00
4.026742515061739525e+00
4.025442816641298549e+00
4.024188953692172888e+00
4.022985915736397189e+00
4.021837748656356126e+00
4.020747195008007147e+00
4.019715370909767493e+00
4.018741503022011052e+00
4.017822748896508145e+00
4.016954123334044446e+00
4.016128551247414968e+00
4.015337062410790026e+00
4.014569134020745445e+00
4.013813172619475900e+00
4.013057108582632537e+00
4.012289056909219553e+00
4.011497982073469082e+00
4.010674297171531677e+00
4.009810332428470403e+00
4.008900625384526073e+00
4.007942012506200413e+00
4.006933531231198664e+00
4.005876172013188352e+00
4.004772540315913787e+00
4.003626541491327906e+00
4.002443303338093727e+00
4.001230097442102895e+00
4.000000000000000000e+00
