2.000000422745990747e+01
2.000040077049357023e+01
2.000036312769150015e+01
2.000037200103357904e+01
2.000036862964619644e+01
2.000036978591860759e+01
2.000037026314237210e+01
2.000037131223513498e+01
2.000037226580037242e+01
2.000037305353471595e+01
2.000037348805514981e+01
2.000037350452774376e+01
2.000037309633166771e+01
2.000037232058782166e+01
2.000037127061538911e+01
2.000037005540626112e+01
2.000036878076663172e+01
2.000036753738267592e+01
2.000036639443372977e+01
2.000036539823333470e+01
2.000036457433957438e+01
2.000036393186061190e+01
2.000036346884835936e+01
2.000036317807898456e+01
2.000036305208712761e+01
2.000036308831013798e+01
2.000036329150219672e+01
2.000036367906084678e+01
2.000036427729914834e+01
2.000036513593500231e+01
2.000036630307182506e+01
2.000036789327294429e+01
2.000036997348662027e+01
2.000037291696954966e+01
2.000037694203400207e+01
2.000038407898168913e+01
2.000039678691509337e+01
2.000042995365664567e+01
2.000051211636959536e+01
2.000077153007693198e+01
2.000129129103152081e+01
