1.999999241658760241e+01
2.000038746115894739e+01
2.000035092316644736e+01
2.000036246900796044e+01
2.000036194760606634e+01
2.000036531341533674e+01
2.000036714389313275e+01
2.000036881197056715e+01
2.000036993935748342e+01
2.000037077184473233e+01
2.000037137928153541e+01
2.000037185007846929e+01
2.000037221981567725e+01
2.000037249527250793e+01
2.000037265927003105e+01
2.000037268501669985e+01
2.000037254731652325e+01
2.000037223156520838e+01
2.000037173849484518e+01
2.000037108510327144e+01
2.000037030240060432e+01
2.000036943117921595e+01
2.000036851700237150e+01
2.000036760559311588e+01
2.000036673886312499e+01
2.000036595308382203e+01
2.000036527675164066e+01
2.000036473360775702e+01
2.000036433830681659e+01
2.000036411169591233e+01
2.000036405728707578e+01
2.000036423086389092e+01
2.000036462815002025e+01
2.000036553978597809e+01
2.000036709199469698e+01
2.000037121719014976e+01
2.000038028400700441e+01
2.000040913084540151e+01
2.000048637075659741e+01
2.000074055949372109e+01
2.000125503604067490e+01
