6.079537053925969659e+00
5.977664277927083880e+00
5.875683006727577151e+00
5.773583598495781288e+00
5.671356395811537610e+00
5.568990208840109979e+00
5.466471933713195952e+00
5.363785926905225487e+00
5.260913314525467399e+00
5.157831343946622127e+00
5.054512925004615020e+00
4.950926493205306755e+00
4.847036274143486700e+00
4.742802958174619832e+00
4.638184715024262772e+00
4.533138433395656364e+00
4.427620951567992513e+00
4.321590109628567156e+00
4.215004994561524221e+00
4.107824871912949760e+00
4.000000000000000000e+00
