6.075442259398581513e+00
5.973564856902427778e+00
5.871578206530300825e+00
5.769472939121920163e+00
5.667239819248905519e+00
5.564868591525339525e+00
5.462347935103820440e+00
5.359665291212989402e+00
5.256806660284942367e+00
5.153756348078906591e+00
5.050496649080576717e+00
4.947007452998830601e+00
4.843265762751968850e+00
4.739245110820139217e+00
4.634914881329021519e+00
4.530239500326009860e+00
4.425177609391728772e+00
4.319680893522934717e+00
4.213693568444334403e+00
4.107150991126429673e+00
4.000000000000000000e+00
