6.074741950339330288e+00
5.972863923486007920e+00
5.870876745713858647e+00
5.768770897619744709e+00
5.666537109889359769e+00
5.564165077790769409e+00
5.461643443795368924e+00
5.358959653815066559e+00
5.256099801971143570e+00
5.153048448657367331e+00
5.049788407791674594e+00
4.946300496332708185e+00
4.842563238096309064e+00
4.738552509788097389e+00
4.634241120732239594e+00
4.529598294364138411e+00
4.424589075433631002e+00
4.319173503314875262e+00
4.213305911991659158e+00
4.106933492909928596e+00
4.000000000000000000e+00
