6.074787752093569360e+00
5.972909752506685876e+00
5.870922497041969557e+00
5.768816321956333759e+00
5.666581819547723775e+00
5.564208600541255656e+00
5.461685307513801213e+00
5.358999453039320571e+00
5.256137219902821123e+00
5.153083241172893736e+00
5.049820371817833831e+00
4.946329441016936279e+00
4.842588967139866085e+00
4.738574817406249196e+00
4.634259802810736240e+00
4.529613179900671582e+00
4.424600083575170650e+00
4.319180743600193217e+00
4.213309818930006223e+00
4.106935004358874153e+00
4.000000000000000000e+00
