6.074734805039228469e+00
5.972856774355643772e+00
5.870869599083344603e+00
5.768763759496460253e+00
5.666529988438463228e+00
5.564157982889928356e+00
5.461636386357474393e+00
5.358952644626331363e+00
5.256092850144971074e+00
5.153041559969754104e+00
5.049781583424143072e+00
4.946293732895921558e+00
4.842556530221314937e+00
4.738545857171523323e+00
4.634234541967594545e+00
4.529591851291742799e+00
4.424582910774362610e+00
4.319167900530370474e+00
4.213301370124942657e+00
4.106930821785795160e+00
4.000000000000000000e+00
