6.074725769124854402e+00
5.972847731957346973e+00
5.870860556323125756e+00
5.768754724838066394e+00
5.666520975308752206e+00
5.564149010727562406e+00
5.461627481506008408e+00
5.358943840703223493e+00
5.256084187658788487e+00
5.153033085028910776e+00
5.049773345563393967e+00
4.946285782366245165e+00
4.842548915550526800e+00
4.738538624532143473e+00
4.634227738622110238e+00
4.529585537086057379e+00
4.424577181579391727e+00
4.319162933585330322e+00
4.213297489086077263e+00
4.106928589634707194e+00
4.000000000000000000e+00
