6.074725234100106341e+00
5.972847196370278944e+00
5.870860020157378401e+00
5.768754188121805626e+00
5.666520438174360130e+00
5.564148473484541668e+00
5.461626944741240663e+00
5.358943305408692126e+00
5.256083655384798270e+00
5.153032558056533929e+00
5.049772827084844984e+00
4.946285276656791297e+00
4.842548428111249414e+00
4.738538162181126445e+00
4.634227309512972681e+00
4.529585150642654767e+00
4.424576848345673774e+00
4.319162665032044934e+00
4.213297297403577168e+00
4.106928487641313907e+00
4.000000000000000000e+00
