6.077662228476902406e+00
5.975668105201104474e+00
5.873330045545419154e+00
5.770695733769627189e+00
5.667885262129255253e+00
5.565014048743010200e+00
5.462132393235883399e+00
5.359224451780228549e+00
5.256240450445458734e+00
5.153126328067152429e+00
5.049836519243186217e+00
4.946334750335354080e+00
4.842590533805241293e+00
4.738575464130819981e+00
4.634260501058768078e+00
4.529614180675084256e+00
4.424601372378268671e+00
4.319182286469274601e+00
4.213311448236410683e+00
4.106936576994278276e+00
4.000000000000000000e+00
