2.000000000112168763e+01
1.998325964070458838e+01
1.999030868351718837e+01
2.000602657272126450e+01
2.004079023250994140e+01
2.010499211920919294e+01
2.020795511373616549e+01
2.035391950526992488e+01
2.053891587231035842e+01
2.074963518811986063e+01
2.096474251489695817e+01
2.115823952703825483e+01
2.130415144369693792e+01
2.138171201611615757e+01
2.138014031414277483e+01
2.130143109468140494e+01
2.116043274446519717e+01
2.098008476290469204e+01
2.078760426640562287e+01
2.060621917613518406e+01
2.052541417819838898e+01
