2.000000000147160506e+01
1.999069780834406629e+01
1.999161758881009021e+01
1.999152233472767648e+01
1.999131828147701029e+01
1.999100007610694263e+01
1.999073748918081606e+01
1.999081527439721739e+01
1.999167919565373452e+01
1.999397360485325237e+01
1.999857322753968347e+01
2.000659781932321479e+01
2.001938192139820316e+01
2.003842414987455811e+01
2.006519283330594661e+01
2.010115418011855937e+01
2.014701647966630205e+01
2.020407889246983046e+01
2.026976329366200602e+01
2.034472286198889535e+01
2.036252584917156128e+01
