2.000000000201912087e+01
1.999038366406471212e+01
1.999142772335837392e+01
1.999148302486062434e+01
1.999146015564434720e+01
1.999129536979904032e+01
1.999106928655965376e+01
1.999093687947257436e+01
1.999116540649503548e+01
1.999216362062068342e+01
1.999451044729973148e+01
1.999897860048644560e+01
2.000653331803787083e+01
2.001832837616692728e+01
2.003558638901179734e+01
2.005967306405913675e+01
2.009147385963499488e+01
2.013257843140920400e+01
2.018136276332453605e+01
2.023913276605506795e+01
2.025025102900735874e+01
