2.402777777840412554e+01
2.354035786081388792e+01
2.231775891701510872e+01
2.118868148425769604e+01
2.051158218028853497e+01
2.018754370714774993e+01
2.005778054868300231e+01
2.001352699578340122e+01
2.000079521675544925e+01
1.999810746030367170e+01
1.999814706638767703e+01
1.999871331210751180e+01
1.999922629975835875e+01
1.999958398568995577e+01
1.999979690400237686e+01
1.999993299497136334e+01
1.999997194465038319e+01
2.000006298538388805e+01
1.999993009468493099e+01
1.999974829372950680e+01
2.001046670239884406e+01
