6.077729440250188908e+00
5.975766784147579891e+00
5.873495062123019750e+00
5.770906427493955881e+00
5.668088268544590136e+00
5.565166057598594840e+00
5.462222498486985600e+00
5.359266545701282247e+00
5.256254782044074148e+00
5.153128104204728999e+00
5.049833961260905113e+00
4.946331291036013766e+00
4.842587228472351235e+00
4.738572462942821417e+00
4.634257715168602410e+00
4.529611504182512682e+00
4.424598742416820052e+00
4.319179643371880317e+00
4.213308832215449051e+00
4.106933967810197039e+00
4.000000000000000000e+00
