6.078225808021107568e+00
5.976337934156082277e+00
5.874290682519098361e+00
5.772026187765598948e+00
5.669497158777001111e+00
5.566690152843159822e+00
5.463638116468978900e+00
5.360407267131768627e+00
5.257063291771142843e+00
5.153639187711696934e+00
5.050125452898075906e+00
4.946482268000592875e+00
4.842658022798991269e+00
4.738601785009836753e+00
4.634267478098455406e+00
4.529612906691342644e+00
4.424597022596685747e+00
4.319176981961204476e+00
4.213306162782012976e+00
4.106931649844245413e+00
4.000000000000000000e+00
