6.079974827647816049e+00
5.978102519323366337e+00
5.876121821997996264e+00
5.774023015815781257e+00
5.671796390269501664e+00
5.569430656137291713e+00
5.466912522586308221e+00
5.364226001455422832e+00
5.261351632666774414e+00
5.158265760851555193e+00
5.054940042299571168e+00
4.951341347715413121e+00
4.847432164936824606e+00
4.743171525905551356e+00
4.638516381480399353e+00
4.533423310956197660e+00
4.427850234907682925e+00
4.321758017433306343e+00
4.215110758803287005e+00
4.107874678269650026e+00
4.000000000000000000e+00
