6.076897353691593118e+00
5.975021414223030902e+00
5.873036364023652034e+00
5.770932995990552428e+00
5.668702086936315609e+00
5.566333325543540766e+00
5.463815199774845865e+00
5.361134741760641198e+00
5.258277201743872808e+00
5.155225623245320854e+00
5.051960311608339360e+00
4.948458204843612762e+00
4.844692179242314545e+00
4.740630333803066421e+00
4.636235325013227992e+00
4.531463750126706103e+00
4.426265759671931477e+00
4.320584450328372128e+00
4.214356370914403627e+00
4.107510827704015099e+00
4.000000000000000000e+00
