6.074873856263077521e+00
5.972995919499081374e+00
5.871008772767956074e+00
5.768902927585709328e+00
5.666669114369151217e+00
5.564297039060800643e+00
5.461775363640354541e+00
5.359091561131958059e+00
5.256231754689383529e+00
5.153180523867037621e+00
5.049920671584992249e+00
4.946432941939949757e+00
4.842695677674241139e+00
4.738684400432488175e+00
4.634371303405230513e+00
4.529724612745402723e+00
4.424707861512227502e+00
4.319278851215869963e+00
4.213388873543218338e+00
4.106981156417642609e+00
4.000000000000000000e+00
