6.074723637112204422e+00
5.972845597754020908e+00
5.870858419883508539e+00
5.768752586093997436e+00
5.666518834419559170e+00
5.564146868275546609e+00
5.461625338801341378e+00
5.358941700205418712e+00
5.256082053530218623e+00
5.153030963825545818e+00
5.049771247054954060e+00
4.946283720461925881e+00
4.842546909288352630e+00
4.738536699075492464e+00
4.634225926190371325e+00
4.529583877763368349e+00
4.424575723908906966e+00
4.319161735048702155e+00
4.213296616160759456e+00
4.106928117740380912e+00
4.000000000000000000e+00
