6.075410388990810873e+00
5.973129882925813483e+00
5.870976935755619408e+00
5.768820141849833938e+00
5.666574998088432125e+00
5.564200636673806599e+00
5.461677867408070597e+00
5.358992739319062615e+00
5.256131124593855120e+00
5.153077581220636638e+00
5.049814975389042004e+00
4.946324180279589200e+00
4.842583761951196664e+00
4.738569623184142543e+00
4.634254598681774695e+00
4.529607950678685491e+00
4.424594834626007334e+00
4.319175433761535565e+00
4.213304551246225493e+00
4.106929782734357381e+00
4.000000000000000000e+00
