1.999999999858883371e+01
1.999319682896136285e+01
2.004266699329243551e+01
2.015171044916454335e+01
2.034402301855289252e+01
2.062038694211818068e+01
2.095199791472978745e+01
2.128333429862928838e+01
2.154611957241302989e+01
2.167967440566988557e+01
2.165207399478865113e+01
2.147394013109067856e+01
2.119549079503006439e+01
2.088518469299938474e+01
2.060209069829496187e+01
2.037909993572640843e+01
2.022246675756620249e+01
2.012270009187950848e+01
2.006302277154768277e+01
2.003116767470375592e+01
2.000265635536743503e+01
