2.000000000038030024e+01
1.999078759130889793e+01
1.999056422314463433e+01
1.998951425019687989e+01
1.998888129284332393e+01
1.998927753861154599e+01
1.999172435457456487e+01
1.999769806012696449e+01
2.000924225761876230e+01
2.002897068457777507e+01
2.005989955436616512e+01
2.010508399522405654e+01
2.016708548772341913e+01
2.024741200854113998e+01
2.034593614845650222e+01
2.046079546362641111e+01
2.058770118972805463e+01
2.072186317392687371e+01
2.085361280745597767e+01
2.097797881396238040e+01
2.101433610187018530e+01
