2.000000000027343816e+01
1.999076642297890061e+01
1.999174102791992524e+01
1.999169026868882071e+01
1.999149909102250788e+01
1.999113893396810582e+01
1.999075355507800467e+01
1.999059667600890577e+01
1.999107426540657784e+01
1.999277990000421568e+01
1.999652989687504601e+01
2.000339013932374854e+01
2.001466677967982832e+01
2.003188240156432798e+01
2.005660422937676302e+01
2.009049035500735059e+01
2.013451728459163803e+01
2.019033845300090846e+01
2.025567453881484781e+01
2.033146042822310307e+01
2.034963394821579641e+01
