1.999999999817904950e+01
1.999035287414150730e+01
1.999145616921543223e+01
1.999157617103782414e+01
1.999161395472077984e+01
1.999148147523955643e+01
1.999122777087709224e+01
1.999096755708931639e+01
1.999091703886854887e+01
1.999142017970915930e+01
1.999297598683822486e+01
1.999626555246332771e+01
2.000216209904312237e+01
2.001174663233280171e+01
2.002621533980293478e+01
2.004697799523336954e+01
2.007506279407424898e+01
2.011228343440977184e+01
2.015737059486445304e+01
2.021193957371616179e+01
2.022183902176720949e+01
