1.999999999775612025e+01
1.998926336325308739e+01
1.999033390956447320e+01
1.999047756542265830e+01
1.999070796117316462e+01
1.999092681168351149e+01
1.999112337140303097e+01
1.999127557473073935e+01
1.999136801670289643e+01
1.999140012847350434e+01
1.999139645990524272e+01
1.999141905447057965e+01
1.999157608152572507e+01
1.999204364114949684e+01
1.999304466663830482e+01
1.999494804426788264e+01
1.999801298935394911e+01
2.000308704707182272e+01
2.000962965701368290e+01
2.001943639829262267e+01
2.001169520787607325e+01
