2.000000000060019900e+01
1.998904162294558517e+01
1.999002998958058086e+01
1.999007368586497790e+01
1.999021196715325033e+01
1.999036227913205011e+01
1.999053117672018587e+01
1.999070987832645585e+01
1.999088657859933349e+01
1.999104787548058226e+01
1.999118195644563301e+01
1.999128379861150862e+01
1.999135799216545450e+01
1.999143346358848561e+01
1.999154426383038796e+01
1.999181185285836193e+01
1.999223668196251325e+01
1.999328710500526185e+01
1.999428578351133368e+01
1.999676767033979274e+01
1.998610315679525229e+01
