1.999999999825599062e+01
1.998899836923326490e+01
1.998996121033658113e+01
1.998997029744133869e+01
1.999006853099519176e+01
1.999017651858513389e+01
1.999030570779911997e+01
1.999045327574399167e+01
1.999061348190030785e+01
1.999077760451314489e+01
1.999093519669541763e+01
1.999107698487194540e+01
1.999119538096781667e+01
1.999129645127568722e+01
1.999137963869301871e+01
1.999151518273717443e+01
1.999164342646511372e+01
1.999214066741731344e+01
1.999227545055203237e+01
1.999349821816085537e+01
1.998232661215342887e+01
