1.999999999920560256e+01
1.998896424173672415e+01
1.998989254418452433e+01
1.998984754223990379e+01
1.998986988893860683e+01
1.998987835541388947e+01
1.998988498623097954e+01
1.998989051002599027e+01
1.998989591138606770e+01
1.998990195684828564e+01
1.998990925746108616e+01
1.998991903642965084e+01
1.998993072372188706e+01
1.998994977017074248e+01
1.998996381126330490e+01
1.999001259795083385e+01
1.998998980291159810e+01
1.999018568951857233e+01
1.998979708294121949e+01
1.999016205686099212e+01
1.997863999957644410e+01
