4.334910309257327121e+00
4.325723807727092307e+00
4.316693905539358056e+00
4.307824607349996171e+00
4.299108047922024944e+00
4.290528811341935089e+00
4.282067641978942518e+00
4.273704217081525591e+00
4.265418968557174395e+00
4.257194121105886353e+00
4.249014162642823500e+00
4.240865943889858158e+00
4.232738559076144824e+00
4.224623113786912576e+00
4.216512448420610681e+00
4.208400858379821585e+00
4.200283833607343809e+00
4.192157828208850745e+00
4.184020063663082212e+00
4.175868364959188561e+00
4.167701026814809140e+00
4.159516706168441935e+00
4.151314336910344238e+00
4.143093062997308174e+00
4.134852186485685088e+00
4.126591127488625332e+00
4.118309393545134256e+00
4.110006556337208572e+00
4.101682234092413282e+00
4.093336078344838924e+00
4.084967764022476189e+00
4.076576982034202601e+00
4.068163433768778425e+00
4.059726826933908406e+00
4.051266872522841567e+00
4.042783282097505371e+00
4.034275765633973165e+00
4.025744026227192407e+00
4.017187750401306268e+00
4.008606564132506378e+00
4.000000000000000000e+00
