4.334630207218415521e+00
4.326839244610793500e+00
4.319031632361490125e+00
4.311207122717477525e+00
4.303365349881324242e+00
4.295505840803250486e+00
4.287627975207249698e+00
4.279730951139657513e+00
4.271813751358287448e+00
4.263875117191942010e+00
4.255913533187570152e+00
4.247927226116275712e+00
4.239914180441019198e+00
4.231872170986012094e+00
4.223798812029076366e+00
4.215691620717972654e+00
4.207548091685620939e+00
4.199365779082691930e+00
4.191142381945561546e+00
4.182875828815763697e+00
4.174564357742776011e+00
4.166206588157757018e+00
4.157801581542226010e+00
4.149348888298141524e+00
4.140848578744794395e+00
4.132301256728794669e+00
4.123708054953403312e+00
4.115070611817388091e+00
4.106391030314552992e+00
4.097671820332799975e+00
4.088915826528281450e+00
4.080126144621851303e+00
4.071306029664161663e+00
4.062458799648781316e+00
4.053587737725431239e+00
4.044695991395312440e+00
4.035786459451092156e+00
4.026861616749188855e+00
4.017923140269306082e+00
4.008970851737470475e+00
4.000000000000000000e+00
