4.327228556461419018e+00
4.319420825086635496e+00
4.311596377345605191e+00
4.303755103836093276e+00
4.295896833152038852e+00
4.288021397589711015e+00
4.280128625207621162e+00
4.272218342025032811e+00
4.264290371290798909e+00
4.256344533631161831e+00
4.248380646926961823e+00
4.240398526265041212e+00
4.232397983857678625e+00
4.224378828959254761e+00
4.216340867767678802e+00
4.208283903309623319e+00
4.200207735303957968e+00
4.192112159997770426e+00
4.183996969967845203e+00
4.175861953879289601e+00
4.167706896191674559e+00
4.159531576801779096e+00
4.151335770610861786e+00
4.143119247003416383e+00
4.134881769223748726e+00
4.126623093636444750e+00
4.118342968857360731e+00
4.110041134742552948e+00
4.101717321225495816e+00
4.093371246994736978e+00
4.085002618013959363e+00
4.076611125888506493e+00
4.068196446123516274e+00
4.059758236326989511e+00
4.051296134627023093e+00
4.042809758681396026e+00
4.034298706902972320e+00
4.025762564579849823e+00
4.017200924851565880e+00
4.008613442051500719e+00
4.000000000000000000e+00
