4.327201775651136728e+00
4.319393970156704121e+00
4.311569449105428831e+00
4.303728101990623500e+00
4.295869757521264987e+00
4.287994247965272621e+00
4.280101401385459248e+00
4.272191043796312648e+00
4.264262998449402708e+00
4.256317085980167114e+00
4.248353124291914362e+00
4.240370928516310478e+00
4.232370310947880299e+00
4.224351080982942541e+00
4.216313045053050601e+00
4.208256006554877082e+00
4.200179765774602281e+00
4.192084119805643105e+00
4.183968862457862592e+00
4.175833784156087525e+00
4.167678671825217229e+00
4.159503308758644380e+00
4.151307474466081615e+00
4.143090944496160333e+00
4.134853490228485029e+00
4.126594878628951690e+00
4.118314871961649359e+00
4.110013227449492490e+00
4.101689696876326785e+00
4.093344026120725232e+00
4.084975954617340754e+00
4.076585214732213913e+00
4.068171531068283109e+00
4.059734619673979417e+00
4.051274187275388350e+00
4.042789930444040003e+00
4.034281535313986922e+00
4.025748677378163443e+00
4.017191023928104343e+00
4.008608234391710212e+00
4.000000000000000000e+00
