4.327190133539277284e+00
4.319382299394313840e+00
4.311557750642475817e+00
4.303716376870996285e+00
4.295858007642256560e+00
4.287982476201419146e+00
4.280089611683053796e+00
4.272179241155438234e+00
4.264251188829404349e+00
4.256305276141861604e+00
4.248341321603181342e+00
4.240359140744693001e+00
4.232358546061450788e+00
4.224339346975752640e+00
4.216301349806578891e+00
4.208244357742623620e+00
4.200168170813935120e+00
4.192072585859397016e+00
4.183957396488065861e+00
4.175822393033437052e+00
4.167667362500375283e+00
4.159492088504972429e+00
4.151296351207886204e+00
4.143079927241839933e+00
4.134842589634051713e+00
4.126584107724189820e+00
4.118304247078605762e+00
4.110002769400942668e+00
4.101679432440255901e+00
4.093333989895056924e+00
4.084966191317013440e+00
4.076575782004962178e+00
4.068162502905140698e+00
4.059726090467176363e+00
4.051266276517782039e+00
4.042782787862743810e+00
4.034275345777275312e+00
4.025743663560462871e+00
4.017187441626687949e+00
4.008606346562928913e+00
4.000000000000000000e+00
