1.999999810619533136e+01
2.000068575091588130e+01
2.000157217656957087e+01
2.000330619752839212e+01
2.000630880790452437e+01
2.001119323901001223e+01
2.001869202674042114e+01
2.002965086734650768e+01
2.004497795392519777e+01
2.006558455356192283e+01
2.009231302690260534e+01
2.012586289209997759e+01
2.016672206325582906e+01
2.021511053847534711e+01
2.027094153471349358e+01
2.033380279863900952e+01
2.040295848209991902e+01
2.047737008595415631e+01
2.055573367046110889e+01
2.063652983661574680e+01
2.071808278652309454e+01
2.079862491521983614e+01
2.087636370588728241e+01
2.094954806778105194e+01
2.101653158136168287e+01
2.107583039358683052e+01
2.112617369878179474e+01
2.116654500752937196e+01
2.119621255083724520e+01
2.121474778355630164e+01
2.122203091501598493e+01
2.121824425340782128e+01
2.120385259742517192e+01
2.117957699763475077e+01
2.114636004425977589e+01
2.110535670661746721e+01
2.105796053558653114e+01
2.100609540278779264e+01
2.095304840831675719e+01
2.090669500771074496e+01
2.088636675109410135e+01
