2.000000039247246519e+01
2.000051416037423024e+01
2.000046473734481012e+01
2.000048252713232699e+01
2.000049485322431408e+01
2.000053312972238118e+01
2.000060413468471765e+01
2.000072944307260769e+01
2.000093605736114100e+01
2.000126208986712939e+01
2.000175826592067807e+01
2.000249086457735714e+01
2.000354419864415689e+01
2.000502292454131137e+01
2.000705376970729077e+01
2.000978645307094084e+01
2.001339352497049973e+01
2.001806891033901081e+01
2.002402500103972116e+01
2.003148823426708347e+01
2.004069319924048997e+01
2.005187542540913626e+01
2.006526311079844049e+01
2.008106813687085790e+01
2.009947678221555378e+01
2.012064057364438696e+01
2.014466772548459161e+01
2.017161555716949906e+01
2.020148428271941299e+01
2.023421235119750250e+01
2.026967371600110468e+01
2.030767664885061663e+01
2.034796489185957569e+01
2.039021841441852345e+01
2.043405584558960797e+01
2.047902102771183763e+01
2.052454694852002959e+01
2.056976079916402256e+01
2.061291691052879216e+01
2.064921159804808326e+01
2.066541844473613310e+01
