2.000000300444285983e+01
2.000039694218348885e+01
2.000036118438163157e+01
2.000037184973895421e+01
2.000036940413808750e+01
2.000037098324981955e+01
2.000037156071321220e+01
2.000037270572499537e+01
2.000037398329482130e+01
2.000037554394446104e+01
2.000037735532795935e+01
2.000037943885817526e+01
2.000038180402421872e+01
2.000038447349462700e+01
2.000038748212281803e+01
2.000039088562876088e+01
2.000039476911211622e+01
2.000039925942063235e+01
2.000040454118501643e+01
2.000041087779191784e+01
2.000041863834704614e+01
2.000042833178194357e+01
2.000044064946522582e+01
2.000045651780034461e+01
2.000047716185915192e+01
2.000050418248625661e+01
2.000053964572337861e+01
2.000058619102672708e+01
2.000064714673202104e+01
2.000072667871058485e+01
2.000082991210475569e+01
2.000096314658729568e+01
2.000113387413167132e+01
2.000135117504900606e+01
2.000162510540609873e+01
2.000196785885403017e+01
2.000239023665895388e+01
2.000290726965764421e+01
2.000352430239849966e+01
2.000428077546674643e+01
2.000502743734432443e+01
