2.000000141549905663e+01
2.000039195154393568e+01
2.000035552044255382e+01
2.000036536291358757e+01
2.000036222449363876e+01
2.000036309163475323e+01
2.000036292397050985e+01
2.000036324570824320e+01
2.000036359340306902e+01
2.000036409010877847e+01
2.000036468037860971e+01
2.000036536396956066e+01
2.000036612831992855e+01
2.000036697003403319e+01
2.000036788904438723e+01
2.000036889043772348e+01
2.000036998371844987e+01
2.000037118302082817e+01
2.000037250724295390e+01
2.000037398071825123e+01
2.000037563444437438e+01
2.000037750806167125e+01
2.000037965277780927e+01
2.000038213558478617e+01
2.000038504458426303e+01
2.000038849689686415e+01
2.000039264682101603e+01
2.000039770057353650e+01
2.000040392521553301e+01
2.000041168051799545e+01
2.000042141356175662e+01
2.000043375244886334e+01
2.000044941293063516e+01
2.000046958132028863e+01
2.000049543670382590e+01
2.000053009796614489e+01
2.000057697182630179e+01
2.000065128882201293e+01
2.000077957817685004e+01
2.000108203991662492e+01
2.000161953020506189e+01
