6.074767503552255477e+00
6.023841561678463741e+00
5.972889158345203953e+00
5.921909202915278669e+00
5.870900654952923681e+00
5.819862428604010596e+00
5.768793392591070379e+00
5.717692360520704398e+00
5.666558084445241228e+00
5.615389251155251671e+00
5.564184479383332160e+00
5.512942316665029985e+00
5.461661235520204549e+00
5.410339629009279783e+00
5.358975805768564804e+00
5.307567984579762310e+00
5.256114288480874031e+00
5.204612738396640736e+00
5.153061246251071204e+00
5.101457607514868542e+00
5.049799493134025319e+00
4.998084440777621928e+00
4.946309845338593192e+00
4.894472948606601648e+00
4.842570828036850017e+00
4.790600384498738151e+00
4.738558328938371034e+00
4.686441167745726055e+00
4.634245186869820010e+00
4.581966434156684365e+00
4.529600700484504472e+00
4.477143497986252996e+00
4.424590038141904103e+00
4.371935203530579628e+00
4.319173524601943370e+00
4.266299138478753861e+00
4.213305773018461764e+00
4.160186672332009117e+00
4.106934621261224549e+00
4.053541775905602940e+00
4.000000000000000000e+00
