6.074757338426850950e+00
6.023831395809982503e+00
5.972879008549101698e+00
5.921899100819366879e+00
5.870890640142190975e+00
5.819852538158575506e+00
5.768783654614854761e+00
5.717682793775021644e+00
5.666548701174126457e+00
5.615380060072063806e+00
5.564175487649980489e+00
5.512933530924319037e+00
5.461652662354967269e+00
5.410331275120678463e+00
5.358967678032074744e+00
5.307560090049510571e+00
5.256106634369753117e+00
5.204605332041597698e+00
5.153054095066519125e+00
5.101450718935260475e+00
5.049792874546769283e+00
4.998078099447859302e+00
4.946303788328963336e+00
4.894467182695066754e+00
4.842565359638943967e+00
4.790595219597881815e+00
4.738553473035564068e+00
4.686436625829283997e+00
4.634240963425187765e+00
4.581962533206170640e+00
4.529597125693153536e+00
4.477140252800783315e+00
4.424587126022560213e+00
4.371932628216160133e+00
4.319171290472046287e+00
4.266297250982209022e+00
4.213304239109875837e+00
4.160185501138003339e+00
4.106933824447867920e+00
4.053541368644357767e+00
4.000000000000000000e+00
