6.074755617572982658e+00
6.023829674052474381e+00
5.972877285844345074e+00
5.921897377115125316e+00
5.870888915381785367e+00
5.819850812283074326e+00
5.768781927565139966e+00
5.717681065494075732e+00
5.666546971610244121e+00
5.615378329183737804e+00
5.564173755413229117e+00
5.512931797343241236e+00
5.461650927476451756e+00
5.410329539054416159e+00
5.358965940977255649e+00
5.307558352329690976e+00
5.256104896477333810e+00
5.204603594693121948e+00
5.153052359269577387e+00
5.101448986067178559e+00
5.049791146444475132e+00
4.998076378507378514e+00
4.946302077611938408e+00
4.894465486038517277e+00
4.842563681763392580e+00
4.790593566207718368e+00
4.738551850904817897e+00
4.686435042864648182e+00
4.634239428698728958e+00
4.581961056947956301e+00
4.529595719238246332e+00
4.477138928478416879e+00
4.424585896990282485e+00
4.371931508218055207e+00
4.319170293548677542e+00
4.266296391078325811e+00
4.213303529679396142e+00
4.160184954581179539e+00
4.106933451688993486e+00
4.053541178400353218e+00
4.000000000000000000e+00
