6.078381544797396785e+00
6.027457565039662235e+00
5.976507029314504393e+00
5.925527463239349757e+00
5.874514790240497497e+00
5.823462311078173137e+00
5.772360612556820314e+00
5.721198396826855159e+00
5.669964074279408628e+00
5.618647682721567449e+00
5.567242739548092345e+00
5.515747778401650869e+00
5.464167362441421538e+00
5.412512269212624183e+00
5.360798455530199291e+00
5.309044582146611901e+00
5.257268446387796779e+00
5.205483386144260649e+00
5.153695972307211548e+00
5.101905728195864853e+00
5.050106594868344345e+00
4.998289184281688335e+00
4.946442881930090962e+00
4.894557304353144289e+00
4.842623054605867949e+00
4.790631947678987146e+00
4.738576922270723024e+00
4.686451809833668491e+00
4.634251068339214186e+00
4.581969535150144601e+00
4.529602221804993611e+00
4.477144150825264290e+00
4.424590233986688048e+00
4.371935173182905032e+00
4.319173394826854029e+00
4.266298973020559160e+00
4.213305606862365771e+00
4.160186513211576731e+00
4.106934484178425215e+00
4.053541643630602209e+00
4.000000000000000000e+00
