1.999999998269040091e+01
1.999815416525451894e+01
1.999829046562595991e+01
1.999830037532276350e+01
1.999834529958019047e+01
1.999843156746424455e+01
1.999857152107350799e+01
1.999876316936385123e+01
1.999898959894365191e+01
1.999922447050104424e+01
1.999944149808953142e+01
1.999962236940328708e+01
1.999975979378772806e+01
1.999985588673324344e+01
1.999991823992332485e+01
1.999995606135832915e+01
1.999997764312978887e+01
1.999998929170437378e+01
1.999999526370361380e+01
1.999999818266511298e+01
1.999999954075564901e+01
2.000000014867291753e+01
2.000000039434054599e+01
2.000000051076748164e+01
2.000000051476938978e+01
2.000000059294817589e+01
2.000000047405778147e+01
2.000000073057608674e+01
2.000000026692410060e+01
2.000000120878421228e+01
1.999999948350447809e+01
2.000000286146878281e+01
1.999999664278210787e+01
2.000000848524160446e+01
1.999998676583767221e+01
2.000002728144300690e+01
1.999995366557289955e+01
2.000008873549326438e+01
1.999984607371350975e+01
2.000025484601539105e+01
1.999856697547420481e+01
