2.000000004008351695e+01
1.999815696287990363e+01
1.999828932656663838e+01
1.999828317413567191e+01
1.999828553805430076e+01
1.999828628413666820e+01
1.999828676217854806e+01
1.999828704873486629e+01
1.999828722414587645e+01
1.999828732866140868e+01
1.999828738648688997e+01
1.999828741243619845e+01
1.999828741600081017e+01
1.999828740423859585e+01
1.999828738381236803e+01
1.999828736284012365e+01
1.999828735142410707e+01
1.999828736346561797e+01
1.999828741495139539e+01
1.999828752943636800e+01
1.999828772912763242e+01
1.999828805630293616e+01
1.999828853375932169e+01
1.999828924929893148e+01
1.999829019103514227e+01
1.999829158029482912e+01
1.999829321626996403e+01
1.999829576775632489e+01
1.999829825002420236e+01
1.999830292081260907e+01
1.999830583745435320e+01
1.999831493386924564e+01
1.999831562764044079e+01
1.999833578688418356e+01
1.999832381275289706e+01
1.999837584744071250e+01
1.999831522459731659e+01
1.999846558670085983e+01
1.999823918681036261e+01
1.999866735397042561e+01
1.999698745033037994e+01
