2.000000004554448552e+01
1.999815668675966407e+01
1.999828896742323892e+01
1.999828273055578265e+01
1.999828503429077742e+01
1.999828576515003675e+01
1.999828627695350391e+01
1.999828664041118742e+01
1.999828692647625772e+01
1.999828716506814885e+01
1.999828737008455448e+01
1.999828754676981646e+01
1.999828769626716962e+01
1.999828781847642745e+01
1.999828791356873481e+01
1.999828798293547649e+01
1.999828802874120370e+01
1.999828805477343963e+01
1.999828806379709789e+01
1.999828806207190723e+01
1.999828804943455651e+01
1.999828803953488077e+01
1.999828801918316046e+01
1.999828803138314370e+01
1.999828800988979083e+01
1.999828811032455533e+01
1.999828805590243519e+01
1.999828842591768918e+01
1.999828813965502050e+01
1.999828934183366158e+01
1.999828798568579913e+01
1.999829186920807800e+01
1.999828633074950801e+01
1.999829906426958814e+01
1.999827850059911327e+01
1.999832048203052892e+01
1.999824871009126781e+01
1.999838606745585423e+01
1.999814618527634380e+01
1.999855832193379257e+01
1.999687237833404652e+01
