1.999999998858004346e+01
1.999695718199234307e+01
1.999704217659567718e+01
1.999713185466719878e+01
1.999821724230461228e+01
2.000212515858238405e+01
2.001246992008842440e+01
2.003510068040673886e+01
2.007788993602895644e+01
2.014955440751706917e+01
2.025769407471640804e+01
2.040668378710233810e+01
2.059614011785578924e+01
2.082036355219793222e+01
2.106869896975658918e+01
2.132647839395474776e+01
2.157621497396693044e+01
2.179891067635701773e+01
2.197556177411615153e+01
2.208906022703298078e+01
2.212659556301727903e+01
2.208231342920273832e+01
2.195947544092948078e+01
2.177102198835422442e+01
2.153771292165083651e+01
2.128403806241674801e+01
2.103326670949646626e+01
2.080345437529097552e+01
2.060557276741392840e+01
2.044380761197487217e+01
2.031718932513543763e+01
2.022165642973442345e+01
2.015176929693849672e+01
2.010202613974939112e+01
2.006738030000472151e+01
2.004385142613515924e+01
2.002797748581914306e+01
2.001779698220590831e+01
2.001076125879470169e+01
2.000706349811470730e+01
2.000298156384451431e+01
