3.999999999463705791e+01
4.001355770518223665e+01
4.000158332428055274e+01
4.001349581019964319e+01
4.000153328932504593e+01
4.001341213645892481e+01
4.000141934420353351e+01
4.001327542049786246e+01
4.000126764389166567e+01
4.001312496570800192e+01
4.000113233099423837e+01
4.001302288776939520e+01
4.000107396976317631e+01
4.001301847182646299e+01
4.000112284686014164e+01
4.001311864406700636e+01
4.000126216114801281e+01
4.001328565314440056e+01
4.000143394694708832e+01
4.001349426749941074e+01
3.999997462183819152e+01
