3.999999998525647271e+01
4.001356264367662874e+01
4.000160415448397089e+01
4.001354000276219836e+01
4.000161613454062604e+01
4.001354376076454145e+01
4.000161799153164566e+01
4.001354476222964252e+01
4.000161856309050279e+01
4.001354508353986006e+01
4.000161871413004633e+01
4.001354509649875979e+01
4.000161858793212133e+01
4.001354479906332529e+01
4.000161803737630350e+01
4.001354381617687039e+01
4.000161619512528688e+01
4.001354006953394560e+01
4.000160422109722447e+01
4.001356270999633580e+01
4.000000003657623893e+01
