3.999999999807771189e+01
4.001356221497243126e+01
4.000160399345107720e+01
4.001353984652710949e+01
4.000161630510245914e+01
4.001354398069271667e+01
4.000161856225048496e+01
4.001354537094213271e+01
4.000161947765338510e+01
4.001354596066685332e+01
4.000161979039822313e+01
4.001354601231963670e+01
4.000161955614095888e+01
4.001354545638670857e+01
4.000161857648708263e+01
4.001354387528260048e+01
4.000161594481489402e+01
4.001353915067588929e+01
4.000160278256547741e+01
4.001356039303578171e+01
3.999999731120624347e+01
