4.000000001580313125e+01
4.001354661871479834e+01
4.000159009776390207e+01
4.001352155281104217e+01
4.000160081182209382e+01
4.001352667527937967e+01
4.000160612647614755e+01
4.001353387612466150e+01
4.000161459021800425e+01
4.001354386876160873e+01
4.000162480469156634e+01
4.001355415468435694e+01
4.000163381195288537e+01
4.001356175593596731e+01
4.000163889743488710e+01
4.001356428351456174e+01
4.000163771988297867e+01
4.001355856449891490e+01
4.000162045406620592e+01
4.001357246655681621e+01
4.000000633498711977e+01
