4.648400316479414762e+00
4.620535015105432741e+00
4.592317681437053878e+00
4.563719918189328872e+00
4.534726350704632480e+00
4.505321157644154972e+00
4.475489387173040789e+00
4.445213110320709760e+00
4.414474409877913175e+00
4.383251748192431130e+00
4.351523905032355977e+00
4.319265668383888368e+00
4.286452197460254965e+00
4.253054204754012524e+00
4.219042428476007522e+00
4.184382775875093330e+00
4.149040378714350830e+00
4.112975294842875051e+00
4.076145515093235971e+00
4.038503695011812056e+00
4.000000000000000000e+00
