4.000000000169031722e+01
4.001376599516147792e+01
4.000193000638979157e+01
4.001390996661253752e+01
4.000203702025763874e+01
4.001388118896699808e+01
4.000198924131986189e+01
4.001376696176313175e+01
4.000192158893763406e+01
4.001368296788324841e+01
4.000189388010981162e+01
4.001358535435944219e+01
4.000170326511123875e+01
4.001308558881191857e+01
4.000079234298560493e+01
4.001154367637548148e+01
3.999857577316707591e+01
4.000859291321347655e+01
3.999503621836920786e+01
4.000465831561542984e+01
3.999009860944352113e+01
