3.999999998611077245e+01
4.001356266413289831e+01
4.000160417414345204e+01
4.001354002334029758e+01
4.000161614738880189e+01
4.001354377179803379e+01
4.000161799511301552e+01
4.001354476410241290e+01
4.000161855690836887e+01
4.001354507349500267e+01
4.000161869395595460e+01
4.001354507027989627e+01
4.000161855114418330e+01
4.001354475661498356e+01
4.000161798686735182e+01
4.001354376298711912e+01
4.000161613840279529e+01
4.001354001439937491e+01
4.000160416747719694e+01
4.001356266241028692e+01
3.999999999188730726e+01
