2.000420028950860433e+04
1.992419948950860271e+04
1.984419868950860109e+04
1.976419788950859947e+04
1.968419708950859786e+04
1.960419628950859624e+04
1.952419548950859462e+04
1.944419468950859300e+04
1.936419388950859138e+04
1.928419308950858976e+04
1.920419228950858815e+04
1.912419148950858653e+04
1.904419068950858491e+04
1.896418988950858329e+04
1.888418908950858167e+04
1.880418828950858006e+04
1.872418748950857844e+04
1.864418668950857682e+04
1.856418588950857520e+04
1.848418508950857358e+04
1.840418428950857196e+04
1.832418348950857035e+04
1.824418268950856873e+04
1.816418188950856711e+04
1.808418108950856549e+04
1.800418028950856387e+04
1.792417948950856226e+04
1.784417868950856064e+04
1.776417788950855902e+04
1.768417708950855740e+04
1.760417628950855578e+04
1.752417548950855416e+04
1.744417468950855255e+04
1.736417388950855093e+04
1.728417308950854931e+04
1.720417228950854769e+04
1.712417148950854607e+04
1.704417068950854446e+04
1.696416988950854284e+04
1.688416908950854122e+04
1.680416828950853960e+04
1.672416748950853798e+04
1.664416668950853636e+04
1.656416588950853475e+04
1.648416508950853313e+04
1.640416428950853151e+04
1.632416348950852989e+04
1.624416268950853009e+04
1.616416188950853029e+04
1.608416108950853049e+04
1.600416028950853070e+04
1.592415948950853090e+04
1.584415868950853110e+04
1.576415788950853130e+04
1.568415708950853150e+04
1.560415628950853170e+04
1.552415548950853190e+04
1.544415468950853210e+04
1.536415388950853230e+04
1.528415308950853250e+04
1.520415228950853270e+04
1.512415148950853290e+04
1.504415068950853311e+04
1.496414988950853331e+04
1.488414908950853351e+04
1.480414828950853371e+04
1.472414748950853391e+04
1.464414668950853411e+04
1.456414588950853431e+04
1.448414508950853451e+04
1.440414428950853471e+04
1.432414348950853491e+04
1.424414268950853511e+04
1.416414188950853531e+04
1.408414108950853552e+04
1.400414028950853572e+04
1.392413948950853592e+04
1.384413868950853612e+04
1.376413788950853632e+04
1.368413708950853652e+04
1.360413628950853672e+04
1.352413548950853692e+04
1.344413468950853712e+04
1.336413388950853732e+04
1.328413308950853752e+04
1.320413228950853772e+04
1.312413148950853792e+04
1.304413068950853813e+04
1.296412988950853833e+04
1.288412908950853853e+04
1.280412828950853873e+04
1.272412748950853893e+04
1.264412668950853913e+04
1.256412588950853933e+04
1.248412508950853953e+04
1.240412428950853973e+04
1.232412348950853993e+04
1.224412268950854013e+04
1.216412188950854033e+04
1.208412108950854054e+04
1.200412028950854074e+04
1.192411948950854094e+04
1.184411868950854114e+04
1.176411788950854134e+04
1.168411708950854154e+04
1.160411628950854174e+04
1.152411548950854194e+04
1.144411468950854214e+04
1.136411388950854234e+04
1.128411308950854254e+04
1.120411228950854274e+04
1.112411148950854295e+04
1.104411068950854315e+04
1.096410988950854335e+04
1.088410908950854355e+04
1.080410828950854375e+04
1.072410748950854395e+04
1.064410668950854415e+04
1.056410588950854435e+04
1.048410508950854455e+04
1.040410428950854475e+04
1.032410348950854495e+04
1.024410268950854515e+04
1.016410188950854536e+04
1.008410108950854556e+04
1.000410028950854576e+04
9.924099489508545958e+03
9.844098689508546158e+03
9.764097889508546359e+03
9.684097089508546560e+03
9.604096289508546761e+03
9.524095489508546962e+03
9.444094689508547162e+03
9.364093889508547363e+03
9.284093089508547564e+03
9.204092289508547765e+03
9.124091489508547966e+03
9.044090689508548166e+03
8.964089889508548367e+03
8.884089089508548568e+03
8.804088289508548769e+03
8.724087489508548970e+03
8.644086689508549171e+03
8.564085889508549371e+03
8.484085089508549572e+03
8.404084289508549773e+03
8.324083489508549974e+03
8.244082689508550175e+03
8.164081889508550375e+03
8.084081089508550576e+03
8.004080289508550777e+03
7.924079489508550978e+03
7.844078689508551179e+03
7.764077889508551380e+03
7.684077089508551580e+03
7.604076289508551781e+03
7.524075489508551982e+03
7.444074689508552183e+03
7.364073889508552384e+03
7.284073089508552584e+03
7.204072289508552785e+03
7.124071489508552986e+03
7.044070689508553187e+03
6.964069889508553388e+03
6.884069089508553589e+03
6.804068289508553789e+03
6.724067489508553990e+03
6.644066689508554191e+03
6.564065889508554392e+03
6.484065089508554593e+03
6.404064289508554793e+03
6.324063489508554994e+03
6.244062689508555195e+03
6.164061889508555396e+03
6.084061089508555597e+03
6.004060289508555798e+03
5.924059489508555998e+03
5.844058689508556199e+03
5.764057889508556400e+03
5.684057089508556601e+03
5.604056289508556802e+03
5.524055489508557002e+03
5.444054689508557203e+03
5.364053889508557404e+03
5.284053089508557605e+03
5.204052289508557806e+03
5.124051489508558006e+03
5.044050689508558207e+03
4.964049889508558408e+03
4.884049089508558609e+03
4.804048289508558810e+03
4.724047489508559011e+03
4.644046689508559211e+03
4.564045889508559412e+03
4.484045089508559613e+03
4.404044289508559814e+03
4.324043489508560015e+03
4.244042689508560215e+03
4.164041889508560416e+03
4.084041089508560162e+03
4.004040289508560363e+03
3.924039489508560564e+03
3.844038689508560765e+03
3.764037889508560966e+03
3.684037089508561166e+03
3.604036289508561367e+03
3.524035489508561568e+03
3.444034689508561769e+03
3.364033889508561970e+03
3.284033089508562171e+03
3.204032289508562371e+03
3.124031489508562572e+03
3.044030689508562773e+03
2.964029889508562974e+03
2.884029089508563175e+03
2.804028289508563375e+03
2.724027489508563576e+03
2.644026689508563777e+03
2.564025889508563978e+03
2.484025089508564179e+03
2.404024289508564380e+03
2.324023489508564580e+03
2.244022689508564781e+03
2.164021889508564982e+03
2.084021089508565183e+03
2.004020289508565384e+03
1.924019489508565357e+03
1.844018689508565330e+03
1.764017889508565304e+03
1.684017089508565277e+03
1.604016289508565251e+03
1.524015489508565224e+03
1.444014689508565198e+03
1.364013889508565171e+03
1.284013089508565145e+03
1.204012289508565118e+03
1.124011489508565091e+03
1.044010689508565065e+03
9.640098895085649247e+02
8.840090895085648981e+02
8.040082895085648715e+02
7.240074895085648450e+02
6.440066895085647047e+02
5.640058895085644508e+02
4.840050895085639695e+02
4.040042895085629198e+02
3.240034895085598237e+02
2.440026895085476042e+02
1.640018895084638473e+02
8.400108950644055028e+01
4.000000000000000000e+00
