2.000420028951487620e+04
1.992419948951487459e+04
1.984419868951487297e+04
1.976419788951487135e+04
1.968419708951486973e+04
1.960419628951486811e+04
1.952419548951486649e+04
1.944419468951486488e+04
1.936419388951486326e+04
1.928419308951486164e+04
1.920419228951486002e+04
1.912419148951485840e+04
1.904419068951485679e+04
1.896418988951485517e+04
1.888418908951485355e+04
1.880418828951485193e+04
1.872418748951485031e+04
1.864418668951484869e+04
1.856418588951484708e+04
1.848418508951484546e+04
1.840418428951484384e+04
1.832418348951484222e+04
1.824418268951484060e+04
1.816418188951483899e+04
1.808418108951483737e+04
1.800418028951483575e+04
1.792417948951483413e+04
1.784417868951483251e+04
1.776417788951483089e+04
1.768417708951482928e+04
1.760417628951482766e+04
1.752417548951482604e+04
1.744417468951482442e+04
1.736417388951482280e+04
1.728417308951482119e+04
1.720417228951481957e+04
1.712417148951481795e+04
1.704417068951481633e+04
1.696416988951481471e+04
1.688416908951481309e+04
1.680416828951481148e+04
1.672416748951480986e+04
1.664416668951480824e+04
1.656416588951480662e+04
1.648416508951480500e+04
1.640416428951480339e+04
1.632416348951480359e+04
1.624416268951480379e+04
1.616416188951480399e+04
1.608416108951480419e+04
1.600416028951480439e+04
1.592415948951480459e+04
1.584415868951480479e+04
1.576415788951480499e+04
1.568415708951480519e+04
1.560415628951480539e+04
1.552415548951480559e+04
1.544415468951480580e+04
1.536415388951480600e+04
1.528415308951480620e+04
1.520415228951480640e+04
1.512415148951480660e+04
1.504415068951480680e+04
1.496414988951480700e+04
1.488414908951480720e+04
1.480414828951480740e+04
1.472414748951480760e+04
1.464414668951480780e+04
1.456414588951480800e+04
1.448414508951480821e+04
1.440414428951480841e+04
1.432414348951480861e+04
1.424414268951480881e+04
1.416414188951480901e+04
1.408414108951480921e+04
1.400414028951480941e+04
1.392413948951480961e+04
1.384413868951480981e+04
1.376413788951481001e+04
1.368413708951481021e+04
1.360413628951481041e+04
1.352413548951481062e+04
1.344413468951481082e+04
1.336413388951481102e+04
1.328413308951481122e+04
1.320413228951481142e+04
1.312413148951481162e+04
1.304413068951481182e+04
1.296412988951481202e+04
1.288412908951481222e+04
1.280412828951481242e+04
1.272412748951481262e+04
1.264412668951481282e+04
1.256412588951481303e+04
1.248412508951481323e+04
1.240412428951481343e+04
1.232412348951481363e+04
1.224412268951481383e+04
1.216412188951481403e+04
1.208412108951481423e+04
1.200412028951481443e+04
1.192411948951481463e+04
1.184411868951481483e+04
1.176411788951481503e+04
1.168411708951481523e+04
1.160411628951481543e+04
1.152411548951481564e+04
1.144411468951481584e+04
1.136411388951481604e+04
1.128411308951481624e+04
1.120411228951481644e+04
1.112411148951481664e+04
1.104411068951481684e+04
1.096410988951481704e+04
1.088410908951481724e+04
1.080410828951481744e+04
1.072410748951481764e+04
1.064410668951481784e+04
1.056410588951481805e+04
1.048410508951481825e+04
1.040410428951481845e+04
1.032410348951481865e+04
1.024410268951481885e+04
1.016410188951481905e+04
1.008410108951481925e+04
1.000410028951481945e+04
9.924099489514819652e+03
9.844098689514819853e+03
9.764097889514820054e+03
9.684097089514820254e+03
9.604096289514820455e+03
9.524095489514820656e+03
9.444094689514820857e+03
9.364093889514821058e+03
9.284093089514821258e+03
9.204092289514821459e+03
9.124091489514821660e+03
9.044090689514821861e+03
8.964089889514822062e+03
8.884089089514822263e+03
8.804088289514822463e+03
8.724087489514822664e+03
8.644086689514822865e+03
8.564085889514823066e+03
8.484085089514823267e+03
8.404084289514823467e+03
8.324083489514823668e+03
8.244082689514823869e+03
8.164081889514824070e+03
8.084081089514824271e+03
8.004080289514824472e+03
7.924079489514824672e+03
7.844078689514824873e+03
7.764077889514825074e+03
7.684077089514825275e+03
7.604076289514825476e+03
7.524075489514825676e+03
7.444074689514825877e+03
7.364073889514826078e+03
7.284073089514826279e+03
7.204072289514826480e+03
7.124071489514826681e+03
7.044070689514826881e+03
6.964069889514827082e+03
6.884069089514827283e+03
6.804068289514827484e+03
6.724067489514827685e+03
6.644066689514827885e+03
6.564065889514828086e+03
6.484065089514828287e+03
6.404064289514828488e+03
6.324063489514828689e+03
6.244062689514828890e+03
6.164061889514829090e+03
6.084061089514829291e+03
6.004060289514829492e+03
5.924059489514829693e+03
5.844058689514829894e+03
5.764057889514830094e+03
5.684057089514830295e+03
5.604056289514830496e+03
5.524055489514830697e+03
5.444054689514830898e+03
5.364053889514831098e+03
5.284053089514831299e+03
5.204052289514831500e+03
5.124051489514831701e+03
5.044050689514831902e+03
4.964049889514832103e+03
4.884049089514832303e+03
4.804048289514832504e+03
4.724047489514832705e+03
4.644046689514832906e+03
4.564045889514833107e+03
4.484045089514833307e+03
4.404044289514833508e+03
4.324043489514833709e+03
4.244042689514833910e+03
4.164041889514834111e+03
4.084041089514834312e+03
4.004040289514834512e+03
3.924039489514834713e+03
3.844038689514834914e+03
3.764037889514835115e+03
3.684037089514835316e+03
3.604036289514835516e+03
3.524035489514835717e+03
3.444034689514835918e+03
3.364033889514836119e+03
3.284033089514836320e+03
3.204032289514836521e+03
3.124031489514836721e+03
3.044030689514836922e+03
2.964029889514837123e+03
2.884029089514837324e+03
2.804028289514837525e+03
2.724027489514837725e+03
2.644026689514837926e+03
2.564025889514838127e+03
2.484025089514838328e+03
2.404024289514838529e+03
2.324023489514838730e+03
2.244022689514838930e+03
2.164021889514839131e+03
2.084021089514839332e+03
2.004020289514839533e+03
1.924019489514839506e+03
1.844018689514839480e+03
1.764017889514839453e+03
1.684017089514839427e+03
1.604016289514839400e+03
1.524015489514839373e+03
1.444014689514839347e+03
1.364013889514839320e+03
1.284013089514839294e+03
1.204012289514839267e+03
1.124011489514839241e+03
1.044010689514839214e+03
9.640098895148390739e+02
8.840090895148390473e+02
8.040082895148390207e+02
7.240074895148389942e+02
6.440066895148388539e+02
5.640058895148386000e+02
4.840050895148382324e+02
4.040042895148371827e+02
3.240034895148341434e+02
2.440026895148219523e+02
1.640018895147381954e+02
8.400108951271485580e+01
4.000000000000000000e+00
