2.000420028951633503e+04
1.992419948951633341e+04
1.984419868951633180e+04
1.976419788951633018e+04
1.968419708951632856e+04
1.960419628951632694e+04
1.952419548951632532e+04
1.944419468951632371e+04
1.936419388951632209e+04
1.928419308951632047e+04
1.920419228951631885e+04
1.912419148951631723e+04
1.904419068951631562e+04
1.896418988951631400e+04
1.888418908951631238e+04
1.880418828951631076e+04
1.872418748951630914e+04
1.864418668951630752e+04
1.856418588951630591e+04
1.848418508951630429e+04
1.840418428951630267e+04
1.832418348951630105e+04
1.824418268951629943e+04
1.816418188951629782e+04
1.808418108951629620e+04
1.800418028951629458e+04
1.792417948951629296e+04
1.784417868951629134e+04
1.776417788951628972e+04
1.768417708951628811e+04
1.760417628951628649e+04
1.752417548951628487e+04
1.744417468951628325e+04
1.736417388951628163e+04
1.728417308951628002e+04
1.720417228951627840e+04
1.712417148951627678e+04
1.704417068951627516e+04
1.696416988951627354e+04
1.688416908951627192e+04
1.680416828951627031e+04
1.672416748951626869e+04
1.664416668951626707e+04
1.656416588951626545e+04
1.648416508951626383e+04
1.640416428951626222e+04
1.632416348951626060e+04
1.624416268951626080e+04
1.616416188951626100e+04
1.608416108951626120e+04
1.600416028951626140e+04
1.592415948951626160e+04
1.584415868951626180e+04
1.576415788951626200e+04
1.568415708951626220e+04
1.560415628951626240e+04
1.552415548951626261e+04
1.544415468951626281e+04
1.536415388951626301e+04
1.528415308951626321e+04
1.520415228951626341e+04
1.512415148951626361e+04
1.504415068951626381e+04
1.496414988951626401e+04
1.488414908951626421e+04
1.480414828951626441e+04
1.472414748951626461e+04
1.464414668951626481e+04
1.456414588951626502e+04
1.448414508951626522e+04
1.440414428951626542e+04
1.432414348951626562e+04
1.424414268951626582e+04
1.416414188951626602e+04
1.408414108951626622e+04
1.400414028951626642e+04
1.392413948951626662e+04
1.384413868951626682e+04
1.376413788951626702e+04
1.368413708951626722e+04
1.360413628951626742e+04
1.352413548951626763e+04
1.344413468951626783e+04
1.336413388951626803e+04
1.328413308951626823e+04
1.320413228951626843e+04
1.312413148951626863e+04
1.304413068951626883e+04
1.296412988951626903e+04
1.288412908951626923e+04
1.280412828951626943e+04
1.272412748951626963e+04
1.264412668951626983e+04
1.256412588951627004e+04
1.248412508951627024e+04
1.240412428951627044e+04
1.232412348951627064e+04
1.224412268951627084e+04
1.216412188951627104e+04
1.208412108951627124e+04
1.200412028951627144e+04
1.192411948951627164e+04
1.184411868951627184e+04
1.176411788951627204e+04
1.168411708951627224e+04
1.160411628951627245e+04
1.152411548951627265e+04
1.144411468951627285e+04
1.136411388951627305e+04
1.128411308951627325e+04
1.120411228951627345e+04
1.112411148951627365e+04
1.104411068951627385e+04
1.096410988951627405e+04
1.088410908951627425e+04
1.080410828951627445e+04
1.072410748951627465e+04
1.064410668951627486e+04
1.056410588951627506e+04
1.048410508951627526e+04
1.040410428951627546e+04
1.032410348951627566e+04
1.024410268951627586e+04
1.016410188951627606e+04
1.008410108951627626e+04
1.000410028951627646e+04
9.924099489516276662e+03
9.844098689516276863e+03
9.764097889516277064e+03
9.684097089516277265e+03
9.604096289516277466e+03
9.524095489516277667e+03
9.444094689516277867e+03
9.364093889516278068e+03
9.284093089516278269e+03
9.204092289516278470e+03
9.124091489516278671e+03
9.044090689516278871e+03
8.964089889516279072e+03
8.884089089516279273e+03
8.804088289516279474e+03
8.724087489516279675e+03
8.644086689516279876e+03
8.564085889516280076e+03
8.484085089516280277e+03
8.404084289516280478e+03
8.324083489516280679e+03
8.244082689516280880e+03
8.164081889516280171e+03
8.084081089516280372e+03
8.004080289516280573e+03
7.924079489516280773e+03
7.844078689516280974e+03
7.764077889516281175e+03
7.684077089516281376e+03
7.604076289516281577e+03
7.524075489516281777e+03
7.444074689516281978e+03
7.364073889516282179e+03
7.284073089516282380e+03
7.204072289516282581e+03
7.124071489516282782e+03
7.044070689516282982e+03
6.964069889516283183e+03
6.884069089516283384e+03
6.804068289516283585e+03
6.724067489516283786e+03
6.644066689516283986e+03
6.564065889516284187e+03
6.484065089516284388e+03
6.404064289516284589e+03
6.324063489516284790e+03
6.244062689516284991e+03
6.164061889516285191e+03
6.084061089516285392e+03
6.004060289516285593e+03
5.924059489516285794e+03
5.844058689516285995e+03
5.764057889516286195e+03
5.684057089516286396e+03
5.604056289516286597e+03
5.524055489516286798e+03
5.444054689516286999e+03
5.364053889516287200e+03
5.284053089516287400e+03
5.204052289516287601e+03
5.124051489516287802e+03
5.044050689516288003e+03
4.964049889516288204e+03
4.884049089516288404e+03
4.804048289516288605e+03
4.724047489516288806e+03
4.644046689516289007e+03
4.564045889516289208e+03
4.484045089516289408e+03
4.404044289516289609e+03
4.324043489516289810e+03
4.244042689516290011e+03
4.164041889516290212e+03
4.084041089516289958e+03
4.004040289516290159e+03
3.924039489516290359e+03
3.844038689516290560e+03
3.764037889516290761e+03
3.684037089516290962e+03
3.604036289516291163e+03
3.524035489516291364e+03
3.444034689516291564e+03
3.364033889516291765e+03
3.284033089516291966e+03
3.204032289516292167e+03
3.124031489516292368e+03
3.044030689516292568e+03
2.964029889516292769e+03
2.884029089516292970e+03
2.804028289516293171e+03
2.724027489516293372e+03
2.644026689516293573e+03
2.564025889516293773e+03
2.484025089516293974e+03
2.404024289516294175e+03
2.324023489516294376e+03
2.244022689516294577e+03
2.164021889516294777e+03
2.084021089516294978e+03
2.004020289516295179e+03
1.924019489516295152e+03
1.844018689516295126e+03
1.764017889516295099e+03
1.684017089516295073e+03
1.604016289516295046e+03
1.524015489516295020e+03
1.444014689516294993e+03
1.364013889516294967e+03
1.284013089516294940e+03
1.204012289516294913e+03
1.124011489516294887e+03
1.044010689516294860e+03
9.640098895162949475e+02
8.840090895162949209e+02
8.040082895162948944e+02
7.240074895162948678e+02
6.440066895162947276e+02
5.640058895162944737e+02
4.840050895162939923e+02
4.040042895162929426e+02
3.240034895162899033e+02
2.440026895162777123e+02
1.640018895161939554e+02
8.400108951417060155e+01
4.000000000000000000e+00
