2.000420028951876156e+04
1.992419948951875995e+04
1.984419868951875833e+04
1.976419788951875671e+04
1.968419708951875509e+04
1.960419628951875347e+04
1.952419548951875186e+04
1.944419468951875024e+04
1.936419388951874862e+04
1.928419308951874700e+04
1.920419228951874538e+04
1.912419148951874377e+04
1.904419068951874215e+04
1.896418988951874053e+04
1.888418908951873891e+04
1.880418828951873729e+04
1.872418748951873567e+04
1.864418668951873406e+04
1.856418588951873244e+04
1.848418508951873082e+04
1.840418428951872920e+04
1.832418348951872758e+04
1.824418268951872597e+04
1.816418188951872435e+04
1.808418108951872273e+04
1.800418028951872111e+04
1.792417948951871949e+04
1.784417868951871787e+04
1.776417788951871626e+04
1.768417708951871464e+04
1.760417628951871302e+04
1.752417548951871140e+04
1.744417468951870978e+04
1.736417388951870817e+04
1.728417308951870655e+04
1.720417228951870493e+04
1.712417148951870331e+04
1.704417068951870169e+04
1.696416988951870007e+04
1.688416908951869846e+04
1.680416828951869684e+04
1.672416748951869522e+04
1.664416668951869360e+04
1.656416588951869198e+04
1.648416508951869037e+04
1.640416428951868875e+04
1.632416348951868895e+04
1.624416268951868915e+04
1.616416188951868935e+04
1.608416108951868955e+04
1.600416028951868975e+04
1.592415948951868995e+04
1.584415868951869015e+04
1.576415788951869035e+04
1.568415708951869055e+04
1.560415628951869076e+04
1.552415548951869096e+04
1.544415468951869116e+04
1.536415388951869136e+04
1.528415308951869156e+04
1.520415228951869176e+04
1.512415148951869196e+04
1.504415068951869216e+04
1.496414988951869236e+04
1.488414908951869256e+04
1.480414828951869276e+04
1.472414748951869296e+04
1.464414668951869317e+04
1.456414588951869337e+04
1.448414508951869357e+04
1.440414428951869377e+04
1.432414348951869397e+04
1.424414268951869417e+04
1.416414188951869437e+04
1.408414108951869457e+04
1.400414028951869477e+04
1.392413948951869497e+04
1.384413868951869517e+04
1.376413788951869537e+04
1.368413708951869557e+04
1.360413628951869578e+04
1.352413548951869598e+04
1.344413468951869618e+04
1.336413388951869638e+04
1.328413308951869658e+04
1.320413228951869678e+04
1.312413148951869698e+04
1.304413068951869718e+04
1.296412988951869738e+04
1.288412908951869758e+04
1.280412828951869778e+04
1.272412748951869798e+04
1.264412668951869819e+04
1.256412588951869839e+04
1.248412508951869859e+04
1.240412428951869879e+04
1.232412348951869899e+04
1.224412268951869919e+04
1.216412188951869939e+04
1.208412108951869959e+04
1.200412028951869979e+04
1.192411948951869999e+04
1.184411868951870019e+04
1.176411788951870039e+04
1.168411708951870060e+04
1.160411628951870080e+04
1.152411548951870100e+04
1.144411468951870120e+04
1.136411388951870140e+04
1.128411308951870160e+04
1.120411228951870180e+04
1.112411148951870200e+04
1.104411068951870220e+04
1.096410988951870240e+04
1.088410908951870260e+04
1.080410828951870280e+04
1.072410748951870301e+04
1.064410668951870321e+04
1.056410588951870341e+04
1.048410508951870361e+04
1.040410428951870381e+04
1.032410348951870401e+04
1.024410268951870421e+04
1.016410188951870441e+04
1.008410108951870461e+04
1.000410028951870481e+04
9.924099489518705013e+03
9.844098689518705214e+03
9.764097889518705415e+03
9.684097089518705616e+03
9.604096289518705817e+03
9.524095489518706017e+03
9.444094689518706218e+03
9.364093889518706419e+03
9.284093089518706620e+03
9.204092289518706821e+03
9.124091489518707021e+03
9.044090689518707222e+03
8.964089889518707423e+03
8.884089089518707624e+03
8.804088289518707825e+03
8.724087489518708026e+03
8.644086689518708226e+03
8.564085889518708427e+03
8.484085089518708628e+03
8.404084289518708829e+03
8.324083489518709030e+03
8.244082689518709230e+03
8.164081889518708522e+03
8.084081089518708723e+03
8.004080289518708923e+03
7.924079489518709124e+03
7.844078689518709325e+03
7.764077889518709526e+03
7.684077089518709727e+03
7.604076289518709928e+03
7.524075489518710128e+03
7.444074689518710329e+03
7.364073889518710530e+03
7.284073089518710731e+03
7.204072289518710932e+03
7.124071489518711132e+03
7.044070689518711333e+03
6.964069889518711534e+03
6.884069089518711735e+03
6.804068289518711936e+03
6.724067489518712136e+03
6.644066689518712337e+03
6.564065889518712538e+03
6.484065089518712739e+03
6.404064289518712940e+03
6.324063489518713141e+03
6.244062689518713341e+03
6.164061889518713542e+03
6.084061089518713743e+03
6.004060289518713944e+03
5.924059489518714145e+03
5.844058689518714345e+03
5.764057889518714546e+03
5.684057089518714747e+03
5.604056289518714948e+03
5.524055489518715149e+03
5.444054689518715350e+03
5.364053889518715550e+03
5.284053089518715751e+03
5.204052289518715952e+03
5.124051489518716153e+03
5.044050689518716354e+03
4.964049889518716554e+03
4.884049089518716755e+03
4.804048289518716956e+03
4.724047489518717157e+03
4.644046689518717358e+03
4.564045889518717559e+03
4.484045089518717759e+03
4.404044289518717960e+03
4.324043489518718161e+03
4.244042689518718362e+03
4.164041889518718563e+03
4.084041089518718309e+03
4.004040289518718509e+03
3.924039489518718710e+03
3.844038689518718911e+03
3.764037889518719112e+03
3.684037089518719313e+03
3.604036289518719514e+03
3.524035489518719714e+03
3.444034689518719915e+03
3.364033889518720116e+03
3.284033089518720317e+03
3.204032289518720518e+03
3.124031489518720718e+03
3.044030689518720919e+03
2.964029889518721120e+03
2.884029089518721321e+03
2.804028289518721522e+03
2.724027489518721723e+03
2.644026689518721923e+03
2.564025889518722124e+03
2.484025089518722325e+03
2.404024289518722526e+03
2.324023489518722727e+03
2.244022689518722927e+03
2.164021889518723128e+03
2.084021089518723329e+03
2.004020289518723530e+03
1.924019489518723503e+03
1.844018689518723477e+03
1.764017889518723450e+03
1.684017089518723424e+03
1.604016289518723397e+03
1.524015489518723371e+03
1.444014689518723344e+03
1.364013889518723317e+03
1.284013089518723291e+03
1.204012289518723264e+03
1.124011489518723238e+03
1.044010689518723211e+03
9.640098895187232984e+02
8.840090895187232718e+02
8.040082895187232452e+02
7.240074895187232187e+02
6.440066895187230784e+02
5.640058895187228245e+02
4.840050895187223432e+02
4.040042895187212935e+02
3.240034895187181974e+02
2.440026895187059779e+02
1.640018895186222210e+02
8.400108951659885292e+01
4.000000000000000000e+00
