2.000420028952054781e+04
1.992419948952054619e+04
1.984419868952054458e+04
1.976419788952054296e+04
1.968419708952054134e+04
1.960419628952053972e+04
1.952419548952053810e+04
1.944419468952053649e+04
1.936419388952053487e+04
1.928419308952053325e+04
1.920419228952053163e+04
1.912419148952053001e+04
1.904419068952052839e+04
1.896418988952052678e+04
1.888418908952052516e+04
1.880418828952052354e+04
1.872418748952052192e+04
1.864418668952052030e+04
1.856418588952051869e+04
1.848418508952051707e+04
1.840418428952051545e+04
1.832418348952051383e+04
1.824418268952051221e+04
1.816418188952051059e+04
1.808418108952050898e+04
1.800418028952050736e+04
1.792417948952050574e+04
1.784417868952050412e+04
1.776417788952050250e+04
1.768417708952050089e+04
1.760417628952049927e+04
1.752417548952049765e+04
1.744417468952049603e+04
1.736417388952049441e+04
1.728417308952049279e+04
1.720417228952049118e+04
1.712417148952048956e+04
1.704417068952048794e+04
1.696416988952048632e+04
1.688416908952048470e+04
1.680416828952048309e+04
1.672416748952048147e+04
1.664416668952047985e+04
1.656416588952047823e+04
1.648416508952047661e+04
1.640416428952047499e+04
1.632416348952047520e+04
1.624416268952047540e+04
1.616416188952047560e+04
1.608416108952047580e+04
1.600416028952047600e+04
1.592415948952047620e+04
1.584415868952047640e+04
1.576415788952047660e+04
1.568415708952047680e+04
1.560415628952047700e+04
1.552415548952047720e+04
1.544415468952047740e+04
1.536415388952047761e+04
1.528415308952047781e+04
1.520415228952047801e+04
1.512415148952047821e+04
1.504415068952047841e+04
1.496414988952047861e+04
1.488414908952047881e+04
1.480414828952047901e+04
1.472414748952047921e+04
1.464414668952047941e+04
1.456414588952047961e+04
1.448414508952047981e+04
1.440414428952048002e+04
1.432414348952048022e+04
1.424414268952048042e+04
1.416414188952048062e+04
1.408414108952048082e+04
1.400414028952048102e+04
1.392413948952048122e+04
1.384413868952048142e+04
1.376413788952048162e+04
1.368413708952048182e+04
1.360413628952048202e+04
1.352413548952048222e+04
1.344413468952048242e+04
1.336413388952048263e+04
1.328413308952048283e+04
1.320413228952048303e+04
1.312413148952048323e+04
1.304413068952048343e+04
1.296412988952048363e+04
1.288412908952048383e+04
1.280412828952048403e+04
1.272412748952048423e+04
1.264412668952048443e+04
1.256412588952048463e+04
1.248412508952048483e+04
1.240412428952048504e+04
1.232412348952048524e+04
1.224412268952048544e+04
1.216412188952048564e+04
1.208412108952048584e+04
1.200412028952048604e+04
1.192411948952048624e+04
1.184411868952048644e+04
1.176411788952048664e+04
1.168411708952048684e+04
1.160411628952048704e+04
1.152411548952048724e+04
1.144411468952048745e+04
1.136411388952048765e+04
1.128411308952048785e+04
1.120411228952048805e+04
1.112411148952048825e+04
1.104411068952048845e+04
1.096410988952048865e+04
1.088410908952048885e+04
1.080410828952048905e+04
1.072410748952048925e+04
1.064410668952048945e+04
1.056410588952048965e+04
1.048410508952048986e+04
1.040410428952049006e+04
1.032410348952049026e+04
1.024410268952049046e+04
1.016410188952049066e+04
1.008410108952049086e+04
1.000410028952049106e+04
9.924099489520491261e+03
9.844098689520491462e+03
9.764097889520491663e+03
9.684097089520491863e+03
9.604096289520492064e+03
9.524095489520492265e+03
9.444094689520492466e+03
9.364093889520492667e+03
9.284093089520492867e+03
9.204092289520493068e+03
9.124091489520493269e+03
9.044090689520493470e+03
8.964089889520493671e+03
8.884089089520493872e+03
8.804088289520494072e+03
8.724087489520494273e+03
8.644086689520494474e+03
8.564085889520494675e+03
8.484085089520494876e+03
8.404084289520495076e+03
8.324083489520495277e+03
8.244082689520495478e+03
8.164081889520495679e+03
8.084081089520495880e+03
8.004080289520496081e+03
7.924079489520496281e+03
7.844078689520496482e+03
7.764077889520496683e+03
7.684077089520496884e+03
7.604076289520497085e+03
7.524075489520497285e+03
7.444074689520497486e+03
7.364073889520497687e+03
7.284073089520497888e+03
7.204072289520498089e+03
7.124071489520498289e+03
7.044070689520498490e+03
6.964069889520498691e+03
6.884069089520498892e+03
6.804068289520499093e+03
6.724067489520499294e+03
6.644066689520499494e+03
6.564065889520499695e+03
6.484065089520499896e+03
6.404064289520500097e+03
6.324063489520500298e+03
6.244062689520500498e+03
6.164061889520500699e+03
6.084061089520500900e+03
6.004060289520501101e+03
5.924059489520501302e+03
5.844058689520501503e+03
5.764057889520501703e+03
5.684057089520501904e+03
5.604056289520502105e+03
5.524055489520502306e+03
5.444054689520502507e+03
5.364053889520502707e+03
5.284053089520502908e+03
5.204052289520503109e+03
5.124051489520503310e+03
5.044050689520503511e+03
4.964049889520503712e+03
4.884049089520503912e+03
4.804048289520504113e+03
4.724047489520504314e+03
4.644046689520504515e+03
4.564045889520504716e+03
4.484045089520504916e+03
4.404044289520505117e+03
4.324043489520505318e+03
4.244042689520505519e+03
4.164041889520505720e+03
4.084041089520505466e+03
4.004040289520505667e+03
3.924039489520505867e+03
3.844038689520506068e+03
3.764037889520506269e+03
3.684037089520506470e+03
3.604036289520506671e+03
3.524035489520506871e+03
3.444034689520507072e+03
3.364033889520507273e+03
3.284033089520507474e+03
3.204032289520507675e+03
3.124031489520507876e+03
3.044030689520508076e+03
2.964029889520508277e+03
2.884029089520508478e+03
2.804028289520508679e+03
2.724027489520508880e+03
2.644026689520509080e+03
2.564025889520509281e+03
2.484025089520509482e+03
2.404024289520509683e+03
2.324023489520509884e+03
2.244022689520510085e+03
2.164021889520510285e+03
2.084021089520510486e+03
2.004020289520510687e+03
1.924019489520510660e+03
1.844018689520510634e+03
1.764017889520510607e+03
1.684017089520510581e+03
1.604016289520510554e+03
1.524015489520510528e+03
1.444014689520510501e+03
1.364013889520510475e+03
1.284013089520510448e+03
1.204012289520510421e+03
1.124011489520510395e+03
1.044010689520510368e+03
9.640098895205104554e+02
8.840090895205104289e+02
8.040082895205104023e+02
7.240074895205103758e+02
6.440066895205102355e+02
5.640058895205099816e+02
4.840050895205096140e+02
4.040042895205085642e+02
3.240034895205054681e+02
2.440026895204932771e+02
1.640018895204095202e+02
8.400108951838615212e+01
4.000000000000000000e+00
