2.000420028960564014e+04
1.992419948960563852e+04
1.984419868960563690e+04
1.976419788960563528e+04
1.968419708960563366e+04
1.960419628960563205e+04
1.952419548960563043e+04
1.944419468960562881e+04
1.936419388960562719e+04
1.928419308960562557e+04
1.920419228960562396e+04
1.912419148960562234e+04
1.904419068960562072e+04
1.896418988960561910e+04
1.888418908960561748e+04
1.880418828960561586e+04
1.872418748960561425e+04
1.864418668960561263e+04
1.856418588960561101e+04
1.848418508960560939e+04
1.840418428960560777e+04
1.832418348960560616e+04
1.824418268960560454e+04
1.816418188960560292e+04
1.808418108960560130e+04
1.800418028960559968e+04
1.792417948960559806e+04
1.784417868960559645e+04
1.776417788960559483e+04
1.768417708960559321e+04
1.760417628960559159e+04
1.752417548960558997e+04
1.744417468960558836e+04
1.736417388960558674e+04
1.728417308960558512e+04
1.720417228960558350e+04
1.712417148960558188e+04
1.704417068960558026e+04
1.696416988960557865e+04
1.688416908960557703e+04
1.680416828960557541e+04
1.672416748960557379e+04
1.664416668960557217e+04
1.656416588960557056e+04
1.648416508960556894e+04
1.640416428960556732e+04
1.632416348960556752e+04
1.624416268960556772e+04
1.616416188960556792e+04
1.608416108960556812e+04
1.600416028960556832e+04
1.592415948960556852e+04
1.584415868960556872e+04
1.576415788960556893e+04
1.568415708960556913e+04
1.560415628960556933e+04
1.552415548960556953e+04
1.544415468960556973e+04
1.536415388960556993e+04
1.528415308960557013e+04
1.520415228960557033e+04
1.512415148960557053e+04
1.504415068960557073e+04
1.496414988960557093e+04
1.488414908960557113e+04
1.480414828960557134e+04
1.472414748960557154e+04
1.464414668960557174e+04
1.456414588960557194e+04
1.448414508960557214e+04
1.440414428960557234e+04
1.432414348960557254e+04
1.424414268960557274e+04
1.416414188960557294e+04
1.408414108960557314e+04
1.400414028960557334e+04
1.392413948960557354e+04
1.384413868960557375e+04
1.376413788960557395e+04
1.368413708960557415e+04
1.360413628960557435e+04
1.352413548960557455e+04
1.344413468960557475e+04
1.336413388960557495e+04
1.328413308960557515e+04
1.320413228960557535e+04
1.312413148960557555e+04
1.304413068960557575e+04
1.296412988960557595e+04
1.288412908960557616e+04
1.280412828960557636e+04
1.272412748960557656e+04
1.264412668960557676e+04
1.256412588960557696e+04
1.248412508960557716e+04
1.240412428960557736e+04
1.232412348960557756e+04
1.224412268960557776e+04
1.216412188960557796e+04
1.208412108960557816e+04
1.200412028960557836e+04
1.192411948960557856e+04
1.184411868960557877e+04
1.176411788960557897e+04
1.168411708960557917e+04
1.160411628960557937e+04
1.152411548960557957e+04
1.144411468960557977e+04
1.136411388960557997e+04
1.128411308960558017e+04
1.120411228960558037e+04
1.112411148960558057e+04
1.104411068960558077e+04
1.096410988960558097e+04
1.088410908960558118e+04
1.080410828960558138e+04
1.072410748960558158e+04
1.064410668960558178e+04
1.056410588960558198e+04
1.048410508960558218e+04
1.040410428960558238e+04
1.032410348960558258e+04
1.024410268960558278e+04
1.016410188960558298e+04
1.008410108960558318e+04
1.000410028960558338e+04
9.924099489605583585e+03
9.844098689605583786e+03
9.764097889605583987e+03
9.684097089605584188e+03
9.604096289605584388e+03
9.524095489605584589e+03
9.444094689605584790e+03
9.364093889605584991e+03
9.284093089605585192e+03
9.204092289605585393e+03
9.124091489605585593e+03
9.044090689605585794e+03
8.964089889605585995e+03
8.884089089605586196e+03
8.804088289605586397e+03
8.724087489605586597e+03
8.644086689605586798e+03
8.564085889605586999e+03
8.484085089605587200e+03
8.404084289605587401e+03
8.324083489605587602e+03
8.244082689605587802e+03
8.164081889605587094e+03
8.084081089605587294e+03
8.004080289605587495e+03
7.924079489605587696e+03
7.844078689605587897e+03
7.764077889605588098e+03
7.684077089605588299e+03
7.604076289605588499e+03
7.524075489605588700e+03
7.444074689605588901e+03
7.364073889605589102e+03
7.284073089605589303e+03
7.204072289605589503e+03
7.124071489605589704e+03
7.044070689605589905e+03
6.964069889605590106e+03
6.884069089605590307e+03
6.804068289605590508e+03
6.724067489605590708e+03
6.644066689605590909e+03
6.564065889605591110e+03
6.484065089605591311e+03
6.404064289605591512e+03
6.324063489605591712e+03
6.244062689605591913e+03
6.164061889605592114e+03
6.084061089605592315e+03
6.004060289605592516e+03
5.924059489605592717e+03
5.844058689605592917e+03
5.764057889605593118e+03
5.684057089605593319e+03
5.604056289605593520e+03
5.524055489605593721e+03
5.444054689605593921e+03
5.364053889605594122e+03
5.284053089605594323e+03
5.204052289605594524e+03
5.124051489605594725e+03
5.044050689605594926e+03
4.964049889605595126e+03
4.884049089605595327e+03
4.804048289605595528e+03
4.724047489605595729e+03
4.644046689605595930e+03
4.564045889605596130e+03
4.484045089605596331e+03
4.404044289605596532e+03
4.324043489605596733e+03
4.244042689605596934e+03
4.164041889605597135e+03
4.084041089605596881e+03
4.004040289605597081e+03
3.924039489605597282e+03
3.844038689605597483e+03
3.764037889605597684e+03
3.684037089605597885e+03
3.604036289605598085e+03
3.524035489605598286e+03
3.444034689605598487e+03
3.364033889605598688e+03
3.284033089605598889e+03
3.204032289605599090e+03
3.124031489605599290e+03
3.044030689605599491e+03
2.964029889605599692e+03
2.884029089605599893e+03
2.804028289605600094e+03
2.724027489605600294e+03
2.644026689605600495e+03
2.564025889605600696e+03
2.484025089605600897e+03
2.404024289605601098e+03
2.324023489605601299e+03
2.244022689605601499e+03
2.164021889605601700e+03
2.084021089605601901e+03
2.004020289605602102e+03
1.924019489605602075e+03
1.844018689605602049e+03
1.764017889605602022e+03
1.684017089605601996e+03
1.604016289605601969e+03
1.524015489605601942e+03
1.444014689605601916e+03
1.364013889605601889e+03
1.284013089605601863e+03
1.204012289605601836e+03
1.124011489605601810e+03
1.044010689605601783e+03
9.640098896056018702e+02
8.840090896056018437e+02
8.040082896056018171e+02
7.240074896056017906e+02
6.440066896056016503e+02
5.640058896056013964e+02
4.840050896056009151e+02
4.040042896055998654e+02
3.240034896055968261e+02
2.440026896055846066e+02
1.640018896055008213e+02
8.400108960347685638e+01
4.000000000000000000e+00
