1.999999999999960920e+01
2.000853715976596803e+01
2.001706012111636568e+01
2.002555471473452542e+01
2.003400685124649527e+01
2.004240256080888116e+01
2.005072803221775146e+01
2.005896965138229859e+01
2.006711403901188007e+01
2.007514808736645051e+01
2.008305899592853550e+01
2.009083430585728536e+01
2.009846193309439144e+01
2.010593019999613063e+01
2.011322786537504825e+01
2.012034415284249533e+01
2.012726877735090270e+01
2.013399196984561357e+01
2.014050449994380543e+01
2.014679769656895303e+01
2.015286346647907934e+01
2.015869431063735817e+01
2.016428333838382869e+01
2.016962427937846059e+01
2.017471149329497138e+01
2.017953997725730630e+01
2.018410537101900104e+01
2.018840395989763081e+01
2.019243267548581144e+01
2.019618909417043184e+01
2.019967143350152128e+01
2.020287854646011283e+01
2.020580991368465362e+01
2.020846563372356641e+01
2.021084641138781279e+01
2.021295354428693258e+01
2.021478890763642511e+01
2.021635493743173484e+01
2.021765461209010439e+01
2.021869143266382451e+01
2.021946940173610230e+01
2.021999300111080800e+01
2.022026716841318716e+01
2.022029727271845445e+01
2.022008908932840754e+01
2.021964877381598669e+01
2.021898283545872488e+01
2.021809811018053438e+01
2.021700173312197535e+01
2.021570111095578781e+01
2.021420389406342366e+01
2.021251794868519625e+01
2.021065132915399687e+01
2.020861225031834252e+01
2.020640906025631978e+01
2.020405021337874985e+01
2.020154424401322757e+01
2.019889974055740822e+01
2.019612532028277485e+01
2.019322960486607954e+01
2.019022119671923932e+01
2.018710865618137973e+01
2.018390047963303147e+01
2.018060507858334063e+01
2.017723075977691138e+01
2.017378570636107327e+01
2.017027796014595964e+01
2.016671540498579063e+01
2.016310575130277627e+01
2.015945652176899472e+01
2.015577503815640981e+01
2.015206840935951504e+01
2.014834352058901601e+01
2.014460702373058609e+01
2.014086532885770708e+01
2.013712459688357725e+01
2.013339073333037987e+01
2.012966938319335597e+01
2.012596592687142660e+01
2.012228547713276328e+01
2.011863287708076697e+01
2.011501269908375278e+01
2.011142924462841819e+01
2.010788654505469708e+01
2.010438836312876276e+01
2.010093819540836080e+01
2.009753927535347273e+01
2.009419457713577728e+01
2.009090682009782114e+01
2.008767847381217564e+01
2.008451176369387881e+01
2.008140867711535904e+01
2.007837096997613813e+01
2.007540017367933771e+01
2.007249760246754278e+01
2.006966436107162366e+01
2.006690135262785901e+01
2.006420928681915683e+01
2.006158868819785468e+01
2.005903990464897646e+01
2.005656311595569719e+01
2.005415834242726802e+01
2.005182545355745560e+01
2.004956417667556323e+01
2.004737410556136723e+01
2.004525470899235629e+01
2.004320533919672087e+01
2.004122524018545093e+01
2.003931355594065877e+01
2.003746933843738987e+01
2.003569155548052549e+01
2.003397909833847024e+01
2.003233078915750909e+01
2.003074538814380645e+01
2.002922160050065514e+01
2.002775808311082173e+01
2.002635345095554698e+01
2.002500628326335175e+01
2.002371512938305642e+01
2.002247851437811477e+01
2.002129494433928869e+01
2.002016291141409710e+01
2.001908089855458428e+01
2.001804738398402606e+01
2.001706084538495389e+01
2.001611976381173363e+01
2.001522262733357138e+01
2.001436793441108364e+01
2.001355419701371829e+01
2.001277994348394529e+01
2.001204372115624608e+01
2.001134409873734299e+01
2.001067966845691615e+01
2.001004904799691531e+01
2.000945088220774437e+01
2.000888384462152203e+01
2.000834663877035879e+01
2.000783799932015938e+01
2.000735669302792630e+01
2.000690151953353890e+01
2.000647131199475481e+01
2.000606493757413062e+01
2.000568129778857696e+01
2.000531932872911867e+01
2.000497800116052005e+01
2.000465632051001563e+01
2.000435332675277422e+01
2.000406809420240606e+01
2.000379973121539834e+01
2.000354737981613695e+01
2.000331021525092723e+01
2.000308744547759687e+01
2.000287831059717902e+01
2.000268208223515742e+01
2.000249806287803267e+01
2.000232558517043913e+01
2.000216401117941700e+01
2.000201273163028048e+01
2.000187116511940744e+01
2.000173875730889961e+01
2.000161498010616512e+01
2.000149933083376297e+01
2.000139133139287750e+01
2.000129052742271440e+01
2.000119648746118628e+01
2.000110880210729292e+01
2.000102708318985023e+01
2.000095096294343477e+01
2.000088009319483362e+01
2.000081414456112938e+01
2.000075280566155200e+01
2.000069578234430878e+01
2.000064279693010150e+01
2.000059358747303051e+01
2.000054790703998364e+01
2.000050552300967510e+01
2.000046621639105737e+01
2.000042978116310266e+01
2.000039602363499469e+01
2.000036476182751244e+01
2.000033582487575146e+01
2.000030905245399282e+01
2.000028429422082255e+01
2.000026140928655138e+01
2.000024026570175195e+01
2.000022073996603567e+01
2.000020271655817083e+01
2.000018608748634108e+01
2.000017075185806803e+01
2.000015661547007895e+01
2.000014359041685452e+01
2.000013159471779645e+01
2.000012055196267013e+01
2.000011039097379850e+01
2.000010104548661971e+01
2.000009245384483592e+01
2.000008455871303426e+01
2.000007730680339080e+01
2.000007064861776485e+01
2.000006453820341790e+01
2.000005893292265569e+01
2.000005379323522092e+01
2.000004908249326263e+01
2.000004476674781628e+01
2.000004081456721750e+01
2.000003719686548465e+01
2.000003388674207372e+01
2.000003085933042968e+01
2.000002809165633977e+01
2.000002556250518282e+01
2.000002325229723965e+01
2.000002114297073774e+01
2.000001921787364978e+01
2.000001746166092786e+01
2.000001586019965316e+01
2.000001440047987344e+01
2.000001307053188881e+01
2.000001185934860004e+01
2.000001075681381124e+01
2.000000975363497346e+01
2.000000884128073864e+01
2.000000801192325994e+01
2.000000725838426519e+01
2.000000657408504878e+01
2.000000595300025807e+01
2.000000538961473140e+01
2.000000487888426193e+01
2.000000441619844693e+01
2.000000399734675227e+01
2.000000361848746522e+01
2.000000327611865814e+01
2.000000296705175984e+01
2.000000268838673634e+01
2.000000243749005691e+01
2.000000221197372241e+01
2.000000200967702213e+01
2.000000182864869913e+01
2.000000166713163097e+01
2.000000152354853000e+01
2.000000139648935971e+01
2.000000128469931582e+01
2.000000118706870111e+01
2.000000110262374875e+01
2.000000103051806732e+01
2.000000097002590138e+01
2.000000092053578271e+01
2.000000088154487798e+01
2.000000085265466154e+01
2.000000083356677649e+01
2.000000082407893842e+01
2.000000082407891355e+01
