2.000000000000042988e+01
2.000264041177837981e+01
2.000527884249537180e+01
2.000791331020423769e+01
2.001054183794964558e+01
2.001316245625503143e+01
2.001577320559660222e+01
2.001837213885979594e+01
2.002095732377346238e+01
2.002352684531796712e+01
2.002607880810269947e+01
2.002861133870915467e+01
2.003112258799492196e+01
2.003361073335536346e+01
2.003607398093854286e+01
2.003851056780951723e+01
2.004091876406105399e+01
2.004329687486623612e+01
2.004564324247063212e+01
2.004795624811949395e+01
2.005023431391816757e+01
2.005247590462150953e+01
2.005467952935018872e+01
2.005684374323130470e+01
2.005896714896054078e+01
2.006104839828307362e+01
2.006308619339237964e+01
2.006507928824341036e+01
2.006702648977967840e+01
2.006892665907147943e+01
2.007077871236538158e+01
2.007258162204163199e+01
2.007433441748071346e+01
2.007603618583657834e+01
2.007768607271687955e+01
2.007928328276891250e+01
2.008082708017211715e+01
2.008231678903588957e+01
2.008375179370368357e+01
2.008513153896371506e+01
2.008645553016603102e+01
2.008772333324757042e+01
2.008893457466507115e+01
2.009008894123845579e+01
2.009118617990385047e+01
2.009222609737940246e+01
2.009320855974433684e+01
2.009413349193352616e+01
2.009500087714966909e+01
2.009581075619382773e+01
2.009656322671808937e+01
2.009725844240186632e+01
2.009789661205372369e+01
2.009847799864211026e+01
2.009900291825746166e+01
2.009947173900799200e+01
2.009988487985216565e+01
2.010024280937161478e+01
2.010054604448549753e+01
2.010079514911179288e+01
2.010099073277703496e+01
2.010113344917822786e+01
2.010122399470016674e+01
2.010126310689165408e+01
2.010125156290286697e+01
2.010119017788921170e+01
2.010107980338288769e+01
2.010092132563711687e+01
2.010071566394548626e+01
2.010046376894008091e+01
2.010016662087184613e+01
2.009982522787628056e+01
2.009944062422820110e+01
2.009901386858803818e+01
2.009854604224341657e+01
2.009803824734960287e+01
2.009749160517069910e+01
2.009690725432628255e+01
2.009628634904471767e+01
2.009563005742728592e+01
2.009493955972579471e+01
2.009421604663567962e+01
2.009346071760831620e+01
2.009267477918402989e+01
2.009185944334981855e+01
2.009101592592164565e+01
2.009014544495697407e+01
2.008924921919605566e+01
2.008832846653676540e+01
2.008738440254409952e+01
2.008641823899567669e+01
2.008543118246538839e+01
2.008442443294710955e+01
2.008339918251915179e+01
2.008235661405169736e+01
2.008129789995803094e+01
2.008022420099043259e+01
2.007913666508263972e+01
2.007803642623858309e+01
2.007692460346967422e+01
2.007580229977971342e+01
2.007467060119876479e+01
2.007353057586756861e+01
2.007238327316985860e+01
2.007122972291654150e+01
2.007007093457861302e+01
2.006890789657153462e+01
2.006774157558786698e+01
2.006657291598163084e+01
2.006540283920105594e+01
2.006423224327148702e+01
2.006306200232634751e+01
2.006189296618709506e+01
2.006072595999006936e+01
2.005956178386119859e+01
2.005840121263659626e+01
2.005724499562781205e+01
2.005609385643317921e+01
2.005494849279114078e+01
2.005380957647716400e+01
2.005267775324138313e+01
2.005155364278683550e+01
2.005043783878699060e+01
2.004933090894127901e+01
2.004823339506669555e+01
2.004714581322556199e+01
2.004606865388672787e+01
2.004500238212023788e+01
2.004394743782276578e+01
2.004290423597324278e+01
2.004187316691720611e+01
2.004085459667812330e+01
2.003984886729459447e+01
2.003885629718234185e+01
2.003787718151804498e+01
2.003691179264602340e+01
2.003596038050390149e+01
2.003502317306775637e+01
2.003410037681431888e+01
2.003319217719862877e+01
2.003229873914705195e+01
2.003142020756283515e+01
2.003055670784382514e+01
2.002970834641079279e+01
2.002887521124499415e+01
2.002805737243379269e+01
2.002725488272303878e+01
2.002646777807519030e+01
2.002569607823192399e+01
2.002493978728010759e+01
2.002419889421979349e+01
2.002347337353394252e+01
2.002276318575771086e+01
2.002206827804755918e+01
2.002138858474834038e+01
2.002072402795775474e+01
2.002007451808756855e+01
2.001943995442033497e+01
2.001882022566085340e+01
2.001821521048269048e+01
2.001762477806696694e+01
2.001704878863492354e+01
2.001648709397243309e+01
2.001593953794607472e+01
2.001540595701027314e+01
2.001488618070558445e+01
2.001438003214602546e+01
2.001388732849768104e+01
2.001340788144529625e+01
2.001294149764866503e+01
2.001248797918735178e+01
2.001204712399438534e+01
2.001161872627762861e+01
2.001120257692891968e+01
2.001079846392211437e+01
2.001040617269762834e+01
2.001002548653558577e+01
2.000965618691548187e+01
2.000929805386406812e+01
2.000895086629054731e+01
2.000861440230873711e+01
2.000828843954728242e+01
2.000797275544701748e+01
2.000766712754629140e+01
2.000737133375353594e+01
2.000708515260814124e+01
2.000680836352862357e+01
2.000654074704995011e+01
2.000628208504790351e+01
2.000603216095305470e+01
2.000579075995270273e+01
2.000555766918167677e+01
2.000533267790318348e+01
2.000511557767795878e+01
2.000490616252367104e+01
2.000470422906380819e+01
2.000450957666740237e+01
2.000432200757842693e+01
2.000414132703661352e+01
2.000396734338857385e+01
2.000379986819119793e+01
2.000363871630586488e+01
2.000348370598487691e+01
2.000333465895037222e+01
2.000319140046542543e+01
2.000305375939812791e+01
2.000292156827936196e+01
2.000279466335306822e+01
2.000267288462115900e+01
2.000255607588234241e+01
2.000244408476504887e+01
2.000233676275547623e+01
2.000223396522041952e+01
2.000213555142557098e+01
2.000204138454934011e+01
2.000195133169249928e+01
2.000186526388452535e+01
2.000178305608539020e+01
2.000170458718510247e+01
2.000162973999981375e+01
2.000155840126506135e+01
2.000149046162698241e+01
2.000142581563057576e+01
2.000136436170679133e+01
2.000130600215712207e+01
2.000125064313708023e+01
2.000119819463839477e+01
2.000114857046972361e+01
2.000110168823656664e+01
2.000105746932077722e+01
2.000101583885895451e+01
2.000097672572096386e+01
2.000094006248751910e+01
2.000090578542874908e+01
2.000087383448145673e+01
2.000084415322762865e+01
2.000081668887222719e+01
2.000079139222206592e+01
2.000076821766397117e+01
2.000074712314380676e+01
2.000072807014552723e+01
2.000071102366907283e+01
2.000069595220853813e+01
2.000068282772768669e+01
2.000067162563232870e+01
2.000066232473560390e+01
2.000065490721057060e+01
2.000064935851543169e+01
2.000064566725747994e+01
2.000064382489411585e+01
2.000064382489414427e+01
