1.999999999999979394e+01
2.000215581569732848e+01
2.000431022033568951e+01
2.000646180164451238e+01
2.000860915045366539e+01
2.001075086223950805e+01
2.001288553866360687e+01
2.001501178910192635e+01
2.001712823216212200e+01
2.001923349718678935e+01
2.002132622573975596e+01
2.002340507307408046e+01
2.002546870957861103e+01
2.002751582220167492e+01
2.002954511584889019e+01
2.003155531475426443e+01
2.003354516382098893e+01
2.003551342993142015e+01
2.003745890322331036e+01
2.003938039833095530e+01
2.004127675558898858e+01
2.004314684219798437e+01
2.004498955334911514e+01
2.004680381330734207e+01
2.004858857645091064e+01
2.005034282826614600e+01
2.005206558629612346e+01
2.005375590104195993e+01
2.005541285681562158e+01
2.005703557254334868e+01
2.005862320251880249e+01
2.006017493710437094e+01
2.006169000338098130e+01
2.006316766574490629e+01
2.006460722645161709e+01
2.006600802610561018e+01
2.006736944409630752e+01
2.006869089897947589e+01
2.006997184880456331e+01
2.007121179138695055e+01
2.007241026452560106e+01
2.007356684616697606e+01
2.007468115451417390e+01
2.007575284808235594e+01
2.007678162570049096e+01
2.007776722646048029e+01
2.007870942961348248e+01
2.007960805441464913e+01
2.008046295991704611e+01
2.008127404471501620e+01
2.008204124663862444e+01
2.008276454240011333e+01
2.008344394719262738e+01
2.008407951424307214e+01
2.008467133432019835e+01
2.008521953519967695e+01
2.008572428108545083e+01
2.008618577199207067e+01
2.008660424308625636e+01
2.008697996399136088e+01
2.008731323805512048e+01
2.008760440158291161e+01
2.008785382303748790e+01
2.008806190220781218e+01
2.008822906934753405e+01
2.008835578428573143e+01
2.008844253551166403e+01
2.008848983923459741e+01
2.008849823842082216e+01
2.008846830181016330e+01
2.008840062291317707e+01
2.008829581899105676e+01
2.008815453002058149e+01
2.008797741764430000e+01
2.008776516411033697e+01
2.008751847120100820e+01
2.008723805915415994e+01
2.008692466557728551e+01
2.008657904435775166e+01
2.008620196456951135e+01
2.008579420937918769e+01
2.008535657495203708e+01
2.008488986936064791e+01
2.008439491149701439e+01
2.008387252999043682e+01
2.008332356213181313e+01
2.008274885280696509e+01
2.008214925343959578e+01
2.008152562094579707e+01
2.008087881670083163e+01
2.008020970552032480e+01
2.007951915465675441e+01
2.007880803281277338e+01
2.007807720917158179e+01
2.007732755244702005e+01
2.007655992995297822e+01
2.007577520669387994e+01
2.007497424447719325e+01
2.007415790104856157e+01
2.007332702925060630e+01
2.007248247620629655e+01
2.007162508252706346e+01
2.007075568154701983e+01
2.006987509858304719e+01
2.006898415022259030e+01
2.006808364363804742e+01
2.006717437592934772e+01
2.006625713349435713e+01
2.006533269142855147e+01
2.006440181295200631e+01
2.006346524886680882e+01
2.006252373704252534e+01
2.006157800193096818e+01
2.006062875411031143e+01
2.005967668985832830e+01
2.005872249075456182e+01
2.005776682331138971e+01
2.005681033863412210e+01
2.005585367210947467e+01
2.005489744312241385e+01
2.005394225480125669e+01
2.005298869378984250e+01
2.005203733004758249e+01
2.005108871667620463e+01
2.005014338977284183e+01
2.004920186830918993e+01
2.004826465403607472e+01
2.004733223141293053e+01
2.004640506756159724e+01
2.004548361224388131e+01
2.004456829786215977e+01
2.004365953948218504e+01
2.004275773487802681e+01
2.004186326459823420e+01
2.004097649205189313e+01
2.004009776361471040e+01
2.003922740875401587e+01
2.003836574017182670e+01
2.003751305396586702e+01
2.003666962980656407e+01
2.003583573113030170e+01
2.003501160534822745e+01
2.003419748406860279e+01
2.003339358333383302e+01
2.003260010386964396e+01
2.003181723134649772e+01
2.003104513665256547e+01
2.003028397617704925e+01
2.002953389210316004e+01
2.002879501271086227e+01
2.002806745268719268e+01
2.002735131344463326e+01
2.002664668344606014e+01
2.002595363853633259e+01
2.002527224227889491e+01
2.002460254629754033e+01
2.002394459062230325e+01
2.002329840403869810e+01
2.002266400443971506e+01
2.002204139918071490e+01
2.002143058543533627e+01
2.002083155055290220e+01
2.002024427241616777e+01
2.001966871979892915e+01
2.001910485272340168e+01
2.001855262281672765e+01
2.001801197366535234e+01
2.001748284116815668e+01
2.001696515388657360e+01
2.001645883339235610e+01
2.001596379461199504e+01
2.001547994616710469e+01
2.001500719071181678e+01
2.001454542526501967e+01
2.001409454153818146e+01
2.001365442625878188e+01
2.001322496148785390e+01
2.001280602493261185e+01
2.001239749025342007e+01
2.001199922736447689e+01
2.001161110272885679e+01
2.001123297964719683e+01
2.001086471853993842e+01
2.001050617722311742e+01
2.001015721117746793e+01
2.000981767381035326e+01
2.000948741671190589e+01
2.000916628990296431e+01
2.000885414207695590e+01
2.000855082083430503e+01
2.000825617290997371e+01
2.000797004439422011e+01
2.000769228094535279e+01
2.000742272799669408e+01
2.000716123095544674e+01
2.000690763539550687e+01
2.000666178724247146e+01
2.000642353295244646e+01
2.000619271968412249e+01
2.000596919546331875e+01
2.000575280934166855e+01
2.000554341154864701e+01
2.000534085363717907e+01
2.000514498862245460e+01
2.000495567111563844e+01
2.000477275745022965e+01
2.000459610580356440e+01
2.000442557631202689e+01
2.000426103118064702e+01
2.000410233478735123e+01
2.000394935378171724e+01
2.000380195717869469e+01
2.000366001644718139e+01
2.000352340559382114e+01
2.000339200124184913e+01
2.000326568270575578e+01
2.000314433206120057e+01
2.000302783421106767e+01
2.000291607694689944e+01
2.000280895100701528e+01
2.000270635013036014e+01
2.000260817110724787e+01
2.000251431382627132e+01
2.000242468131794382e+01
2.000233917979545240e+01
2.000225771869209623e+01
2.000218021069635199e+01
2.000210657178358176e+01
2.000203672124541754e+01
2.000197058171699638e+01
2.000190807920127511e+01
2.000184914309167183e+01
2.000179370619186869e+01
2.000174170473409774e+01
2.000169307839522403e+01
2.000164777031103824e+01
2.000160572708793083e+01
2.000156689881310612e+01
2.000153123906286723e+01
2.000149870490772486e+01
2.000146925691607791e+01
2.000144285915332887e+01
2.000141947917799357e+01
2.000139908803172517e+01
2.000138166022067665e+01
2.000136717368374306e+01
2.000135560973720672e+01
2.000134695297445830e+01
2.000134119106664699e+01
2.000133831430638409e+01
2.000133831430636988e+01
