1.999999999999984368e+01
2.000147931478809937e+01
2.000295787791694835e+01
2.000443493647279780e+01
2.000590973882369994e+01
2.000738153525955454e+01
2.000884957862937696e+01
2.001031312497594783e+01
2.001177143416641258e+01
2.001322377051860713e+01
2.001466940342159262e+01
2.001610760795066213e+01
2.001753766547517088e+01
2.001895886425900528e+01
2.002037050005289132e+01
2.002177187667795977e+01
2.002316230659920393e+01
2.002454111148949423e+01
2.002590762278187242e+01
2.002726118221123031e+01
2.002860114234291089e+01
2.002992686708941505e+01
2.003123773221312476e+01
2.003253312581578882e+01
2.003381244881303758e+01
2.003507511539449837e+01
2.003632055346819385e+01
2.003754820508925860e+01
2.003875752687217471e+01
2.003994799038641617e+01
2.004111908253478447e+01
2.004227030591443892e+01
2.004340117916018826e+01
2.004451123726923356e+01
2.004560003190786333e+01
2.004666713169921621e+01
2.004771212249203671e+01
2.004873460761036696e+01
2.004973420808396156e+01
2.005071056285905229e+01
2.005166332898954806e+01
2.005259218180853154e+01
2.005349681507989956e+01
2.005437694113020086e+01
2.005523229096037596e+01
2.005606261433815263e+01
2.005686767986979291e+01
2.005764727505302147e+01
2.005840120630964662e+01
2.005912929899895047e+01
2.005983139741125854e+01
2.006050736474296770e+01
2.006115708305175360e+01
2.006178045319322578e+01
2.006237739473930759e+01
2.006294784587777258e+01
2.006349176329395689e+01
2.006400912203504561e+01
2.006449991535603772e+01
2.006496415454985538e+01
2.006540186875977838e+01
2.006581310477602997e+01
2.006619792681652470e+01
2.006655641629181375e+01
2.006688867155521905e+01
2.006719480763831243e+01
2.006747495597256403e+01
2.006772926409702862e+01
2.006795789535286900e+01
2.006816102856565465e+01
2.006833885771529680e+01
2.006849159159445861e+01
2.006861945345632492e+01
2.006872268065105658e+01
2.006880152425340924e+01
2.006885624868046136e+01
2.006888713130018687e+01
2.006889446203276606e+01
2.006887854294371465e+01
2.006883968782997840e+01
2.006877822179997395e+01
2.006869448084740526e+01
2.006858881141977946e+01
2.006846156998263808e+01
2.006831312257948952e+01
2.006814384438800403e+01
2.006795411927365791e+01
2.006774433934075219e+01
2.006751490448181485e+01
2.006726622192554998e+01
2.006699870578424694e+01
2.006671277660110775e+01
2.006640886089798315e+01
2.006608739072376935e+01
2.006574880320502885e+01
2.006539354009730403e+01
2.006502204734015038e+01
2.006463477461441158e+01
2.006423217490333855e+01
2.006381470405738909e+01
2.006338282036349341e+01
2.006293698411890247e+01
2.006247765721077769e+01
2.006200530270068327e+01
2.006152038441587138e+01
2.006102336654630847e+01
2.006051471324919433e+01
2.005999488825969479e+01
2.005946435451014054e+01
2.005892357375622481e+01
2.005837300621199404e+01
2.005781311019214286e+01
2.005724434176427451e+01
2.005666715440920456e+01
2.005608199869067221e+01
2.005548932193411815e+01
2.005488956791528921e+01
2.005428317655901793e+01
2.005367058364666377e+01
2.005305222053508629e+01
2.005242851388468850e+01
2.005179988539857305e+01
2.005116675157144357e+01
2.005052952344946249e+01
2.004988860640062853e+01
2.004924439989565599e+01
2.004859729729967199e+01
2.004794768567469987e+01
2.004729594559258743e+01
2.004664245095878172e+01
2.004598756884695376e+01
2.004533165934422811e+01
2.004467507540656968e+01
2.004401816272559955e+01
2.004336125960522352e+01
2.004270469684873746e+01
2.004204879765686798e+01
2.004139387753524204e+01
2.004074024421212386e+01
2.004008819756664295e+01
2.003943802956629838e+01
2.003879002421392030e+01
2.003814445750530382e+01
2.003750159739487202e+01
2.003686170377116582e+01
2.003622502844147846e+01
2.003559181512498100e+01
2.003496229945436724e+01
2.003433670898638752e+01
2.003371526322001372e+01
2.003309817362317702e+01
2.003248564366660744e+01
2.003187786886605792e+01
2.003127503683076327e+01
2.003067732732018413e+01
2.003008491230670529e+01
2.002949795604517647e+01
2.002891661514895816e+01
2.002834103867217763e+01
2.002777136819738146e+01
2.002720773792951903e+01
2.002665027479482873e+01
2.002609909854487924e+01
2.002555432186587581e+01
2.002501605049218725e+01
2.002448438332449854e+01
2.002395941255229062e+01
2.002344122377993330e+01
2.002292989615672525e+01
2.002242550251017050e+01
2.002192810948246304e+01
2.002143777767037847e+01
2.002095456176732924e+01
2.002047851070817686e+01
2.002000966781665170e+01
2.001954807095397371e+01
2.001909375267068469e+01
2.001864674035906688e+01
2.001820705640684039e+01
2.001777471835324818e+01
2.001734973904514092e+01
2.001693212679449019e+01
2.001652188553601874e+01
2.001611901498574397e+01
2.001572351079965273e+01
2.001533536473273145e+01
2.001495456479738166e+01
2.001458109542221919e+01
2.001421493760981463e+01
2.001385606909510528e+01
2.001350446450142684e+01
2.001316009549737274e+01
2.001282293095137987e+01
2.001249293708628585e+01
2.001217007763176881e+01
2.001185431397610159e+01
2.001154560531621840e+01
2.001124390880598725e+01
2.001094917970323550e+01
2.001066137151460111e+01
2.001038043613874962e+01
2.001010632400781120e+01
2.000983898422603957e+01
2.000957836470733753e+01
2.000932441230975556e+01
2.000907707296815374e+01
2.000883629182440870e+01
2.000860201335522603e+01
2.000837418149741964e+01
2.000815273977069353e+01
2.000793763139801484e+01
2.000772879942307725e+01
2.000752618682536621e+01
2.000732973663245673e+01
2.000713939202914560e+01
2.000695509646481796e+01
2.000677679375692719e+01
2.000660442819236451e+01
2.000643794462530778e+01
2.000627728857310927e+01
2.000612240630828254e+01
2.000597324494812668e+01
2.000582975254165063e+01
2.000569187815264272e+01
2.000555957194078971e+01
2.000543278523875657e+01
2.000531147062714865e+01
2.000519558200602077e+01
2.000508507466344099e+01
2.000497990534037385e+01
2.000488003229351364e+01
2.000478541535396459e+01
2.000469601598323877e+01
2.000461179732608485e+01
2.000453272425887619e+01
2.000445876343613349e+01
2.000438988333197088e+01
2.000432605427842248e+01
2.000426724849922167e+01
2.000421344013910030e+01
2.000416460528761320e+01
2.000412072199628710e+01
2.000408177028836931e+01
2.000404773215711529e+01
2.000401859154915130e+01
2.000399433432339791e+01
2.000397494816976618e+01
2.000396042245005646e+01
2.000395074787227756e+01
2.000394591573178005e+01
2.000394591573169123e+01
