1.999999999999951683e+01
2.006636589874241139e+01
2.013221818755076953e+01
2.019705116736897921e+01
2.026037491602869522e+01
2.032172264638541392e+01
2.038065745324620082e+01
2.043677828671884811e+01
2.048972502149070252e+01
2.053918252734705874e+01
2.058488368385228995e+01
2.062661131951266924e+01
2.066419909107601427e+01
2.069753135038804004e+01
2.072654207328487885e+01
2.075121294662750415e+01
2.077157072544063965e+01
2.078768398223382263e+01
2.079965937526461417e+01
2.080763756230149042e+01
2.081178888205055699e+01
2.081230891761015300e+01
2.080941404592459065e+01
2.080333706501143354e+01
2.079432297746657810e+01
2.078262499505898830e+01
2.076850081565592632e+01
2.075220921071493763e+01
2.073400694947662970e+01
2.071414607503132288e+01
2.069287153776054566e+01
2.067041918334786743e+01
2.064701408562153517e+01
2.062286920889044595e+01
2.059818438009604336e+01
2.057314554791216210e+01
2.054792430376917167e+01
2.052267763852595905e+01
2.049754790803276805e+01
2.047266298099267345e+01
2.044813654321810859e+01
2.042406853347929285e+01
2.040054568755449793e+01
2.037764216872848877e+01
2.035542026476776201e+01
2.033393113326618717e+01
2.031321557914478149e+01
2.029330484996609130e+01
2.027422143654480635e+01
2.025597986808135786e+01
2.023858749269210122e+01
2.022204523574296786e+01
2.020634832980699258e+01
2.019148701135255664e+01
2.017744718043249463e+01
2.016421102067720739e+01
2.015175757781241117e+01
2.014006329571785514e+01
2.012910250973534687e+01
2.011884789751720959e+01
2.010927088820155717e+01
2.010034203110411255e+01
2.009203132544299564e+01
2.008430851287018015e+01
2.007714333477339608e+01
2.007050575645385138e+01
2.006436616036918252e+01
2.005869551068072099e+01
2.005346549135354550e+01
2.004864862003819681e+01
2.004421833991763791e+01
2.004014909163640468e+01
2.003641636734800358e+01
2.003299674882066483e+01
2.002986793143652733e+01
2.002700873580926100e+01
2.002439910862878847e+01
2.002202011422527761e+01
2.001985391822644544e+01
2.001788376456753582e+01
2.001609394699936928e+01
2.001446977612996747e+01
2.001299754293191668e+01
2.001166447954647509e+01
2.001045871812198129e+01
2.000936924833511910e+01
2.000838587416306424e+01
2.000749917039636117e+01
2.000670043931409481e+01
2.000598166787828802e+01
2.000533548574629350e+01
2.000475512434771019e+01
2.000423437722506748e+01
2.000376756179549176e+01
2.000334948265298607e+01
2.000297539649878686e+01
2.000264097875808034e+01
2.000234229191611846e+01
2.000207575558655293e+01
2.000183811830527247e+01
2.000162643102860471e+01
2.000143802230200407e+01
2.000127047505527145e+01
2.000112160497012326e+01
2.000098944036259141e+01
2.000087220351544914e+01
2.000076829339367279e+01
2.000067626967354073e+01
2.000059483801407723e+01
2.000052283650066443e+01
2.000045922319026914e+01
2.000040306468841678e+01
2.000035352569041436e+01
2.000030985942226280e+01
2.000027139891675532e+01
2.000023754906404605e+01
2.000020777937945837e+01
2.000018161743338396e+01
2.000015864289117218e+01
2.000013848211296619e+01
2.000012080326935404e+01
2.000010531192747720e+01
2.000009174706852377e+01
2.000007987749918570e+01
2.000006949862071082e+01
2.000006042952539786e+01
2.000005251038876963e+01
2.000004560013115906e+01
2.000003957432236135e+01
2.000003432330708719e+01
2.000002975052888488e+01
2.000002577103383317e+01
2.000002231013577969e+01
2.000001930222730095e+01
2.000001668972083735e+01
2.000001442210741232e+01
2.000001245512068238e+01
2.000001074999477879e+01
2.000000927280620999e+01
2.000000799389118811e+01
2.000000688732981047e+01
2.000000593049028907e+01
2.000000510362588457e+01
2.000000438951986226e+01
2.000000377317177325e+01
2.000000324152160402e+01
2.000000278320649727e+01
2.000000238834727995e+01
2.000000204836074502e+01
2.000000175579450357e+01
2.000000150418236444e+01
2.000000128791810283e+01
2.000000110214372384e+01
2.000000094265278250e+01
2.000000080580523587e+01
2.000000068845332635e+01
2.000000058787674462e+01
2.000000050172603139e+01
2.000000042797338295e+01
2.000000036486983390e+01
2.000000031090774399e+01
2.000000026478813453e+01
2.000000022539285993e+01
2.000000019175978494e+01
2.000000016306175610e+01
2.000000013858771553e+01
2.000000011772722530e+01
2.000000009995608252e+01
2.000000008482485470e+01
2.000000007194820739e+01
2.000000006099589100e+01
2.000000005168518413e+01
2.000000004377412921e+01
2.000000003705574869e+01
2.000000003135314941e+01
2.000000002651522735e+01
2.000000002241300479e+01
2.000000001893625523e+01
2.000000001599111954e+01
2.000000001349756218e+01
2.000000001138734973e+01
2.000000000960249125e+01
2.000000000809354717e+01
2.000000000681841783e+01
2.000000000574146597e+01
2.000000000483240115e+01
2.000000000406534539e+01
2.000000000341843176e+01
2.000000000287304047e+01
2.000000000241351472e+01
2.000000000202655315e+01
2.000000000170083680e+01
2.000000000142679468e+01
2.000000000119623778e+01
2.000000000100243724e+01
2.000000000083955953e+01
2.000000000070277295e+01
2.000000000058795635e+01
2.000000000049159610e+01
2.000000000041076831e+01
2.000000000034311753e+01
2.000000000028631675e+01
2.000000000023883473e+01
2.000000000019901236e+01
2.000000000016576962e+01
2.000000000013789503e+01
2.000000000011460344e+01
2.000000000009514878e+01
2.000000000007886669e+01
2.000000000006534151e+01
2.000000000005398704e+01
2.000000000004458656e+01
2.000000000003677769e+01
2.000000000003024780e+01
2.000000000002477663e+01
2.000000000002024692e+01
2.000000000001641354e+01
2.000000000001327294e+01
2.000000000001074341e+01
2.000000000000856204e+01
2.000000000000679279e+01
2.000000000000535394e+01
2.000000000000415668e+01
2.000000000000307310e+01
2.000000000000231992e+01
2.000000000000154188e+01
2.000000000000093081e+01
2.000000000000051159e+01
2.000000000000004974e+01
1.999999999999976197e+01
1.999999999999947065e+01
1.999999999999920774e+01
1.999999999999901590e+01
1.999999999999882405e+01
1.999999999999869971e+01
1.999999999999854339e+01
1.999999999999850786e+01
1.999999999999842615e+01
1.999999999999834799e+01
1.999999999999831246e+01
1.999999999999824496e+01
1.999999999999815259e+01
1.999999999999808509e+01
1.999999999999802469e+01
1.999999999999803180e+01
1.999999999999798206e+01
1.999999999999798561e+01
1.999999999999796430e+01
1.999999999999795008e+01
1.999999999999797851e+01
1.999999999999796430e+01
