6.077544704271675258e+00
6.026591061010279304e+00
5.975538779945447132e+00
5.924368850683020327e+00
5.873082099464509653e+00
5.821696220258291810e+00
5.770242672320060606e+00
5.718762018968792660e+00
5.667292813197660095e+00
5.615859108158780977e+00
5.564465097531638982e+00
5.513099401547632894e+00
5.461743792748345427e+00
5.410380263468172579e+00
5.358994338374617250e+00
5.307575581795151543e+00
5.256116825259173453e+00
5.204613111960113336e+00
5.153060796285117817e+00
5.101456911906401714e+00
5.049798779891140121e+00
4.998083786724228261e+00
4.946309266155020090e+00
4.894472437519083563e+00
4.842570371698071696e+00
4.790599969236907896e+00
4.738557942960493818e+00
4.686440801786754484e+00
4.634244833968046429e+00
4.581966089512502727e+00
4.529600360601143905e+00
4.477143161007059113e+00
4.424589702182830209e+00
4.371934868664195228e+00
4.319173188994197332e+00
4.266298803907074166e+00
4.213305437027561773e+00
4.160186336652574646e+00
4.106934289107362801e+00
4.053541431433820286e+00
4.000000000000000000e+00
