6.078018106034790868e+00
6.027093771719092885e+00
5.976140584910215381e+00
5.925150569969225955e+00
5.874111039146709068e+00
5.823005481758787738e+00
5.771817185938552086e+00
5.720533431703113791e+00
5.669148922392812651e+00
5.617667995812166026e+00
5.566105457931796785e+00
5.514485385020588382e+00
5.462836911948251384e+00
5.411187160040832111e+00
5.359553924050614704e+00
5.307941944911839904e+00
5.256344423578887870e+00
5.204747873106112088e+00
5.153137076375535308e+00
5.101498233944287364e+00
5.049820171777382072e+00
4.998094314542258942e+00
4.946314132604888059e+00
4.894474494637310436e+00
4.842571115766908463e+00
4.790600150964566595e+00
4.738557920713175164e+00
4.686440735807429370e+00
4.634244788802478254e+00
4.581966085265116284e+00
4.529600398832581476e+00
4.477143235222796669e+00
4.424589805608368565e+00
4.371934992152623600e+00
4.319173329355502133e+00
4.266298951295397046e+00
4.213305595554215799e+00
4.160186492000839564e+00
4.106934453802310259e+00
4.053541592666615401e+00
4.000000000000000000e+00
