6.078909839414805560e+00
6.027986084611415052e+00
5.977036047325454682e+00
5.926058503294183488e+00
5.875052086070705393e+00
5.824014766382703101e+00
5.772943342234242436e+00
5.721832872009525950e+00
5.670676310679447774e+00
5.619464590569588580e+00
5.568187241124465281e+00
5.516833455153218324e+00
5.465393411235531573e+00
5.413859681585956096e+00
5.362228617698137967e+00
5.310501613023400402e+00
5.258686031408438488e+00
5.206795380050431632e+00
5.154848149088670617e+00
5.102864936048282729e+00
5.050864242402193227e+00
4.998858346427919486e+00
4.946850999744665245e+00
4.894837793502006207e+00
4.842808567427942634e+00
4.790750424111149819e+00
4.738650164566855949e+00
4.686495700527799180e+00
4.634276569386915234e+00
4.581983883388739187e+00
4.529610015254071698e+00
4.477148212130802385e+00
4.424592240996461534e+00
4.371936092836074650e+00
4.319173766639461398e+00
4.266299088577651943e+00
4.213305616470475634e+00
4.160186492236234379e+00
4.106934464345992630e+00
4.053541640732611029e+00
4.000000000000000000e+00
