6.078014456874094584e+00
6.027090175705505537e+00
5.976139477378813680e+00
5.925161358514354326e+00
5.874154795134227669e+00
5.823118708186181713e+00
5.772051961553117394e+00
5.720953358912173492e+00
5.669821641704974269e+00
5.618655487499674805e+00
5.567453508104651227e+00
5.516214246887932937e+00
5.464936174963146875e+00
5.413617686039183141e+00
5.362257089693433620e+00
5.310852602582068371e+00
5.259402336665186972e+00
5.207904282963928821e+00
5.156356288791796416e+00
5.104756025986547208e+00
5.053100947643449636e+00
5.001388231454042987e+00
4.949614709183305372e+00
4.897776783975032799e+00
4.845870339947023098e+00
4.793890650835976430e+00
4.741832296734941998e+00
4.689689096858513651e+00
4.637454067878478803e+00
4.585119407985086326e+00
4.532676517889036027e+00
4.480116036540315427e+00
4.427427931345191858e+00
4.374601550711031628e+00
4.321625815102467350e+00
4.268489189044736065e+00
4.215180137334969324e+00
4.161686707260806806e+00
4.107997849693366454e+00
4.054101763191998664e+00
4.000000000000000000e+00
