6.075611438911459494e+00
6.024685908713127702e+00
5.973733903008545454e+00
5.922754386117847325e+00
5.871746327558904355e+00
5.820708645618415389e+00
5.769640208292893035e+00
5.718539829410079101e+00
5.667406264483680900e+00
5.616238206041072267e+00
5.565034278674168000e+00
5.513793034061069243e+00
5.462512946152458859e+00
5.411192406584543590e+00
5.359829720220305127e+00
5.308423100583124388e+00
5.256970664863279907e+00
5.205470428141896200e+00
5.153920296465622997e+00
5.102318058358724429e+00
5.050661374275986937e+00
4.998947763286418322e+00
4.947174586104446270e+00
4.895339023162833314e+00
4.843438046510065931e+00
4.791468383600647307e+00
4.739426472510514188e+00
4.687308406002858696e+00
4.635109867951637597e+00
4.582826056380010726e+00
4.530451609192422069e+00
4.477980509477326621e+00
4.425406026651231173e+00
4.372720597517406382e+00
4.319915843592442961e+00
4.266982360698153620e+00
4.213909975143095288e+00
4.160687165310402058e+00
4.107302071762704898e+00
4.053740855426971379e+00
4.000000000000000000e+00
