6.074755732998676550e+00
6.023829789531292889e+00
5.972877401380332962e+00
5.921897492706258426e+00
5.870889031020339210e+00
5.819850927961649489e+00
5.768782043279085059e+00
5.717681181242005195e+00
5.666547087394379290e+00
5.615378445010243524e+00
5.564173871292263485e+00
5.512931913288626973e+00
5.461651043505007408e+00
5.410329655185011077e+00
5.358966057229689106e+00
5.307558468723517997e+00
5.256105013030722972e+00
5.204603711421755818e+00
5.153052476185515651e+00
5.101449103177528421e+00
5.049791263749663806e+00
4.998076495998767577e+00
4.946302195268499347e+00
4.894465603822198752e+00
4.842563799612753961e+00
4.790593684029226473e+00
4.738551968561201200e+00
4.686435160159312829e+00
4.634239545355612222e+00
4.581961172585168107e+00
4.529595833335664956e+00
4.477139040335842424e+00
4.424586005679831402e+00
4.371931612521295030e+00
4.319170391894806116e+00
4.266296481451699485e+00
4.213303609556219520e+00
4.160185020785443832e+00
4.106933500375112622e+00
4.053541204824607114e+00
4.000000000000000000e+00
