6.074755620549096236e+00
6.023829677034286512e+00
5.972877288832005860e+00
5.921897380107131070e+00
5.870888918377449528e+00
5.819850815282450185e+00
5.768781930568627203e+00
5.717681068501915043e+00
5.666546974621887500e+00
5.615378332197607847e+00
5.564173758426919747e+00
5.512931800353878309e+00
5.461650930481001254e+00
5.410329542049916896e+00
5.358965943961054634e+00
5.307558355299726749e+00
5.256104899432431310e+00
5.204603597633219891e+00
5.153052362195798430e+00
5.101448988981712951e+00
5.049791149350300934e+00
4.998076381407877022e+00
4.946302080510502464e+00
4.894465488938220865e+00
4.842563684666781221e+00
4.790593569116719408e+00
4.738551853820754722e+00
4.686435045788273079e+00
4.634239431630205353e+00
4.581961059886593191e+00
4.529595722181936068e+00
4.477138931422311785e+00
4.424585899924894150e+00
4.371931511125577430e+00
4.319170296398727515e+00
4.266296393819702715e+00
4.213303532232713700e+00
4.160184956822041258e+00
4.106933453438892379e+00
4.053541179396238370e+00
4.000000000000000000e+00
