2.000000000896110208e+01
1.999678271319992362e+01
1.999680964976052522e+01
1.999703855985897860e+01
1.999904252369151081e+01
2.000600766801262864e+01
2.002405892669401410e+01
2.006269558961719213e+01
2.013384033995875200e+01
2.024923561726140164e+01
2.041696531291574246e+01
2.063850612081987990e+01
2.090737803926391436e+01
2.120950178642366879e+01
2.152460741043729442e+01
2.182794075992987004e+01
2.209195996303053278e+01
2.228833352475179908e+01
2.239100208797430369e+01
2.238098104967394519e+01
2.225252769383666518e+01
2.201828756083090965e+01
2.170951862507358854e+01
2.136898971585551266e+01
2.103893029075451793e+01
2.075026969932012832e+01
2.051815149594332510e+01
2.034392364359894501e+01
2.022034638400629802e+01
2.013672528261518480e+01
2.008234893677181176e+01
2.004820713162634505e+01
2.002741535307329812e+01
2.001514888932056024e+01
2.000805886253672483e+01
2.000417860981709595e+01
2.000193592197280523e+01
2.000102142795628879e+01
2.000010347118829301e+01
2.000045059562695116e+01
1.999784927704604343e+01
