2.000000009127735723e+01
1.999941085193025003e+01
1.999937079062258150e+01
1.999918779463438412e+01
1.999891295132583124e+01
1.999856214281476241e+01
1.999816995226860428e+01
1.999777832709601455e+01
1.999742757868200371e+01
1.999714791488677434e+01
1.999695468049008795e+01
1.999684820546050545e+01
1.999681753734386191e+01
1.999684653170409021e+01
1.999692098352175407e+01
1.999703637513987431e+01
1.999720686284647897e+01
1.999747699518364641e+01
1.999793788035977471e+01
1.999874936131956815e+01
2.000016817134533298e+01
2.000258108264244328e+01
2.000653753807269197e+01
2.001277799573815486e+01
2.002224346904138486e+01
2.003607015071736086e+01
2.005553742568964282e+01
2.008201923653438215e+01
2.011684038548757059e+01
2.016125368067936918e+01
2.021614901155863464e+01
2.028229721033268973e+01
2.035961839637855419e+01
2.044839552262790860e+01
2.054690684796844380e+01
2.065584586432967740e+01
2.077023949376971501e+01
2.089432017152118704e+01
2.101477343355072591e+01
2.114721215843410462e+01
2.119491296423211679e+01
