2.000000020459830807e+01
1.999891577130667031e+01
1.999912591167682407e+01
1.999922557863812500e+01
1.999930098985102944e+01
1.999933151248354335e+01
1.999930542880190387e+01
1.999921359746583960e+01
1.999905292737904361e+01
1.999882825285241594e+01
1.999855281257825013e+01
1.999824687940208534e+01
1.999793474387864478e+01
1.999764080073838812e+01
1.999738577102285575e+01
1.999718404110782899e+01
1.999704272481621459e+01
1.999696267766668356e+01
1.999694123153411596e+01
1.999697656460757145e+01
1.999707319608825529e+01
1.999724942996357768e+01
1.999754560001499826e+01
1.999803650863172066e+01
1.999884240457041429e+01
2.000014999796884752e+01
2.000221953489462834e+01
2.000542090727225641e+01
2.001020899859670621e+01
2.001720210395155775e+01
2.002704041570378379e+01
2.004062779562903174e+01
2.005861494873791173e+01
2.008225733021692960e+01
2.011169526556332698e+01
2.014894695881921649e+01
2.019230573276777818e+01
2.024629517592481776e+01
2.030372248352450981e+01
2.037628533943943765e+01
2.040201247246659477e+01
