1.999999999837224252e+01
1.999905681652934675e+01
1.999978946203586005e+01
1.999997504680658977e+01
1.999999790085583484e+01
2.000000010264793104e+01
2.000000042975998937e+01
2.000000026426577904e+01
2.000000020247789578e+01
2.000000015466671854e+01
2.000000012454939124e+01
2.000000010450544252e+01
2.000000009047130689e+01
2.000000008060071721e+01
2.000000007359567178e+01
2.000000006873882796e+01
2.000000006556168586e+01
2.000000006380820849e+01
2.000000006326866142e+01
2.000000006398930097e+01
2.000000006565571908e+01
2.000000006897193217e+01
2.000000007242481814e+01
2.000000007974973570e+01
2.000000008275174324e+01
2.000000010060677624e+01
2.000000009046375737e+01
2.000000014978750684e+01
2.000000006117899432e+01
2.000000031028561409e+01
1.999999982491102202e+01
2.000000096190695587e+01
1.999999859260458379e+01
2.000000379708296450e+01
1.999999288895629590e+01
2.000001603004073658e+01
1.999996827299020552e+01
2.000006662759995990e+01
1.999986890472551337e+01
2.000023496904449161e+01
1.999852264047967765e+01
