1.999999991700470403e+01
1.999815675167906903e+01
1.999828883856003614e+01
1.999828244211830608e+01
1.999828462682641828e+01
1.999828524144649577e+01
1.999828563627579214e+01
1.999828589772693377e+01
1.999828611806114154e+01
1.999828635499951091e+01
1.999828666010622413e+01
1.999828708880202655e+01
1.999828770915378584e+01
1.999828861165283556e+01
1.999828991935940437e+01
1.999829179757179176e+01
1.999829446063389327e+01
1.999829817733394322e+01
1.999830326916274714e+01
1.999831011110481072e+01
1.999831911284449149e+01
1.999833072412297241e+01
1.999834537380525035e+01
1.999836352627827551e+01
1.999838548637910662e+01
1.999841169444788136e+01
1.999844204024318373e+01
1.999847710927455324e+01
1.999851564741052101e+01
1.999855939592520215e+01
1.999860369757051615e+01
1.999865544906305459e+01
1.999869893035547008e+01
1.999876041001596505e+01
1.999878694196702966e+01
1.999887243771135914e+01
1.999883923689730736e+01
1.999900777297919063e+01
1.999879094607930696e+01
1.999921506007493477e+01
1.999753298931773315e+01
