1.999999996437051308e+01
1.999894118930839682e+01
1.999969903778302083e+01
1.999994909695796252e+01
1.999999515028461872e+01
1.999999970111974434e+01
2.000000043489994539e+01
2.000000031570151293e+01
2.000000022838004554e+01
2.000000017432044785e+01
2.000000013758367601e+01
2.000000011413006007e+01
2.000000009802084122e+01
2.000000008689784536e+01
2.000000007912980138e+01
2.000000007375725986e+01
2.000000007015437475e+01
2.000000006796017971e+01
2.000000006685727172e+01
2.000000006686914134e+01
2.000000006751440296e+01
2.000000006969285593e+01
2.000000007128376112e+01
2.000000007725052242e+01
2.000000007652784362e+01
2.000000009453059491e+01
2.000000007463867746e+01
2.000000014410949589e+01
2.000000002163836044e+01
2.000000032811626127e+01
1.999999970932820048e+01
2.000000110124232933e+01
1.999999820830853992e+01
2.000000441453097011e+01
1.999999159868946563e+01
2.000001821293353643e+01
1.999996439210223187e+01
2.000007272008915038e+01
1.999986008885601763e+01
2.000024445442181786e+01
1.999854171889637655e+01
