1.999999996984074713e+01
1.999815714783071030e+01
1.999828955795478791e+01
1.999828338756916324e+01
1.999828573751179661e+01
1.999828649048885865e+01
1.999828699134059917e+01
1.999828730611186245e+01
1.999828750386784293e+01
1.999828761570767455e+01
1.999828766209483533e+01
1.999828766030883997e+01
1.999828762650099279e+01
1.999828757544835867e+01
1.999828751987318753e+01
1.999828747081502200e+01
1.999828743798042296e+01
1.999828743221498328e+01
1.999828746477817987e+01
1.999828755377067324e+01
1.999828771592825305e+01
1.999828798860766454e+01
1.999828839072606712e+01
1.999828900803115062e+01
1.999828982917900433e+01
1.999829108021997470e+01
1.999829257002287264e+01
1.999829498481653900e+01
1.999829736402445235e+01
1.999830200209548181e+01
1.999830499747507773e+01
1.999831434639140681e+01
1.999831551833784005e+01
1.999833647903529155e+01
1.999832566537208578e+01
1.999837938251128122e+01
1.999832090331548429e+01
1.999847420447762758e+01
1.999825115239107376e+01
1.999868384222205009e+01
1.999700567286345176e+01
