2.315972216947646345e+01
2.389637557434757653e+01
2.404010877676654090e+01
2.358471004882154176e+01
2.275958664556310396e+01
2.187599345794250638e+01
2.113957657775925725e+01
2.062219780656759838e+01
2.030644506513946368e+01
2.013646840310217812e+01
2.005487011965158217e+01
2.001964757513183457e+01
2.000590243177029137e+01
2.000106255784895026e+01
1.999957176267222181e+01
1.999923721630632656e+01
1.999926979571065289e+01
1.999940301727373537e+01
1.999954886559277156e+01
1.999967801738898032e+01
1.999978154765331695e+01
1.999985884993535379e+01
1.999991313055402742e+01
1.999994914192431139e+01
1.999997178584661484e+01
1.999998525574050845e+01
1.999999301061429691e+01
1.999999687137572479e+01
1.999999961210487243e+01
1.999999911378903406e+01
2.000000293267300577e+01
1.999999564261100815e+01
2.000001153660611664e+01
1.999997824581308237e+01
2.000004592246922286e+01
1.999990997746105492e+01
2.000017505186728783e+01
1.999966550043598801e+01
2.000061697181070386e+01
1.999898584928181222e+01
2.000526341884688009e+01
