6.078490428596815320e+00
6.027565413936693872e+00
5.976610845997798904e+00
5.925622714277046121e+00
5.874596059280628779e+00
5.823524908621294571e+00
5.772402663730953343e+00
5.721222668969921266e+00
5.669978915250642793e+00
5.618666775478819986e+00
5.567283661437026687e+00
5.515829492972582848e+00
5.464306882456722469e+00
5.412720964046455308e+00
5.361078845115014424e+00
5.309388727766556570e+00
5.257658829213090357e+00
5.205896293176444090e+00
5.154106298659387519e+00
5.102291522315505645e+00
5.050452012072803143e+00
4.998585423081474133e+00
4.946687493506303213e+00
4.894752616265801493e+00
4.842774385909319967e+00
4.790746044986351038e+00
4.738660799776030608e+00
4.686512008680419505e+00
4.634293265062631839e+00
4.581998402617412758e+00
4.529621450022268014e+00
4.477156556615891070e+00
4.424597904854393526e+00
4.371939619827313273e+00
4.319175681584770388e+00
4.266299843491478505e+00
4.213305556110615413e+00
4.160185905812796570e+00
4.106933556223923532e+00
4.053540858212917541e+00
4.000000000000000000e+00
