6.078517179522003211e+00
6.027592240664050749e+00
5.976637940573010788e+00
5.925650422032469500e+00
5.874624909236428216e+00
5.823555617175162347e+00
5.772436097769787722e+00
5.721259764762025135e+00
5.670020558699389035e+00
5.618713658125974675e+00
5.567336133512972296e+00
5.515887439250793278e+00
5.464369647790893403e+00
5.412787351624245957e+00
5.361147199930673679e+00
5.309457100526362439e+00
5.257725195307377142e+00
5.205958784616708357e+00
5.154163401798020239e+00
5.102342204269984194e+00
5.050495760243723709e+00
4.998622205700852028e+00
4.946717665675415709e+00
4.894776801343772910e+00
4.842793358026575845e+00
4.790760629537218485e+00
4.738671799455209666e+00
4.686520155555960798e+00
4.634299195014017769e+00
4.582002646763561948e+00
4.529624437689628635e+00
4.477158625182189766e+00
4.424599312902884662e+00
4.371940561136675285e+00
4.319176298405799308e+00
4.266300238267733747e+00
4.213305801302968057e+00
4.160186051744886093e+00
4.106933637061697340e+00
4.053540895124108978e+00
4.000000000000000000e+00
