6.080961422893737200e+00
6.030038672909275199e+00
5.979089594804368524e+00
5.928113055206833515e+00
5.877107973506605632e+00
5.826073171514761562e+00
5.775007367966511040e+00
5.723909153655476700e+00
5.672776963951100981e+00
5.621609047658631120e+00
5.570403433875227073e+00
5.519157898913029214e+00
5.467869935950572469e+00
5.416536730427026214e+00
5.365155144261043674e+00
5.313721711720710061e+00
5.262232649218389291e+00
5.210683880528693024e+00
5.159071078030671664e+00
5.107389719654674032e+00
5.055635160337924816e+00
5.003802715982074822e+00
4.951887757135995827e+00
4.899885808841028201e+00
4.847792652210949349e+00
4.795604422338128003e+00
4.743317696043026999e+00
4.690929561926854952e+00
4.638437664363329382e+00
4.585840212790075476e+00
4.533135948313786301e+00
4.480324061552918735e+00
4.427404059073107412e+00
4.374375580280545961e+00
4.321238172686522994e+00
4.267991034857725907e+00
4.214632743887790411e+00
4.161160912510794674e+00
4.107571686147194256e+00
4.053857561419818900e+00
4.000000000000000000e+00
