6.079661557102416403e+00
6.028738139147520769e+00
5.977788362406688982e+00
5.926811164430234591e+00
5.875805507019950191e+00
5.824770287111703304e+00
5.773704338517467782e+00
5.722606422792281045e+00
5.671475219083999875e+00
5.620309311553842058e+00
5.569107174286636486e+00
5.517867153591969220e+00
5.466587447800185906e+00
5.415266084887248255e+00
5.363900898522860672e+00
5.312489503399227431e+00
5.261029270932769286e+00
5.209517306606485043e+00
5.157950430309988121e+00
5.106325161021487702e+00
5.054637707058962093e+00
5.002883962918747152e+00
4.951059513442357840e+00
4.899159645736233415e+00
4.847179368942933664e+00
4.795113441647538721e+00
4.742956406409472692e+00
4.690702630634022263e+00
4.638346352723965893e+00
4.585881732156019908e+00
4.533302901782247929e+00
4.480604020240196661e+00
4.427779321845702221e+00
4.374823160720639592e+00
4.321730045050359514e+00
4.268494655748487965e+00
4.215111839470907285e+00
4.161576549015943982e+00
4.107883656039104991e+00
4.054027378475453247e+00
4.000000000000000000e+00
