6.076137957128345590e+00
6.025212706813674046e+00
5.974261006102875804e+00
5.923281811117099060e+00
5.872274090860212681e+00
5.821236758682132972e+00
5.770168675773867939e+00
5.719068647005016715e+00
5.667935417161135803e+00
5.616767666625781530e+00
5.565564006541556807e+00
5.514322973344906842e+00
5.463043022566247409e+00
5.411722521770487404e+00
5.360359742501217717e+00
5.308952851084470126e+00
5.257499898147155903e+00
5.205998806712889504e+00
5.154447358755273711e+00
5.102843180116560795e+00
5.051183723737711517e+00
4.999466251192762556e+00
4.947687812573514421e+00
4.895845224826056885e+00
4.843935048693911227e+00
4.791953564468419025e+00
4.739896746780428494e+00
4.687760238683922331e+00
4.635539325278724476e+00
4.583228907095082683e+00
4.530823473415345859e+00
4.478317075653075463e+00
4.425703300809331608e+00
4.372975245112577625e+00
4.320125487602004988e+00
4.267146066344222000e+00
4.214028457579334308e+00
4.160763610166054782e+00
4.107342093878110667e+00
4.053755368630126199e+00
4.000000000000000000e+00
