6.074758201739229868e+00
6.023832246344523078e+00
5.972879831241122872e+00
5.921899893524766867e+00
5.870891401991841896e+00
5.819853268008291280e+00
5.768784351356663009e+00
5.717683456259231356e+00
5.666549328205090497e+00
5.615380650399132811e+00
5.564176039962298148e+00
5.512934043848032317e+00
5.461653134453609226e+00
5.410331704899749461e+00
5.358968063949168581e+00
5.307560430531434115e+00
5.256106927837988607e+00
5.204605576947270329e+00
5.153054289935459664e+00
5.101450862423429378e+00
5.049792965504886766e+00
4.998078136994380749e+00
4.946303771926680248e+00
4.894467112230895367e+00
4.842565235493470510e+00
4.790595042713617246e+00
4.738553244942727005e+00
4.686436348685490749e+00
4.634240639924629868e+00
4.581962166613017473e+00
4.529596719455695641e+00
4.477139810781636697e+00
4.424586651272482740e+00
4.371932124309177325e+00
4.319170757590734766e+00
4.266296692059063922e+00
4.213303647124665652e+00
4.160184887924691211e+00
4.106933187650636086e+00
4.053540889309110717e+00
4.000000000000000000e+00
