6.074757740470160705e+00
6.023831784859186911e+00
5.972879369546676642e+00
5.921899431620772702e+00
5.870890939882846382e+00
5.819852805706361210e+00
5.768783888883661781e+00
5.717682993648917744e+00
5.666548865505410149e+00
5.615380187674865908e+00
5.564175577298163589e+00
5.512933581352286616e+00
5.461652672262133912e+00
5.410331243180555916e+00
5.358967602907219074e+00
5.307559970413673334e+00
5.256106468938481768e+00
5.204605119612375042e+00
5.153053834568981806e+00
5.101450409491761206e+00
5.049792515542181448e+00
4.998077690607891199e+00
4.946303329802498538e+00
4.894466675140482614e+00
4.842564804301550119e+00
4.790594618388282377e+00
4.738552828568911579e+00
4.686435941483384937e+00
4.634240243275113080e+00
4.581961782092801805e+00
4.529596348885614354e+00
4.477139456292387187e+00
4.424586315393147729e+00
4.371931810084865866e+00
4.319170468736631463e+00
4.266296433156963275e+00
4.213303423864227959e+00
4.160184707355810474e+00
4.106933058345437537e+00
4.053540820800574096e+00
4.000000000000000000e+00
