6.074757148734497569e+00
6.023831192810006563e+00
5.972878777178419085e+00
5.921898838930705899e+00
5.870890346873866683e+00
5.819852212384943435e+00
5.768783295261282085e+00
5.717682399744556498e+00
5.666548271348570864e+00
5.615379593309080875e+00
5.564174982785121237e+00
5.512932986776688971e+00
5.461652077737343625e+00
5.410330648855103064e+00
5.358967008972237878e+00
5.307559377111335408e+00
5.256105876571504076e+00
5.204604528554648724e+00
5.153053245277364525e+00
5.101449822519057875e+00
5.049791931551323110e+00
4.998077110387334265e+00
4.946302754282883463e+00
4.894466105412626611e+00
4.842564241635916034e+00
4.790594064256145757e+00
4.738552284665599856e+00
4.686435409754121650e+00
4.634239725944242494e+00
4.581961281697480182e+00
4.529595868315442253e+00
4.477138998836938555e+00
4.424585884799941304e+00
4.371931410630937265e+00
4.319170105317484243e+00
4.266296111395877944e+00
4.213303150242891704e+00
4.160184489342549696e+00
4.106932904453194588e+00
4.053540740111023055e+00
4.000000000000000000e+00
