2.000000006177923240e+01
1.999765078900790272e+01
1.999848747170935681e+01
1.999960378230440483e+01
2.000163198254721664e+01
2.000499744945016545e+01
2.001031159132484305e+01
2.001834465409612562e+01
2.003002811932963922e+01
2.004643246069238316e+01
2.006872289482225469e+01
2.009809207289692523e+01
2.013567273221356047e+01
2.018243669771657878e+01
2.023908937801135366e+01
2.030597029296390232e+01
2.038296988885808503e+01
2.046947105000219835e+01
2.056432080397938122e+01
2.066583446128846902e+01
2.077183153647412439e+01
2.087970075986991603e+01
2.098649047374146548e+01
2.108902055273781428e+01
2.118401228694062866e+01
2.126823288507223708e+01
2.133865087865802579e+01
2.139259736959053626e+01
2.142792567035684925e+01
2.144315876089185480e+01
2.143761081123413703e+01
2.141146722291464854e+01
2.136580754961971351e+01
2.130256216121674129e+01
2.122439373997830714e+01
2.113454103111810412e+01
2.103658466641353542e+01
2.093463199454039270e+01
2.083354632921484395e+01
2.074712411309467797e+01
2.071522209302929696e+01
