2.000000009472469742e+01
1.999851593096960656e+01
1.999868885742889546e+01
1.999869726213819021e+01
1.999872132634088118e+01
1.999874336701025612e+01
1.999876586638660569e+01
1.999878850663510832e+01
1.999881115903015427e+01
1.999883373048603730e+01
1.999885632152012249e+01
1.999887935669697470e+01
1.999890374207711474e+01
1.999893105162406570e+01
1.999896374761602758e+01
1.999900543854099055e+01
1.999906117723439181e+01
1.999913780112853345e+01
1.999924431523271906e+01
1.999939231686250807e+01
1.999959645890143634e+01
1.999987494560049228e+01
2.000025005153440816e+01
2.000074865043808359e+01
2.000140273644763411e+01
2.000224991593569257e+01
2.000333384403145587e+01
2.000470457624538412e+01
2.000641880342890744e+01
2.000853993429448607e+01
2.001113799649898439e+01
2.001428928662215156e+01
2.001807580446354962e+01
2.002258387626611125e+01
2.002790291934421774e+01
2.003411602152863225e+01
2.004129614009577764e+01
2.004938794844632000e+01
2.005814925368366275e+01
2.006540471279891236e+01
2.006595304007441882e+01
