2.000000003567868490e+01
1.999902807696124540e+01
1.999965402840642525e+01
1.999988423039563301e+01
1.999997082572923190e+01
1.999999391021016137e+01
1.999999943999399221e+01
2.000000045871772869e+01
2.000000053199623196e+01
2.000000045131092818e+01
2.000000037034018874e+01
2.000000030931822792e+01
2.000000026504509165e+01
2.000000023271229210e+01
2.000000020877045870e+01
2.000000019087972447e+01
2.000000017749941605e+01
2.000000016760338895e+01
2.000000016050382712e+01
2.000000015573774448e+01
2.000000015300579292e+01
2.000000015213336368e+01
2.000000015305470313e+01
2.000000015580693002e+01
2.000000016053258278e+01
2.000000016750549747e+01
2.000000017717035306e+01
2.000000019019172015e+01
2.000000020767022590e+01
2.000000023085739187e+01
2.000000026358065242e+01
2.000000030380224914e+01
2.000000038229106636e+01
2.000000041266188688e+01
2.000000079224570726e+01
2.000000007786852407e+01
2.000000343874609854e+01
1.999998682134441097e+01
1.999998189151595085e+01
1.999937338753323957e+01
1.999718043421398761e+01
