2.000000003435682672e+01
1.999843883442440173e+01
1.999860234928095792e+01
1.999859307726552515e+01
1.999859886169313583e+01
1.999860166672539918e+01
1.999860447438027933e+01
1.999860735984360716e+01
1.999861054148246353e+01
1.999861414663622128e+01
1.999861827667058378e+01
1.999862301542636089e+01
1.999862843476090646e+01
1.999863459644983266e+01
1.999864155286143230e+01
1.999864934738443623e+01
1.999865801519774777e+01
1.999866758485232410e+01
1.999867808102911937e+01
1.999868952884175499e+01
1.999870196003773515e+01
1.999871542142025760e+01
1.999872998583987282e+01
1.999874576604671716e+01
1.999876293169714359e+01
1.999878172978476343e+01
1.999880250873890830e+01
1.999882574629764065e+01
1.999885208151357574e+01
1.999888234984364743e+01
1.999891762482725710e+01
1.999895924908698319e+01
1.999900890756067184e+01
1.999906848467626119e+01
1.999914048023962465e+01
1.999922518732168086e+01
1.999932540956793048e+01
1.999940365095442019e+01
1.999943132776307309e+01
1.999872997810652819e+01
1.999649308780135470e+01
