2.000000003084914724e+01
1.999843742477942854e+01
1.999860043350225070e+01
1.999859036325243977e+01
1.999859512397862815e+01
1.999859661642653563e+01
1.999859776074753270e+01
1.999859856581400308e+01
1.999859918608530762e+01
1.999859968821967016e+01
1.999860011564803131e+01
1.999860049705085530e+01
1.999860085286169209e+01
1.999860119865677888e+01
1.999860154728354544e+01
1.999860191021417677e+01
1.999860229841071302e+01
1.999860272288580987e+01
1.999860319507462947e+01
1.999860372708669232e+01
1.999860433188542430e+01
1.999860502342166768e+01
1.999860581672941962e+01
1.999860672799669103e+01
1.999860777461600136e+01
1.999860897524663272e+01
1.999861034990648889e+01
1.999861192009279520e+01
1.999861370917505710e+01
1.999861574211879756e+01
1.999861804818583977e+01
1.999862065022019308e+01
1.999862359428802705e+01
1.999862676911226700e+01
1.999863029291723748e+01
1.999863176231164630e+01
1.999863113045770646e+01
1.999858934206525873e+01
1.999847988049588565e+01
1.999764953139578694e+01
1.999536737321159308e+01
