2.000000007811910763e+01
1.999843745497761560e+01
1.999860045468050984e+01
1.999859037492971581e+01
1.999859512461899058e+01
1.999859660219869539e+01
1.999859773007636576e+01
1.999859851980768966e+01
1.999859912620255287e+01
1.999859961377592299e+01
1.999860002252309599e+01
1.999860037751948028e+01
1.999860069597517764e+01
1.999860099069067942e+01
1.999860127198193283e+01
1.999860154876003904e+01
1.999860182915305273e+01
1.999860212090688094e+01
1.999860243167342588e+01
1.999860276924789915e+01
1.999860314177982090e+01
1.999860355795565781e+01
1.999860402717491681e+01
1.999860455969696105e+01
1.999860516679002487e+01
1.999860586088068359e+01
1.999860665575708651e+01
1.999860756677289686e+01
1.999860861134795798e+01
1.999860980876054484e+01
1.999861118292009365e+01
1.999861275171331698e+01
1.999861455666721710e+01
1.999861648244120360e+01
1.999861864372310549e+01
1.999861863486914970e+01
1.999861640897480797e+01
1.999857292531268271e+01
1.999846171382638715e+01
1.999762983290653651e+01
1.999534715924619377e+01
