2.267361113445273801e+01
2.178439257784413030e+01
2.108967339213047865e+01
2.060266731712267685e+01
2.030254510378310329e+01
2.013830754832473957e+01
2.005773258428643757e+01
2.002190967205990191e+01
2.000733741863838944e+01
2.000188331110814488e+01
2.000001916512805522e+01
1.999946951344993806e+01
1.999937199715180469e+01
1.999942000014775090e+01
1.999950878924186526e+01
1.999960279511242334e+01
1.999968953927283266e+01
1.999976456403182468e+01
1.999982663006904460e+01
1.999987608369168157e+01
1.999991414965077752e+01
1.999994250465765333e+01
1.999996297223451691e+01
1.999997730773044680e+01
1.999998706500618084e+01
1.999999353292606941e+01
1.999999772465824321e+01
2.000000040111792643e+01
2.000000211268794459e+01
2.000000324496368265e+01
2.000000406837592237e+01
2.000000475620440099e+01
2.000000548483555818e+01
2.000000611191543953e+01
2.000000713396096685e+01
2.000000396430350236e+01
1.999999793179041419e+01
1.999989960033495606e+01
1.999962694496119298e+01
1.999757002540166084e+01
1.999217329447856173e+01
