2.388888886958145363e+01
2.293191952701342018e+01
2.208359770592270266e+01
2.138142732780923794e+01
2.085297899856817239e+01
2.049043778817526373e+01
2.026293536879865442e+01
2.013166119880831673e+01
2.006161783868250481e+01
2.002687472548729275e+01
2.001078176659096286e+01
2.000380420675377735e+01
2.000098169282820493e+01
1.999993771635492479e+01
1.999961185505762629e+01
1.999955881778772948e+01
1.999960076050425073e+01
1.999966938645827241e+01
1.999973930328086880e+01
1.999980153254210435e+01
1.999985342700989577e+01
1.999989488922217262e+01
1.999992689778183319e+01
1.999995086436947389e+01
1.999996830740469989e+01
1.999998066969332200e+01
1.999998922014404101e+01
1.999999501200611007e+01
1.999999887991596026e+01
2.000000146006933122e+01
2.000000322662585361e+01
2.000000451428487125e+01
2.000000559347762419e+01
2.000000643723691596e+01
2.000000721868770270e+01
2.000000378204275364e+01
1.999999263369321056e+01
1.999989766798260860e+01
1.999962464935313378e+01
1.999801210577640020e+01
1.999413366275257431e+01
