4.327283328891295078e+00
4.311649442352280204e+00
4.295946385391951949e+00
4.280174719332666911e+00
4.264332899929189402e+00
4.248419533778712953e+00
4.232433135059657126e+00
4.216372185713946230e+00
4.200235117554990794e+00
4.184020315487234853e+00
4.167726113769878005e+00
4.151350794750090500e+00
4.134892582509005265e+00
4.118349640585242888e+00
4.101720055268109455e+00
4.085001835069765441e+00
4.068192866246088002e+00
4.051290928875781461e+00
4.034293564453294678e+00
4.017197974060317200e+00
4.000000000000000000e+00
