4.327272279745308481e+00
4.311638353165355042e+00
4.295935274390199510e+00
4.280163601108623261e+00
4.264321794833087154e+00
4.248408467580195413e+00
4.232422139143589668e+00
4.216361296465498398e+00
4.200224375148916778e+00
4.184009762106547292e+00
4.167715791578006090e+00
4.151340744408964056e+00
4.134882843412944098e+00
4.118340255072581613e+00
4.101711079451135333e+00
4.084993361247205357e+00
4.068185061167616468e+00
4.051284096087095499e+00
4.034288225766079705e+00
4.017194922461795770e+00
4.000000000000000000e+00
