4.335687663787503254e+00
4.320090786095393653e+00
4.304424638035781570e+00
4.288687767096080350e+00
4.272875302105991757e+00
4.256979264142274566e+00
4.240987020926977991e+00
4.224880599698618511e+00
4.208637176898975873e+00
4.192231103317720198e+00
4.175637253312821429e+00
4.158835140501636829e+00
4.141813003081524336e+00
4.124571091716591198e+00
4.107123330579425691e+00
4.089496897503860140e+00
4.071729203009908815e+00
4.053862992891230199e+00
4.035939493035170855e+00
4.017989335078651081e+00
4.000000000000000000e+00
