4.331796623310451899e+00
4.316183644750390513e+00
4.300502135700790873e+00
4.284752421319665494e+00
4.268932496573732749e+00
4.253040087889194076e+00
4.237072085250728648e+00
4.221024122751290797e+00
4.204889968390844501e+00
4.188660945140396663e+00
4.172325539382248039e+00
4.155869403355286984e+00
4.139275889966328670e+00
4.122527167154045102e+00
4.105605819023502967e+00
4.088496777151330974e+00
4.071189298839438031e+00
4.053678779958232781e+00
4.035967935444839227e+00
4.018067371025167311e+00
4.000000000000000000e+00
