4.328710269248294829e+00
4.313082860173257593e+00
4.297386167977427007e+00
4.281621144625405329e+00
4.265786247426968103e+00
4.249880058963428908e+00
4.233900953594865513e+00
4.217847091907456658e+00
4.201716282613047859e+00
4.185505812903284273e+00
4.169212210812012209e+00
4.152830956238136473e+00
4.136356173954890636e+00
4.119780360873382286e+00
4.103094228733633386e+00
4.086286718501269455e+00
4.069345272664066648e+00
4.052256344252109344e+00
4.035006367445757469e+00
4.017584586838738758e+00
4.000000000000000000e+00
