4.327519540894719796e+00
4.311886644377039168e+00
4.296184414300577181e+00
4.280413555296333605e+00
4.264572529947952439e+00
4.248659971730059048e+00
4.232674421119726027e+00
4.216614380909984305e+00
4.200478281999035168e+00
4.184264462167250898e+00
4.167971125391501275e+00
4.151596285524196794e+00
4.135137684984973916e+00
4.118592688747511943e+00
4.101958144768002690e+00
4.085230229107916777e+00
4.068404262790656034e+00
4.051474577945027633e+00
4.034434448748005941e+00
4.017276879598259853e+00
4.000000000000000000e+00
