1.999999996996189111e+01
2.011793255783544510e+01
2.045060010290794850e+01
2.094284001726371258e+01
2.147138341928041072e+01
2.189702050629965058e+01
2.212110042024019307e+01
2.211098054994018725e+01
2.190052469148017522e+01
2.156711865831639585e+01
2.119671814019563172e+01
2.085521234857989015e+01
2.057743958705551535e+01
2.037146136742619262e+01
2.022932276780771943e+01
2.013664279963673565e+01
2.007908574792709899e+01
2.004452473481983787e+01
2.002481760534388755e+01
2.001432169785902104e+01
2.001793604686744743e+01
