1.999999998860651829e+01
2.000731858164740018e+01
2.001055218615713827e+01
2.001884536355187905e+01
2.003642476339680201e+01
2.007087836536998893e+01
2.013092214703410576e+01
2.022433110440434234e+01
2.035501056056077118e+01
2.052071050660569895e+01
2.071216501638385310e+01
2.091378884798780646e+01
2.110589012463556458e+01
2.126750402916892924e+01
2.138015006840373289e+01
2.143056214558521688e+01
2.141426601287028220e+01
2.133481464147038764e+01
2.120666073663916862e+01
2.105510637298474919e+01
2.097767741055663393e+01
