1.999999994270277526e+01
2.000813512463904686e+01
2.000741466878741903e+01
2.000746347399395475e+01
2.000725950000454034e+01
2.000714001708875855e+01
2.000716857787215730e+01
2.000758856445142797e+01
2.000875630588384624e+01
2.001123174167184970e+01
2.001583486289464986e+01
2.002370818603797531e+01
2.003632743048136788e+01
2.005547174636713237e+01
2.008306916694103705e+01
2.012103055636796611e+01
2.017088376184634058e+01
2.023358611728069434e+01
2.030858730968001424e+01
2.039002983390000168e+01
2.043782610508201003e+01
