1.999999996855966700e+01
2.000802715196391546e+01
2.000740206347308359e+01
2.000753847254452467e+01
2.000741131892990055e+01
2.000731295809660537e+01
2.000724883399537646e+01
2.000737165250277982e+01
2.000790176260496978e+01
2.000919777295041513e+01
2.001179931291400749e+01
2.001648492727002449e+01
2.002431017672911295e+01
2.003662313892869307e+01
2.005501063915875548e+01
2.008120443211820927e+01
2.011686787226515705e+01
2.016337834977890608e+01
2.022112051091386320e+01
2.028592329606027889e+01
2.032550781686148866e+01
