1.999999991348087747e+01
2.000739036530121240e+01
2.000688962318076491e+01
2.000714956384767618e+01
2.000721115667324312e+01
2.000730366480818390e+01
2.000735812717702800e+01
2.000739244417785301e+01
2.000741893154857109e+01
2.000747795610401880e+01
2.000764814490362298e+01
2.000805774690490679e+01
2.000892043987326829e+01
2.001053546864904220e+01
2.001336289842808114e+01
2.001796064379374940e+01
2.002515464078299345e+01
2.003572561073087499e+01
2.005076090102717146e+01
2.006970999591797167e+01
2.008527779985584871e+01
