6.074757043067616102e+00
6.023831091658121473e+00
5.972878685709832602e+00
5.921898757846524752e+00
5.870890276477376268e+00
5.819852153069631662e+00
5.768783247398444836e+00
5.717682363713604943e+00
5.666548247537068761e+00
5.615379582115291868e+00
5.564174984619174147e+00
5.512933002061249255e+00
5.461652106907803450e+00
5.410330692359317517e+00
5.358967067269778006e+00
5.307559450672187040e+00
5.256105965874104058e+00
5.204604634083140446e+00
5.153053367517930639e+00
5.101449961955195178e+00
5.049792088657929057e+00
4.998077285623483412e+00
4.946302948083189932e+00
4.894466318177109088e+00
4.842564473718317331e+00
4.790594315950698956e+00
4.738552556192263232e+00
4.686435701242420926e+00
4.634240037415788827e+00
4.581961613047701221e+00
4.529596219294001358e+00
4.477139369028960481e+00
4.424586273602410635e+00
4.371931817225653383e+00
4.319170528609002524e+00
4.266296549714584607e+00
4.213303600775804902e+00
4.160184942571098610e+00
4.106933336324774864e+00
4.053541032648158016e+00
4.000000000000000000e+00
