6.074756794584296848e+00
6.023830843047289996e+00
5.972878436959944359e+00
5.921898508945558248e+00
5.870890027415105017e+00
5.819851903836486429e+00
5.768782997985473671e+00
5.717682114112837333e+00
5.666547997742068077e+00
5.615379332121784195e+00
5.564174734425773927e+00
5.512932751670361675e+00
5.461651856326811938e+00
5.410330441602184237e+00
5.358966816359187035e+00
5.307559199642374992e+00
5.256105714774529147e+00
5.204604382983130328e+00
5.153053116512472442e+00
5.101449711172007184e+00
5.049791838265962340e+00
4.998077035842986682e+00
4.946302699197457464e+00
4.894466070546013903e+00
4.842564227793697995e+00
4.790594072293639982e+00
4.738552315492256639e+00
4.686435464338349455e+00
4.634239805318599359e+00
4.581961386964580996e+00
4.529596000653791421e+00
4.477139159508463528e+00
4.424586075153197129e+00
4.371931632100868548e+00
4.319170359389702618e+00
4.266296399334883027e+00
4.213303472546400918e+00
4.160184840198700940e+00
4.106933263917118104e+00
4.053540994606035675e+00
4.000000000000000000e+00
