6.077120612701489399e+00
6.025865870133281454e+00
5.974533641088941138e+00
5.923170631149066168e+00
5.871817133630565344e+00
5.820496174335866968e+00
5.769212553470408622e+00
5.717958646039182469e+00
5.666721125330129283e+00
5.615485746536097444e+00
5.564239854747834890e+00
5.512973259476331656e+00
5.461678193189481334e+00
5.410348869489882695e+00
5.358980944526134493e+00
5.307571031265482020e+00
5.256116320833475797e+00
5.204614313721710239e+00
5.153062641337230687e+00
5.101458952947720782e+00
5.049800845830894502e+00
4.998085821921177008e+00
4.946311259640155278e+00
4.894474393813305291e+00
4.842572299468020702e+00
4.790601877119723184e+00
4.738559838209685182e+00
4.686442689937685202e+00
4.634246719032590001e+00
4.581967974145402245e+00
4.529602246614335748e+00
4.477145049351696215e+00
4.424591593637078546e+00
4.371936763461210518e+00
4.319175087348270381e+00
4.266300706737052195e+00
4.213307341948476115e+00
4.160188251766924417e+00
4.106936185888407920e+00
4.053543239225451345e+00
4.000000000000000000e+00
