6.077523129355071774e+00
6.026498938340891343e+00
5.975357357927431501e+00
5.924112241073427931e+00
5.872785523649196371e+00
5.821405632291261512e+00
5.770002086061276181e+00
5.718599115282129830e+00
5.667211220684275297e+00
5.615842356214090003e+00
5.564488180698073272e+00
5.513139549157599184e+00
5.461785634859996463e+00
5.410415977087823514e+00
5.359021476492990210e+00
5.307594658595930603e+00
5.256129536164468874e+00
5.204621306616614262e+00
5.153066021760498217e+00
5.101460295706951698e+00
5.049801073458123568e+00
4.998085459907338546e+00
4.946310599169434497e+00
4.894473591636429255e+00
4.842571437193635475e+00
4.790600995401736562e+00
4.738558955957825169e+00
4.686441814865623279e+00
4.634245853325974274e+00
4.581967117441970494e+00
4.529601397529001261e+00
4.477144206232808621e+00
4.424590754906810197e+00
4.371935927779552422e+00
4.319174253593596191e+00
4.266299874123762770e+00
4.213306509568723435e+00
4.160187418686938976e+00
4.106935350622884506e+00
4.053542453369932907e+00
4.000000000000000000e+00
