6.079069348874187817e+00
6.028145548039756996e+00
5.977195068764577179e+00
5.926216197501832816e+00
5.875206834396959010e+00
5.824164122918473296e+00
5.773084308669486298e+00
5.721962683332444399e+00
5.670793678122089787e+00
5.619571121233216004e+00
5.568288642425938129e+00
5.516940182208093013e+00
5.465520549595686006e+00
5.414025967391123295e+00
5.362454541163115707e+00
5.310806584328674695e+00
5.259084729672683700e+00
5.207293765903395766e+00
5.155440166950660874e+00
5.103531336591456302e+00
5.051574662759945156e+00
4.999576539550825593e+00
4.947541539032147995e+00
4.895471881110825763e+00
4.843367267575259483e+00
4.791225050605957492e+00
4.739040634828906917e+00
4.686807985858767900e+00
4.634520133428106092e+00
4.582169594904486942e+00
4.529748685562426047e+00
4.477249713253468322e+00
4.424665073462287879e+00
4.371987268097013768e+00
4.319208871255820981e+00
4.266322461912384512e+00
4.213320537649289044e+00
4.160195421357592238e+00
4.106939167705323968e+00
4.053543507248356548e+00
4.000000000000000000e+00
