1.999999998864717554e+01
1.999834024532401600e+01
1.999849343621172082e+01
1.999848455971963901e+01
1.999848825457940649e+01
1.999848936981198477e+01
1.999849018754868624e+01
1.999849075455626490e+01
1.999849119286330890e+01
1.999849155771178744e+01
1.999849188517490717e+01
1.999849220138933248e+01
1.999849252829095647e+01
1.999849288659195778e+01
1.999849329759523897e+01
1.999849378438665681e+01
1.999849437265525509e+01
1.999849509125696656e+01
1.999849597255510147e+01
1.999849705256059806e+01
1.999849837088637017e+01
1.999849997051652295e+01
1.999850189739584394e+01
1.999850419982439576e+01
1.999850692769888383e+01
1.999851013150907519e+01
1.999851386145599363e+01
1.999851816568917684e+01
1.999852309078200463e+01
1.999852867575515347e+01
1.999853496471531145e+01
1.999854196894361991e+01
1.999854976861131561e+01
1.999855824679422511e+01
1.999856777920446760e+01
1.999857750693765013e+01
1.999858915911161716e+01
1.999859599383846032e+01
1.999858241684539095e+01
1.999833173990236546e+01
1.999630217441699642e+01
