2.437500003330294973e+01
2.418743324731349276e+01
2.353584885959336859e+01
2.270737267172882312e+01
2.192712155134747221e+01
2.128611758722926339e+01
2.080883100600995306e+01
2.048139797757003322e+01
2.027222112563278600e+01
2.014673667871240070e+01
2.007555921483216821e+01
2.003717186472174916e+01
2.001740370749686804e+01
2.000765874576186931e+01
2.000306135486212256e+01
2.000099794944458509e+01
2.000013352773964925e+01
1.999981396315063975e+01
1.999973015390946784e+01
1.999974075692369624e+01
1.999978328559052088e+01
1.999983133813176295e+01
1.999987467389594187e+01
1.999991013780108773e+01
1.999993757361292168e+01
1.999995798717004547e+01
1.999997272029605000e+01
1.999998308798816282e+01
1.999999022726279208e+01
1.999999506458647858e+01
1.999999829548531949e+01
2.000000048726936441e+01
2.000000192720901282e+01
2.000000314019393954e+01
2.000000371290279588e+01
2.000000516981983978e+01
2.000000376662763557e+01
2.000000254484751849e+01
1.999997411865063768e+01
2.000010130792373886e+01
2.000473531486932188e+01
