6.074767227797699398e+00
6.023841289512994024e+00
5.972888901709854537e+00
5.921908979699496811e+00
5.870900480394349863e+00
5.819862307196484785e+00
5.768793317505975793e+00
5.717692319096454590e+00
5.666558064115974069e+00
5.615389242529333913e+00
5.564184476620479991e+00
5.512942316591740166e+00
5.461661236584646417e+00
5.410339630515338172e+00
5.358975807426286764e+00
5.307567986276382044e+00
5.256114290175600168e+00
5.204612740076037802e+00
5.153061247911366216e+00
5.101457609155306550e+00
5.049799494754564577e+00
4.998084442378075032e+00
4.946309846918524933e+00
4.894472950164977298e+00
4.842570829572489188e+00
4.790600386009383094e+00
4.738558330422187659e+00
4.686441169198572787e+00
4.634245188289526141e+00
4.581966435535940185e+00
4.529600701821329345e+00
4.477143499268391835e+00
4.424590039367259031e+00
4.371935204681453691e+00
4.319173525670942482e+00
4.266299139448191724e+00
4.213305773858659009e+00
4.160186673036673000e+00
4.106934621756590076e+00
4.053541776186508017e+00
4.000000000000000000e+00
