6.074766621869069461e+00
6.023840684128577649e+00
5.972888301695416402e+00
5.921908397345213793e+00
5.870899935709097406e+00
5.819861823446339066e+00
5.768792913665761191e+00
5.717692003763456654e+00
5.666557834017902806e+00
5.615389085378591716e+00
5.564184375894983603e+00
5.512942255835994843e+00
5.461661202029434392e+00
5.410339611985992114e+00
5.358975798104019361e+00
5.307567981946693436e+00
5.256114288407967905e+00
5.204612739551305545e+00
5.153061247951417734e+00
5.101457609428523554e+00
5.049799495106380931e+00
4.998084442739958888e+00
4.946309847261919579e+00
4.894472950479062057e+00
4.842570829854093262e+00
4.790600386258381249e+00
4.738558330639871308e+00
4.686441169386637462e+00
4.634245188450261566e+00
4.581966435671714244e+00
4.529600701935121876e+00
4.477143499363529067e+00
4.424590039447303447e+00
4.371935204751360438e+00
4.319173525734124830e+00
4.266299139511918526e+00
4.213305773924113318e+00
4.160186673113426714e+00
4.106934621837120325e+00
4.053541776281821107e+00
4.000000000000000000e+00
