6.074755650375403881e+00
6.023829706864726852e+00
5.972877318671427460e+00
5.921897409956060621e+00
5.870888948234432192e+00
5.819850845145478679e+00
5.768781960435124923e+00
5.717681098369677528e+00
5.666547004490639416e+00
5.615378362070051921e+00
5.564173788308897528e+00
5.512931830253880783e+00
5.461650960409369482e+00
5.410329572017937849e+00
5.358965973980060582e+00
5.307558385380276356e+00
5.256104929583643504e+00
5.204603627862304904e+00
5.153052392507778023e+00
5.101449019379249883e+00
5.049791179833500898e+00
4.998076411973902289e+00
4.946302111152822256e+00
4.894465519645341267e+00
4.842563715420308057e+00
4.790593599888620879e+00
4.738551884569712769e+00
4.686435076454964488e+00
4.634239462131441556e+00
4.581961090108080725e+00
4.529595751969777595e+00
4.477138960572777826e+00
4.424585928173311977e+00
4.371931538132877826e+00
4.319170321738971197e+00
4.266296416963111682e+00
4.213303552535951901e+00
4.160184973505318240e+00
4.106933465590517862e+00
4.053541185939051772e+00
4.000000000000000000e+00
