1.999999995364031946e+01
1.999674011262049333e+01
1.999710134171946407e+01
1.999716728167163993e+01
1.999721758693716112e+01
1.999726599535717497e+01
1.999741431861053442e+01
1.999790760060381345e+01
1.999926971679566989e+01
2.000248873459742782e+01
2.000922242062826228e+01
2.002195396381175030e+01
2.004400431743058419e+01
2.007932125483170438e+01
2.013202548706849981e+01
2.020578094223928645e+01
2.030312677183942682e+01
2.042492447154520008e+01
2.057002799746565813e+01
2.073520611943921921e+01
2.091527608790166326e+01
2.110337387944105103e+01
2.129129426207351017e+01
2.146986832614095064e+01
2.162939293746971003e+01
2.176015793162682499e+01
2.185313901968624961e+01
2.190087585946793780e+01
2.189851846017631942e+01
2.184481644457176586e+01
2.174287232810265991e+01
2.160010507754771680e+01
2.142764457853343174e+01
2.123839799004834106e+01
2.104577377713458475e+01
2.086055732526213546e+01
2.069221936169495990e+01
2.054376866792900458e+01
2.042101847129202952e+01
2.031719393812858243e+01
2.027779123292566510e+01
