1.999999997693602083e+01
1.999838099792091839e+01
1.999808111427972435e+01
1.999770982111812145e+01
1.999739814925106529e+01
1.999716182525796881e+01
1.999700786489316329e+01
1.999692962178857414e+01
1.999691296998947720e+01
1.999694283205573697e+01
1.999701062218865744e+01
1.999712364657264985e+01
1.999731867506993765e+01
1.999768243682915525e+01
1.999838142826761000e+01
1.999970174318707805e+01
2.000209655652034968e+01
2.000623453578332800e+01
2.001303821241734582e+01
2.002369811497802132e+01
2.003964962751153323e+01
2.006250309221088557e+01
2.009392932203377313e+01
2.013550808407695314e+01
2.018856615272023092e+01
2.025401629494787059e+01
2.033224247431027720e+01
2.042300194408487357e+01
2.052542762653435560e+01
2.063798418023996462e+01
2.075861636246464670e+01
2.088464669772875837e+01
2.101313937884546235e+01
2.114052355955967855e+01
2.126340233423345794e+01
2.137755803268806076e+01
2.147962562346243232e+01
2.156514641847161329e+01
2.163120489745933384e+01
2.167450406883214953e+01
2.168763100901560392e+01
