1.999999993098449025e+01
1.999909959262109282e+01
1.999977161540462589e+01
1.999994207566812321e+01
1.999998606764027542e+01
1.999999711709342165e+01
1.999999948038766107e+01
1.999999997513101846e+01
2.000000004931365183e+01
2.000000004788113372e+01
2.000000003773463320e+01
2.000000003049937192e+01
2.000000002658298115e+01
2.000000002491270834e+01
2.000000002454804715e+01
2.000000002488792816e+01
2.000000002550189393e+01
2.000000002623511719e+01
2.000000002677512256e+01
2.000000002741087712e+01
2.000000002733944626e+01
2.000000002817870381e+01
2.000000002655247400e+01
2.000000002963658829e+01
2.000000002256723519e+01
2.000000003667419790e+01
2.000000000684038781e+01
2.000000006933673546e+01
1.999999994098592992e+01
2.000000021140388995e+01
1.999999965831904447e+01
2.000000081491831594e+01
1.999999844986605524e+01
2.000000335122540918e+01
1.999999335138745238e+01
2.000001389682263664e+01
1.999997219740297894e+01
2.000005712231265065e+01
1.999988621406131983e+01
2.000020614989207957e+01
1.999846911548229400e+01
