6.079109678659122551e+00
6.028185744810981461e+00
5.977235503232010139e+00
5.926257959272769327e+00
5.875251984061455879e+00
5.824215970367903950e+00
5.773147417492602962e+00
5.722042477975374020e+00
5.670895840415652422e+00
5.619700936286510462e+00
5.568450533251320778e+00
5.517137428705405355e+00
5.465755213866183126e+00
5.414298880706568617e+00
5.362765339104479168e+00
5.311153683395426484e+00
5.259465290836135232e+00
5.207703615086810345e+00
5.155873767690076548e+00
5.103981841420427656e+00
5.052034130278807211e+00
5.000036320162107195e+00
4.947992813122352729e+00
4.895906266322347378e+00
4.843777388234397741e+00
4.791604981553689413e+00
4.739386149889214472e+00
4.687116615596546687e+00
4.634791043715500436e+00
4.582403357084446682e+00
4.529946972185420861e+00
4.477414991869989258e+00
4.424800306016910767e+00
4.372095668653556366e+00
4.319293694652339255e+00
4.266386867603814359e+00
4.213367473038117872e+00
4.160227577192170401e+00
4.106958921855007105e+00
4.053552909845417496e+00
4.000000000000000000e+00
