2.000000007624934284e+01
2.000133015055981645e+01
2.000039637378100110e+01
2.000156145679904185e+01
2.000070207100640118e+01
2.000193114599835909e+01
2.000120238246465476e+01
2.000256042972899451e+01
2.000202716977090489e+01
2.000357459117407544e+01
2.000328762925622073e+01
2.000506042686099661e+01
2.000503623595554004e+01
2.000702747470439036e+01
2.000723278078046619e+01
2.000938180710708281e+01
2.000972845232265485e+01
2.001192223085837796e+01
2.001227519577121328e+01
2.001436287953237425e+01
2.001456067536460282e+01
2.001637872645100913e+01
2.001626173160945399e+01
2.001766373623240725e+01
2.001710362156895684e+01
2.001798748107706416e+01
2.001691051726975346e+01
2.001723649368454616e+01
2.001563540423229526e+01
2.001543125775384979e+01
2.001336366016667156e+01
2.001271679144636906e+01
2.001029190320922879e+01
2.000933169098080810e+01
2.000668964154042229e+01
2.000556504126831925e+01
2.000285412626965709e+01
2.000171165959520536e+01
1.999906832541967816e+01
1.999802092583345825e+01
1.999603242203011177e+01
