4.058552115283860395e+00
4.057778360726073785e+00
4.057005686009413914e+00
4.056234085949496304e+00
4.055463558314955641e+00
4.054694100988137428e+00
4.053925712267720805e+00
4.053158390707497283e+00
4.052392135099334602e+00
4.051626944416166332e+00
4.050862817777244551e+00
4.050099754415625419e+00
4.049337753653619920e+00
4.048576814883072750e+00
4.047816937549884031e+00
4.047058121141640541e+00
4.046300365177766700e+00
4.045543669201402182e+00
4.044788032772678399e+00
4.044033455463181603e+00
4.043279936851303269e+00
4.042527476518434248e+00
4.041776074045960065e+00
4.041025729012858392e+00
4.040276440993934237e+00
4.039528209558600480e+00
4.038781034270044756e+00
4.038034914684773824e+00
4.037289850352422604e+00
4.036545840815730202e+00
4.035802885610656254e+00
4.035060984266560347e+00
4.034320136306435600e+00
4.033580341247179568e+00
4.032841598599939736e+00
4.032103907870555837e+00
4.031367268560150485e+00
4.030631680165965847e+00
4.029897142182497838e+00
4.029163654103045999e+00
4.028431215421776734e+00
4.027699825636410935e+00
4.026969484251635478e+00
4.026240190783365591e+00
4.025511944763968231e+00
4.024784745748549497e+00
4.024058593322456190e+00
4.023333487110075879e+00
4.022609426785049180e+00
4.021886412082060325e+00
4.021164442810295725e+00
4.020443518868686006e+00
4.019723640263096698e+00
4.019004807125587497e+00
4.018287019735888421e+00
4.017570278545210094e+00
4.016854584202514289e+00
4.016139937583447228e+00
4.015426339821990709e+00
4.014713792344924315e+00
4.014002296909135126e+00
4.013291855641877959e+00
4.012582471083750768e+00
4.011874146233912697e+00
4.011166884597307636e+00
4.010460690232537928e+00
4.009755567798757525e+00
4.009051522598634065e+00
4.008348560612478018e+00
4.007646688516319777e+00
4.006945913671560611e+00
4.006246244067730444e+00
4.005547688187674815e+00
4.004850254749518612e+00
4.004153952249939863e+00
4.003458788202618024e+00
4.002764767878598917e+00
4.002071892327316860e+00
4.001380155149847795e+00
4.000689537704985810e+00
4.000000000000000000e+00
