4.058563636205476222e+00
4.057789781294542486e+00
4.057017009433940835e+00
4.056245313631816174e+00
4.055474691632358741e+00
4.054705142303678400e+00
4.053936665320100552e+00
4.053169260629490012e+00
4.052402928219717815e+00
4.051637667957908917e+00
4.050873479523201759e+00
4.050110362386402763e+00
4.049348315822339117e+00
4.048587338938844482e+00
4.047827430713388353e+00
4.047068590030995949e+00
4.046310815719827758e+00
4.045554106582191167e+00
4.044798461420215041e+00
4.044043879056068214e+00
4.043290358346895985e+00
4.042537898195186052e+00
4.041786497555218460e+00
4.041036155436206201e+00
4.040286870902937366e+00
4.039538643074464197e+00
4.038791471121377263e+00
4.038045354262129294e+00
4.037300291758765702e+00
4.036556282912350468e+00
4.035813327058358269e+00
4.035071423562124338e+00
4.034330571814543021e+00
4.033590771228060312e+00
4.032852021233043871e+00
4.032114321274522517e+00
4.031377670809340508e+00
4.030642069303721264e+00
4.029907516231232556e+00
4.029174011071160244e+00
4.028441553307279932e+00
4.027710142427025630e+00
4.026979777921061654e+00
4.026250459283274630e+00
4.025522186011205150e+00
4.024794957606935064e+00
4.024068773578478364e+00
4.023343633441720968e+00
4.022619536722951139e+00
4.021896482962052488e+00
4.021174471716410181e+00
4.020453502565627169e+00
4.019733575117128588e+00
4.019014689012684549e+00
4.018296843936059126e+00
4.017580039621783783e+00
4.016864275865139611e+00
4.016149552533519795e+00
4.015435869579241590e+00
4.014723227053886845e+00
4.014011625124225269e+00
4.013301064089807468e+00
4.012591544402105193e+00
4.011883066685376420e+00
4.011175631758958637e+00
4.010469240660416546e+00
4.009763894669097439e+00
4.009059595329232728e+00
4.008356344470445087e+00
4.007654144223020687e+00
4.006952997023371488e+00
4.006252905602933012e+00
4.005553872949074723e+00
4.004855902222997699e+00
4.004158996605490017e+00
4.003463159042191855e+00
4.002768391809233606e+00
4.002074695882537725e+00
4.001382069860637714e+00
4.000690508721674199e+00
4.000000000000000000e+00
