4.058570814619475442e+00
4.057796994902458820e+00
4.057024231529587688e+00
4.056252522843292851e+00
4.055481870176789627e+00
4.054712274967979369e+00
4.053943738925209317e+00
4.053176263768939691e+00
4.052409851145780451e+00
4.051644502534561987e+00
4.050880219199281207e+00
4.050117002163248436e+00
4.049354852203846278e+00
4.048593769859851754e+00
4.047833755447233450e+00
4.047074809079472146e+00
4.046316930689989100e+00
4.045560120054748410e+00
4.044804376813925018e+00
4.044049700492110766e+00
4.043296090516577124e+00
4.042543546233573259e+00
4.041792066922717197e+00
4.041041651809528901e+00
4.040292300076330001e+00
4.039544010871646051e+00
4.038796783318307604e+00
4.038050616520386882e+00
4.037305509569137030e+00
4.036561461548046736e+00
4.035818471537139018e+00
4.035076538616576336e+00
4.034335661869680401e+00
4.033595840385422626e+00
4.032857073260443848e+00
4.032119359600647712e+00
4.031382698522423702e+00
4.030647089153541529e+00
4.029912530633734669e+00
4.029179022115031650e+00
4.028446562761852867e+00
4.027715151750915545e+00
4.026984788270967286e+00
4.026255471522375728e+00
4.025527200716615184e+00
4.024799975075660896e+00
4.024073793831327350e+00
4.023348656224573716e+00
4.022624561504777319e+00
4.021901508928997337e+00
4.021179497761283805e+00
4.020458527271995486e+00
4.019738596737159497e+00
4.019019705437895773e+00
4.018301852659840634e+00
4.017585037692730232e+00
4.016869259829976002e+00
4.016154518368302284e+00
4.015440812607520726e+00
4.014728141850289589e+00
4.014016505402002721e+00
4.013305902570725614e+00
4.012596332667168753e+00
4.011887795004841273e+00
4.011180288900231261e+00
4.010473813673072208e+00
4.009768368646879466e+00
4.009063953149793136e+00
4.008360566515902335e+00
4.007658208087383045e+00
4.006956877218113000e+00
4.006256573279775246e+00
4.005557295672024232e+00
4.004859043841584310e+00
4.004161817311592486e+00
4.003465615743539985e+00
4.002770439023751514e+00
4.002076287474500838e+00
4.001383162087674528e+00
4.000691065312257599e+00
4.000000000000000000e+00
