4.056506296328518779e+00
4.055735668777164626e+00
4.054966109056155510e+00
4.054197614559743812e+00
4.053430186532260393e+00
4.052663825216695770e+00
4.051898530609228999e+00
4.051134302411876220e+00
4.050371140219202637e+00
4.049609043599375902e+00
4.048848012174752320e+00
4.048088045671585533e+00
4.047329143955581188e+00
4.046571307054842137e+00
4.045814535178466009e+00
4.045058828735234258e+00
4.044304188356212748e+00
4.043550614925339737e+00
4.042798109620633795e+00
4.042046673967292669e+00
4.041296309905600737e+00
4.040547019874290768e+00
4.039798806910013695e+00
4.039051674765025801e+00
4.038305628042639484e+00
4.037560672351742319e+00
4.036816814481031912e+00
4.036074062593028700e+00
4.035332426438458242e+00
4.034591917591212606e+00
4.033852549703500934e+00
4.033114338781140340e+00
4.032377303477881370e+00
4.031641465408078773e+00
4.030906849475885068e+00
4.030173484219086610e+00
4.029441402164947839e+00
4.028710640195027004e+00
4.027981239915414235e+00
4.027253248028104693e+00
4.026526716698873187e+00
4.025801703916465080e+00
4.025078273837455534e+00
4.024356497110789022e+00
4.023636451175696571e+00
4.022918220526549682e+00
4.022201896938019772e+00
4.021487579644050570e+00
4.020775375464215706e+00
4.020065398871353501e+00
4.019357771994744866e+00
4.018652624553562092e+00
4.017950093716016191e+00
4.017250323880255714e+00
4.016553466373851577e+00
4.015859679069725630e+00
4.015169125916989046e+00
4.014481976386322870e+00
4.013798404830445143e+00
4.013118589760870769e+00
4.012442713043212095e+00
4.011770959013798432e+00
4.011103513520724917e+00
4.010440562892381600e+00
4.009782292834893624e+00
4.009128887257889851e+00
4.008480527021544226e+00
4.007837388585848259e+00
4.007199642522102145e+00
4.006567451804534663e+00
4.005940969726351497e+00
4.005320337143904119e+00
4.004705678512810785e+00
4.004097095705297704e+00
4.003494657847570082e+00
4.002898383816383188e+00
4.002308211804493254e+00
4.001723944872887628e+00
4.001145155503174955e+00
4.000571012275205618e+00
4.000000000000000000e+00
