1.999987923699651660e+01
1.999998006558069719e+01
2.000003006606091915e+01
2.000006954167946560e+01
2.000009891094976311e+01
2.000012220045275413e+01
2.000014043225895577e+01
2.000015448873853785e+01
2.000016470593305229e+01
2.000017133485795995e+01
2.000017457829092038e+01
2.000017467754872769e+01
2.000017192194615134e+01
2.000016665367071056e+01
2.000015925210758283e+01
2.000015011959671796e+01
2.000013966327388815e+01
2.000012828037919022e+01
2.000011634545240469e+01
2.000010420158733737e+01
2.000009215311972355e+01
2.000008046335147327e+01
2.000006935176974565e+01
2.000005899518803076e+01
2.000004952905758415e+01
2.000004105052980208e+01
2.000003362060951062e+01
2.000002726900631700e+01
2.000002199646220546e+01
2.000001777936149949e+01
2.000001457248672310e+01
2.000001231269711255e+01
2.000001092173212669e+01
2.000001030914016553e+01
2.000001037484960875e+01
2.000001101146434124e+01
2.000001210645939764e+01
2.000001354423020672e+01
2.000001520774903696e+01
2.000001698030929376e+01
2.000001874693755255e+01
2.000002039571588242e+01
2.000002181895078834e+01
2.000002291412864608e+01
2.000002358475228093e+01
2.000002374098249192e+01
2.000002330022886099e+01
2.000002218724375425e+01
2.000002033452032535e+01
2.000001768238217181e+01
2.000001417857848907e+01
2.000000977833880356e+01
2.000000444392297538e+01
1.999999814446437085e+01
1.999999085509626795e+01
1.999998255688511861e+01
1.999997323627627210e+01
1.999996288471176342e+01
1.999995149790396454e+01
1.999993907580483921e+01
1.999992562272801777e+01
1.999991114636253542e+01
1.999989565887657150e+01
1.999987917626229006e+01
1.999986171816712854e+01
1.999984331119590308e+01
1.999982398542188733e+01
1.999980378060009656e+01
1.999978274398545608e+01
1.999976093646792208e+01
1.999973843783091709e+01
1.999971536235053904e+01
1.999969187409198312e+01
1.999966825652521152e+01
1.999964494614641097e+01
1.999962286635427589e+01
1.999960341897482152e+01
1.999959007816495671e+01
1.999958753810247103e+01
1.999961002607360427e+01
1.999965490819886327e+01
