2.319449913395720131e+01
2.285855815885369680e+01
2.253374903721951483e+01
2.222490934493547599e+01
2.193606859655275088e+01
2.167015704661395503e+01
2.142894611139365324e+01
2.121311411826053117e+01
2.102240245425531029e+01
2.085581271034129358e+01
2.071181169965131019e+01
2.058852121626020448e+01
2.048388001985204809e+01
2.039577307963280717e+01
2.032212828805483440e+01
2.026098389311674097e+01
2.021053131002359038e+01
2.016913838251524993e+01
2.013535788352731259e+01
2.010792544767976509e+01
2.008575038939742186e+01
2.006790215431765390e+01
2.005359444314951034e+01
2.004216852249854952e+01
2.003307674272860694e+01
2.002586694231589703e+01
2.002016812925981881e+01
2.001567764872480026e+01
2.001214988429517305e+01
2.000938647225872558e+01
2.000722792430732611e+01
2.000554654122889531e+01
2.000424047159808083e+01
2.000322877355355544e+01
2.000244734035054606e+01
2.000184556081247678e+01
2.000138359887584727e+01
2.000103018932498244e+01
2.000076086043804935e+01
2.000055650821340691e+01
2.000040225646356618e+01
2.000028654992248534e+01
2.000020043463747399e+01
2.000013698968012932e+01
2.000009087884239278e+01
2.000005799862136513e+01
2.000003520314851357e+01
2.000002008792534269e+01
2.000001082252677165e+01
2.000000602013798101e+01
2.000000463539007001e+01
2.000000588736558527e+01
2.000000919781163589e+01
2.000001414435692837e+01
2.000002042577328609e+01
2.000002783247427374e+01
2.000003622835406247e+01
2.000004553036060884e+01
2.000005570032781321e+01
2.000006673218748432e+01
2.000007864770426735e+01
2.000009148888516819e+01
2.000010531536392833e+01
2.000012020016328762e+01
2.000013623094285364e+01
2.000015350252146362e+01
2.000017212408491929e+01
2.000019221312707884e+01
2.000021389991401222e+01
2.000023733383183355e+01
2.000026268591794221e+01
2.000029018279986204e+01
2.000032011812286825e+01
2.000035299602150474e+01
2.000038956954587377e+01
2.000043152905847776e+01
2.000048136783759389e+01
2.000054576030400000e+01
2.000063277947228002e+01
2.000076907310089425e+01
2.000093234749510884e+01
