6.075021227196716112e+00
5.973143453990637397e+00
5.871156466645511607e+00
5.769050808890491489e+00
5.666817221668297933e+00
5.564445422043318601e+00
5.461924076525197513e+00
5.359240648473888591e+00
5.256381225926650913e+00
5.153330312086513487e+00
5.050070570672678727e+00
4.946582515139049008e+00
4.842844130387441659e+00
4.738830411149265842e+00
4.634512811493759266e+00
4.529858564778654895e+00
4.424829936908868611e+00
4.319383166522268169e+00
4.213467769266213914e+00
4.107025054944839049e+00
4.000000000000000000e+00
