6.074743198166735247e+00
5.972865173861573673e+00
5.870877999425546889e+00
5.768772156773888327e+00
5.666538377930280035e+00
5.564166359894671565e+00
5.461644747088079122e+00
5.358960987310679158e+00
5.256101176069868153e+00
5.153049874048013734e+00
5.049789893632639526e+00
4.946302047641776944e+00
4.842564852364342975e+00
4.738554172948737708e+00
4.634242802779942494e+00
4.529599945131177030e+00
4.424590621373298838e+00
4.319174846480373198e+00
4.213306933189561398e+00
4.106934060411553844e+00
4.000000000000000000e+00
