1.999999999953232788e+01
1.998899322090137787e+01
1.998994559938490667e+01
1.998993784831223408e+01
1.999001145685843284e+01
1.999008631122185875e+01
1.999017416058962127e+01
1.999027389580174585e+01
1.999038313844829773e+01
1.999049816615614716e+01
1.999061482357244657e+01
1.999073068439221146e+01
1.999084446679680127e+01
1.999096650464127478e+01
1.999109695017785526e+01
1.999130095799825924e+01
1.999150742758022048e+01
1.999207024458018367e+01
1.999223255948178135e+01
1.999340928037151954e+01
1.998221568869394105e+01
