2.319444444384928516e+01
2.158359059731699503e+01
2.065894501517961857e+01
2.023262809747624047e+01
2.007118420560405525e+01
2.001739673314567369e+01
2.000155832582415627e+01
1.999784328986362070e+01
1.999762644560817648e+01
1.999821841797620436e+01
1.999884012992029980e+01
1.999930874217934829e+01
1.999961575146411263e+01
1.999980914887770922e+01
1.999990320248181774e+01
2.000000807605666964e+01
1.999992578064234650e+01
2.000026760443421026e+01
1.999938047778304906e+01
2.000010872672902806e+01
1.997584111252490402e+01
