6.080303239534427640e+00
5.978431833003606144e+00
5.876452695279018812e+00
5.774355567143415691e+00
5.672130361519051256e+00
5.569763964884270280e+00
5.467238637947907876e+00
5.364530794018066651e+00
5.261611053356822332e+00
5.158445917894884936e+00
5.055000491704345400e+00
4.951241791063234032e+00
4.847141331211973991e+00
4.742677186070817896e+00
4.637833515702026510e+00
4.532599668022550432e+00
4.426965291073867270e+00
4.320917969163414085e+00
4.214435380184164970e+00
4.107486484343351840e+00
4.000000000000000000e+00
