6.074762107467433836e+00
5.972884240662543753e+00
5.870897354525647316e+00
5.768791789606528830e+00
5.666558256140489469e+00
5.564186455164366940e+00
5.461665056444582333e+00
5.358981529326833915e+00
5.256122034309353097e+00
5.153071166574218154e+00
5.049811845825682433e+00
4.946324896771641555e+00
4.842588974674935542e+00
4.738579835831345122e+00
4.634270378374115928e+00
4.529629310461614544e+00
4.424621497332564601e+00
4.319205491030882804e+00
4.213334651361690497e+00
4.106952554369996733e+00
4.000000000000000000e+00
