6.074712860829298400e+00
5.972834976137646912e+00
5.870848151870764475e+00
5.768742713127885224e+00
5.666509380771076465e+00
5.564137860828966886e+00
5.461616809665986949e+00
5.358933678147931090e+00
5.256074579100160626e+00
5.153024066661918035e+00
5.049764981555330046e+00
4.946278111849277792e+00
4.842542036110746295e+00
4.738532569139177753e+00
4.634222662516584990e+00
4.529581443752521253e+00
4.424574323954908017e+00
4.319161246663812292e+00
4.213297346452848480e+00
4.106929636836418318e+00
4.000000000000000000e+00
