1.999999999954885155e+01
1.998938503100574593e+01
1.999041128329406547e+01
1.999048908195427998e+01
1.999062237623864391e+01
1.999072577994123989e+01
1.999081340507180471e+01
1.999090368690164965e+01
1.999103920096681009e+01
1.999129607135886744e+01
1.999179431264357021e+01
1.999270843029691491e+01
1.999427076293558869e+01
1.999678476680605854e+01
2.000058611386480223e+01
2.000613023208879682e+01
2.001368792879155833e+01
2.002408687016483313e+01
2.003652133465928387e+01
2.005255227030967546e+01
2.004723785031910666e+01
