6.077708048760321446e+00
5.975769903780356884e+00
5.873510596273356477e+00
5.770788366914323397e+00
5.667697390467598240e+00
5.564611962007226076e+00
5.461754995452857919e+00
5.358993166793847074e+00
5.256128915391319545e+00
5.153079953976204663e+00
5.049819854858547785e+00
4.946331112505577110e+00
4.842592004037697961e+00
4.738577709559918638e+00
4.634263493108614185e+00
4.529616065996031615e+00
4.424603732019385838e+00
4.319183846039797103e+00
4.213313318549887221e+00
4.106938046546681598e+00
4.000000000000000000e+00
