6.080279772044725028e+00
5.978403233834771235e+00
5.876415351703362155e+00
5.774314094358254046e+00
5.672093778983895440e+00
5.569743412298087115e+00
5.467248031924872187e+00
5.364570854945895029e+00
5.261635731569055174e+00
5.158339729772375648e+00
5.054585564574534118e+00
4.950280406015846957e+00
4.845374089541495621e+00
4.740073829339749523e+00
4.634805396559592339e+00
4.529722748450129899e+00
4.424597521271066647e+00
4.319168886816393993e+00
4.213303926931096122e+00
4.106934142684229627e+00
4.000000000000000000e+00
