6.074996133327690728e+00
5.973150172717069495e+00
5.871210075967316477e+00
5.769121567750609358e+00
5.666891402551424761e+00
5.564512563081831509e+00
5.461989936399271883e+00
5.359304248410573734e+00
5.256441897509012584e+00
5.153388415800172595e+00
5.050120423545424231e+00
4.946623928666062930e+00
4.842878563202492437e+00
4.738863171722951684e+00
4.634561443019238780e+00
4.529936834101898846e+00
4.424956626395115222e+00
4.319566492999251217e+00
4.213682006142525971e+00
4.107190610101442374e+00
4.000000000000000000e+00
