6.074717342401323883e+00
5.972839393308490230e+00
5.870853955436211358e+00
5.768750169331387845e+00
5.666512963596130881e+00
5.564125442882368766e+00
5.461574944989347813e+00
5.358846397687645258e+00
5.255923518340061662e+00
5.152806436891174791e+00
5.049513894752358567e+00
4.946049848475011501e+00
4.842381668817519191e+00
4.738452865069096909e+00
4.634207056829847460e+00
4.529600935422604557e+00
4.424604248326111211e+00
4.319187943892736747e+00
4.213315402680287924e+00
4.106939038861377789e+00
4.000000000000000000e+00
