2.000000000209675477e+01
2.049502701099297397e+01
2.170966302199258280e+01
2.322617413469517800e+01
2.371053607333210067e+01
2.235986154272397997e+01
2.074210039099876468e+01
2.006343870854629685e+01
1.998935417803928161e+01
1.997661074366516587e+01
2.000289486455556442e+01
1.998495439880189650e+01
2.000512319665230976e+01
1.999599406858661865e+01
1.999985138578022514e+01
2.000338667599950426e+01
1.999439414811054760e+01
2.000683834391014315e+01
1.999260012975289058e+01
2.000774732877119177e+01
1.998999952503800159e+01
