1.999999999878787804e+01
1.998588339690139648e+01
1.998643182437750809e+01
1.999316977616039637e+01
1.999647442210279635e+01
2.000157814945863777e+01
1.999803942404540891e+01
2.000250429741832647e+01
1.999702842498655642e+01
2.000335298772668224e+01
1.999639303417291814e+01
2.000370286537212294e+01
1.999637076288680859e+01
2.000343028062007633e+01
1.999680772875061052e+01
2.000302160036900290e+01
1.999700293966802533e+01
2.000310304417245177e+01
1.999674901840568708e+01
2.000327513981192240e+01
1.999608935537617072e+01
