1.999999999984487786e+01
1.998224471788202550e+01
1.997348521101100260e+01
2.000092583013909930e+01
2.005148689040520793e+01
2.010692992288681324e+01
2.014830160794709357e+01
2.022014621070580276e+01
2.022007143332240631e+01
2.010077194874029161e+01
1.990341311272801761e+01
1.978973390304276592e+01
1.977064354243459832e+01
1.984350902393485327e+01
1.991712745803688023e+01
1.997897429600247321e+01
1.999478833131123068e+01
2.000780383294071996e+01
1.999858830410121868e+01
2.000284055126938654e+01
1.999550756978533173e+01
