2.000000000012857271e+01
1.998415956559488649e+01
1.997304847648930703e+01
1.999501574529925918e+01
2.004197959528421791e+01
2.010001779786419362e+01
2.013878960498385950e+01
2.021000161317469690e+01
2.022677218970144963e+01
2.013065518105755203e+01
1.993538787207972263e+01
1.980429005293748190e+01
1.976616659231527606e+01
1.982846492579946940e+01
1.990263890709240613e+01
1.997063406183552559e+01
1.999178655794331050e+01
2.000733108095484880e+01
1.999938365644698379e+01
2.000308739727988794e+01
1.999549979574476311e+01
