2.000000000720732629e+01
2.001113298858292211e+01
2.000719381399348862e+01
2.000882415214252674e+01
1.999636654752010045e+01
1.999403800146564691e+01
1.997933331662425260e+01
1.998181386105520119e+01
1.999395989412496277e+01
2.004169463485825631e+01
2.007797617614098229e+01
2.012961648826028593e+01
2.016921350186589734e+01
2.021749156723840812e+01
2.017756766238225197e+01
2.008056675826106741e+01
1.992149458955311658e+01
1.983278261814193044e+01
1.978316243545784303e+01
1.982970098175049145e+01
1.984432525352531229e+01
