2.000000000501163555e+01
2.003189664938647496e+01
2.000769925554739004e+01
2.000957581409902630e+01
2.000006935141404085e+01
2.000630294416377808e+01
2.000912049381047808e+01
2.000619618739259664e+01
2.001027248771077183e+01
1.999386914962203932e+01
2.000046554337216875e+01
1.997771876806266178e+01
1.998931800159876815e+01
1.998158519219832741e+01
2.002041207166525538e+01
2.004286904844562756e+01
2.008952671489265285e+01
2.012178008207123980e+01
2.016425895125805212e+01
2.019234083004018032e+01
2.019106180767630576e+01
