6.074719772514169946e+00
5.972841795325555481e+00
5.870854757994321105e+00
5.768749080779947747e+00
5.666515495009058156e+00
5.564143706108222176e+00
5.461622365804094770e+00
5.358938929231936044e+00
5.256079498741728528e+00
5.153028640303909391e+00
5.049769172195331279e+00
4.946281911470275183e+00
4.842545389102204112e+00
4.738535484445334234e+00
4.634225052888797158e+00
4.529583350330453229e+00
4.424575614948514257e+00
4.319161997423818455e+00
4.213297409370086122e+00
4.106929079500117652e+00
4.000000000000000000e+00
