6.078930211119954130e+00
5.977056916956553501e+00
5.875075152278157908e+00
5.772975468799868004e+00
5.670748526714064042e+00
5.568383763463358171e+00
5.465869108222950246e+00
5.363190405840917663e+00
5.260330644363525820e+00
5.157269076179506584e+00
5.053980408495121424e+00
4.950434284955858466e+00
4.846595200141003978e+00
4.742422945137666268e+00
4.637873462095628341e+00
4.532900079327760956e+00
4.427454779177716127e+00
4.321489403947992081e+00
4.214956524688162176e+00
4.107808820620561185e+00
4.000000000000000000e+00
