2.000000000074883033e+01
1.998844997567364246e+01
1.999016947747559314e+01
1.999175122615738687e+01
1.999387217555801755e+01
1.999596317206773577e+01
1.999763050170749068e+01
1.999874832524510282e+01
1.999939670755461307e+01
1.999973681454479646e+01
1.999988962966967065e+01
1.999997257047508725e+01
1.999997415259305811e+01
2.000003983147023234e+01
1.999993686199432119e+01
2.000014915769020973e+01
1.999974817987094156e+01
2.000051572667221222e+01
1.999909311774877096e+01
2.000154165153336194e+01
1.999116685982653507e+01
