2.000000000052386184e+01
1.999075228222863743e+01
1.999130247654636250e+01
1.999080550106131327e+01
1.999005169414790828e+01
1.998910569846774266e+01
1.998818457835094975e+01
1.998764118575109450e+01
1.998802833271644985e+01
1.999025731412830353e+01
1.999561050778842031e+01
2.000600645566517244e+01
2.002349382073806439e+01
2.005094068312586231e+01
2.008984014713744060e+01
2.014355261018589260e+01
2.020971404729257515e+01
2.029385931720774039e+01
2.038292873381004355e+01
2.049298051103323459e+01
2.052575854765655095e+01
