6.080029390855631988e+00
6.029106118719193219e+00
5.978156391702022177e+00
5.927178979441332096e+00
5.876172641751809422e+00
5.825135968827785504e+00
5.774067364825655524e+00
5.722965020235624145e+00
5.671826892536617315e+00
5.620650696483348696e+00
5.569433906426369596e+00
5.518173771593755994e+00
5.466867343979083138e+00
5.415511517300884314e+00
5.364103074592737386e+00
5.312638741396895625e+00
5.261115241248510266e+00
5.209529350093292877e+00
5.157877946412795289e+00
5.106158054086469278e+00
5.054366875369598944e+00
5.002501811803198528e+00
4.950560471399696461e+00
4.898540661069576529e+00
4.846440363960290654e+00
4.794257702141731414e+00
4.741990885843716086e+00
4.689638151165106628e+00
4.637197688759737702e+00
4.584667566394686311e+00
4.532045648426270112e+00
4.479329515120783256e+00
4.426516384400152049e+00
4.373603037919492564e+00
4.320585752808640656e+00
4.267460237752829677e+00
4.214221571883525641e+00
4.160864110365754875e+00
4.107381292955845531e+00
4.053764627797533215e+00
4.000000000000000000e+00
