1.999999999294681174e+01
2.002988348370557858e+01
2.009194510703637349e+01
2.018733806473098724e+01
2.031624242590370599e+01
2.047329177996098792e+01
2.064914863663008049e+01
2.083214866742553184e+01
2.101004032173722536e+01
2.117145669199508617e+01
2.130700135217191260e+01
2.140992463747767616e+01
2.147641595191610975e+01
2.150556012000118855e+01
2.149902083483936721e+01
2.146052753464742580e+01
2.139525127320890618e+01
2.130915575151722763e+01
2.120839916733708463e+01
2.109884232898150103e+01
2.098569316820570307e+01
2.087329304585943035e+01
2.076503067552996029e+01
2.066335742346103288e+01
2.056987317507475410e+01
2.048545328220125228e+01
2.041039206781388415e+01
2.034454484184633927e+01
2.028745679929510004e+01
2.023847260593322162e+01
2.019682456651368696e+01
2.016169998707115241e+01
2.013229002416898794e+01
2.010782271899067197e+01
2.008758426677310638e+01
2.007092729041663404e+01
2.005728182985408381e+01
2.004611154263922401e+01
2.003700635749905601e+01
2.002913122028254378e+01
2.002318411234955420e+01
