2.000000000333842465e+01
1.999867015187692232e+01
1.999881669709998633e+01
1.999881568177534419e+01
1.999883179244094933e+01
1.999885522329892495e+01
1.999889706642427001e+01
1.999896965656829195e+01
1.999909023816466558e+01
1.999928194564951767e+01
1.999957514266474590e+01
2.000000875738734152e+01
2.000063158161407273e+01
2.000150343508175865e+01
2.000269608485109174e+01
2.000429380185201822e+01
2.000639343939728576e+01
2.000910393249454700e+01
2.001254514178446442e+01
2.001684600102245071e+01
2.002214196957249470e+01
2.002857183790284168e+01
2.003627398059303744e+01
2.004538219329586113e+01
2.005602128373613979e+01
2.006830260891814532e+01
2.008231975946085868e+01
2.009814458653214331e+01
2.011582374966582520e+01
2.013537592950062916e+01
2.015678982854763390e+01
2.018002296096369363e+01
2.020500143061360987e+01
2.023161964368707189e+01
2.025974227630706181e+01
2.028919288087719153e+01
2.031975840833069569e+01
2.035097689334258320e+01
2.038200091777327572e+01
2.040794086555017017e+01
2.041505046877318819e+01
