1.999999999440750287e+01
1.999844758134581113e+01
1.999863314876704123e+01
1.999866012369461998e+01
1.999871867076365106e+01
1.999879080152424038e+01
1.999887752991895340e+01
1.999897538238716521e+01
1.999908015718997589e+01
1.999918739660907363e+01
1.999929301193686371e+01
1.999939364720189161e+01
1.999948684280541045e+01
1.999957104052811019e+01
1.999964548518191521e+01
1.999971007243183863e+01
1.999976518073567533e+01
1.999981151255512657e+01
1.999984995876336669e+01
1.999988149178650332e+01
1.999990708743598944e+01
1.999992767220697587e+01
1.999994409140848717e+01
1.999995709320575088e+01
1.999996732407791811e+01
1.999997533190755661e+01
1.999998157375900476e+01
1.999998642611543076e+01
1.999999019630980968e+01
1.999999313317491101e+01
1.999999544007248886e+01
1.999999727377975844e+01
1.999999878359826866e+01
1.999999994164386763e+01
2.000000094576950005e+01
1.999999949467567717e+01
1.999999571040774882e+01
1.999995081365930005e+01
1.999983867601194376e+01
1.999900634514138176e+01
1.999672302429371484e+01
