4.058469298704074468e+00
4.055383366843473780e+00
4.052316795676773609e+00
4.049267155312215927e+00
4.046234594794769990e+00
4.043219026520886494e+00
4.040220420623983344e+00
4.037238731768598043e+00
4.034273918560622008e+00
4.031325938133270448e+00
4.028394748375208501e+00
4.025480306142633857e+00
4.022582570117799960e+00
4.019701495974937977e+00
4.016837045056537825e+00
4.013989168884137371e+00
4.011157837044160068e+00
4.008342990407379958e+00
4.005544653939248967e+00
4.002763059772862064e+00
4.000000000000000000e+00
