4.058470091928835899e+00
4.055384155242233390e+00
4.052317579082246546e+00
4.049267933600996905e+00
4.046235367734686506e+00
4.043219793708006549e+00
4.040221181368822911e+00
4.037239484953922819e+00
4.034274662466128980e+00
4.031326670226832221e+00
4.028395465073555393e+00
4.025481002550321818e+00
4.022583239764449203e+00
4.019702130574908772e+00
4.016837634328975781e+00
4.013989700457210930e+00
4.011158296482356889e+00
4.008343361339051114e+00
4.005544918359227324e+00
4.002763198965359592e+00
4.000000000000000000e+00
