4.045905790652223999e+00
4.042892962390537193e+00
4.039905990059061480e+00
4.036951352171666230e+00
4.034049903746255161e+00
4.031234260954117410e+00
4.028545969301022822e+00
4.026027334912027023e+00
4.023710812978817053e+00
4.021608901474600373e+00
4.019707425699639458e+00
4.017964262862951053e+00
4.016314559163348896e+00
4.014681785020971283e+00
4.012991997052356652e+00
4.011186881760382406e+00
4.009231785444776541e+00
4.007116614963014634e+00
4.004851606125498620e+00
4.002461835009304636e+00
4.000000000000000000e+00
