4.056644591311206582e+00
4.053570470505706069e+00
4.050516038332865776e+00
4.047478318480197679e+00
4.044457460161280160e+00
4.041453390770468168e+00
4.038466214892365791e+00
4.035496200048641846e+00
4.032543915097217102e+00
4.029610400970488726e+00
4.026697419067976291e+00
4.023807761068926681e+00
4.020945580373426864e+00
4.018116682416054353e+00
4.015328669945881224e+00
4.012590875278678304e+00
4.009913969909447040e+00
4.007309293803145600e+00
4.004787654903413596e+00
4.002356160729828360e+00
4.000000000000000000e+00
