4.057704982253476977e+00
4.054624270156075738e+00
4.051563290352409474e+00
4.048519227430718459e+00
4.045492209603136047e+00
4.042482097919662287e+00
4.039488839171021084e+00
4.036512410067471635e+00
4.033552880647216732e+00
4.030610472141601619e+00
4.027685652893072898e+00
4.024779273032277338e+00
4.021892743862021113e+00
4.019028256806912225e+00
4.016189017617759482e+00
4.013379460674756594e+00
4.010605381131892244e+00
4.007873925529283454e+00
4.005193236337732721e+00
4.002570492004641878e+00
4.000000000000000000e+00
