1.999999998249384703e+01
2.000718089458701598e+01
2.000664279151797942e+01
2.000685438758435097e+01
2.000689741001944810e+01
2.000699773726336872e+01
2.000709234351392851e+01
2.000719079690069080e+01
2.000728389714726418e+01
2.000736587771380215e+01
2.000743841693732961e+01
2.000750337885422780e+01
2.000759318913401330e+01
2.000773732271760608e+01
2.000805220115874761e+01
2.000862015640156244e+01
2.000975501152426972e+01
2.001158220716611069e+01
2.001483342239440688e+01
2.001965282521007339e+01
2.002741758258343907e+01
