2.000000007053305140e+01
2.000712207599546844e+01
2.000656833395189693e+01
2.000675778687557482e+01
2.000677887697570156e+01
2.000685835525517220e+01
2.000693619430251147e+01
2.000702462020353067e+01
2.000711667933402182e+01
2.000720696039466162e+01
2.000729447453058540e+01
2.000737241141314016e+01
2.000745687799662420e+01
2.000754706710225861e+01
2.000771435172083557e+01
2.000796794546851842e+01
2.000852754575877057e+01
2.000937853559486257e+01
2.001113104963223677e+01
2.001396200030148975e+01
2.002058018925890792e+01
