1.999999994265400716e+01
2.000704590866346422e+01
2.000646093520193958e+01
2.000660339228000950e+01
2.000656699234275138e+01
2.000657711445706610e+01
2.000657550525638584e+01
2.000657709962165498e+01
2.000657922134175593e+01
2.000658126786163038e+01
2.000658684295843059e+01
2.000659025309326466e+01
2.000660316285866358e+01
2.000660634682892081e+01
2.000663591628353899e+01
2.000662947110090073e+01
2.000670115125831572e+01
2.000665843718713788e+01
2.000692918304432411e+01
2.000766406779309037e+01
2.001304228031949606e+01
