2.000000004354858163e+01
2.000704570624310108e+01
2.000646071897930156e+01
2.000660308952330269e+01
2.000656652169809391e+01
2.000657633468681595e+01
2.000657419738094589e+01
2.000657492492187828e+01
2.000657568082948856e+01
2.000657565931451742e+01
2.000657822229036498e+01
2.000657739596971751e+01
2.000658454540010567e+01
2.000658013094820831e+01
2.000659998809235063e+01
2.000658146701630002e+01
2.000663859903363573e+01
2.000657879014266172e+01
2.000683023417445838e+01
2.000754508155409539e+01
2.001291294318070868e+01
