2.000000003657923386e+01
2.000730461803941651e+01
2.000678964418727901e+01
2.000703326811918359e+01
2.000710175679936498e+01
2.000721947399341616e+01
2.000731844753437372e+01
2.000740574584102660e+01
2.000747252519014907e+01
2.000751960494081416e+01
2.000756391356746988e+01
2.000763755517112585e+01
2.000782137531196270e+01
2.000822451946111258e+01
2.000907446569780745e+01
2.001062194085158907e+01
2.001338508568195351e+01
2.001777600866524054e+01
2.002474566380019638e+01
2.003429310986238576e+01
2.004473700033122441e+01
