1.999999999887491953e+01
1.998601921684328886e+01
1.998977092143759293e+01
1.999817447005675319e+01
2.001707828686270219e+01
2.005171882009698692e+01
2.010690511901790956e+01
2.018534932140681804e+01
2.028648256005138961e+01
2.040602479381035295e+01
2.053642241456581274e+01
2.066795967605148832e+01
2.079022194131598056e+01
2.089356928599570651e+01
2.097041698101054408e+01
2.101601204787643695e+01
2.102899600583361561e+01
2.101076079003205876e+01
2.096630794452117641e+01
2.090261869375533621e+01
2.086593063028567485e+01
