6.074724248289190776e+00
5.972846209593743794e+00
5.870859032395930655e+00
5.768753199323779057e+00
5.666519448371497347e+00
5.564147482872075834e+00
5.461625953808932898e+00
5.358942315127092293e+00
5.256082667456435153e+00
5.153031575237648987e+00
5.049771853577977865e+00
4.946284318567344407e+00
4.842547493952321425e+00
4.738537263402797350e+00
4.634226461021656363e+00
4.529584371280442667e+00
4.424576161274751840e+00
4.319162098056536614e+00
4.213296883043899932e+00
4.106928263076416563e+00
4.000000000000000000e+00
