6.075447552521199945e+00
5.973570211700256039e+00
5.871583649595701004e+00
5.769478484627818204e+00
5.667245474958932938e+00
5.564874351386371210e+00
5.462353771362960408e+00
5.359671144661383835e+00
5.256812427984016267e+00
5.153761868195856799e+00
5.050501684128692048e+00
4.947011676076346731e+00
4.843268755879630127e+00
4.739246389592095987e+00
4.634913962854548153e+00
4.530236034764043573e+00
4.425171584743079478e+00
4.319672938696139219e+00
4.213685299223953074e+00
4.107145399577733613e+00
4.000000000000000000e+00
