2.000000000080985529e+01
1.998896419453012641e+01
1.998989247803878300e+01
1.998984757224662800e+01
1.998987021211325654e+01
1.998987928271931125e+01
1.998988696569450951e+01
1.998989413871453635e+01
1.998990193190314102e+01
1.998991123455035890e+01
1.998992273525497865e+01
1.998993766596332122e+01
1.998995537503639497e+01
1.998998112552055773e+01
1.999000225383829488e+01
1.999005810784261783e+01
1.999004188224243705e+01
1.999024332356112410e+01
1.998985879677795197e+01
1.999022606051695305e+01
1.997870483502902061e+01
