1.999999999860076727e+01
1.998417209443443099e+01
1.998946082889190023e+01
2.000132967991232391e+01
2.002786748451831400e+01
2.007694816187785491e+01
2.015588010398957053e+01
2.026858186952077290e+01
2.041337172825192070e+01
2.058207407273376077e+01
2.076076345395448897e+01
2.093186874833263644e+01
2.107708853530965953e+01
2.118048626942094614e+01
2.123130679558576261e+01
2.122567738417481209e+01
2.116751480704613897e+01
2.106637175824210928e+01
2.093796755127401710e+01
2.079821008763902412e+01
2.073261957856993831e+01
