1.999999999947358376e+01
1.999045534278920044e+01
1.999135506810186769e+01
1.999126749704113237e+01
1.999113129956388946e+01
1.999095047173238626e+01
1.999089909678626142e+01
1.999126048519798005e+01
1.999247291127664283e+01
1.999516200052659798e+01
2.000016038145055219e+01
2.000850379405028079e+01
2.002138175918580743e+01
2.004007166983813093e+01
2.006575222802640823e+01
2.009953524220701837e+01
2.014180227578759741e+01
2.019346972511907978e+01
2.025197716977590190e+01
2.031789461151086584e+01
2.033211172107576203e+01
