6.079862155374443411e+00
5.977989569148264515e+00
5.876005939653275334e+00
5.773895173564781658e+00
5.671637208863606006e+00
5.569205278057484776e+00
5.466567420318267700e+00
5.363690058771761748e+00
5.260543232455357376e+00
5.157106128191045968e+00
5.053371109364031000e+00
4.949344327694379153e+00
4.845041665542992426e+00
4.740480496849953873e+00
4.635669953589751202e+00
4.530603356116778890e+00
4.425255262248629862e+00
4.319582805110838031e+00
4.213529533524195791e+00
4.107028406226702621e+00
4.000000000000000000e+00
