6.074730283518406715e+00
5.972852250389687256e+00
5.870865077124800102e+00
5.768759244890885540e+00
5.666525489099836221e+00
5.564153509486088112e+00
5.461631952288560576e+00
5.358948265558849400e+00
5.256088543024122650e+00
5.153037341521561565e+00
5.049777468325554963e+00
4.946289732042396636e+00
4.842552649850886404e+00
4.738542100093220633e+00
4.634230912582175677e+00
4.529588367190239495e+00
4.424579623389624849e+00
4.319164931529476448e+00
4.213298960631615131e+00
4.106929399176198814e+00
4.000000000000000000e+00
