6.079228275329285225e+00
5.977354036424380013e+00
5.875363906879178089e+00
5.773234586380116440e+00
5.670936421972507802e+00
5.568433728744563105e+00
5.465691235662833769e+00
5.362682370093567741e+00
5.259396667193335873e+00
5.155842885836114498e+00
5.052045234417053443e+00
4.948032830456802422e+00
4.843826385851976113e+00
4.739428106852128231e+00
4.634818656588163499e+00
4.529960456729244633e+00
4.424803733771285330e+00
4.319291662650930341e+00
4.213363554100762798e+00
4.106954841829970171e+00
4.000000000000000000e+00
