1.999999999942786388e+01
1.998649590382991903e+01
2.000956668254605830e+01
2.006246664370648958e+01
2.016464230792355394e+01
2.032779272441278451e+01
2.055013376557650062e+01
2.081236527922637336e+01
2.107982133208770037e+01
2.130976110367796750e+01
2.146165422157923430e+01
2.150799080138819619e+01
2.144257578619469484e+01
2.128277939371604077e+01
2.106360737511785786e+01
2.082582105859120603e+01
2.060354325678556009e+01
2.041783714273795880e+01
2.027517988044167652e+01
2.017499639513549781e+01
2.012326490793384437e+01
