1.999999999918528459e+01
1.999077952472454101e+01
1.999164978228978384e+01
1.999149910227829352e+01
1.999123719033538649e+01
1.999088212885011373e+01
1.999063754922260472e+01
1.999083594804633535e+01
1.999198781090549559e+01
1.999482184914048233e+01
2.000031645914757661e+01
2.000970841079623597e+01
2.002444881347308581e+01
2.004613246575450347e+01
2.007627660209172404e+01
2.011633289946909642e+01
2.016689606051761530e+01
2.022910392850520367e+01
2.030002755523581470e+01
2.038007496124930285e+01
2.039984737217992006e+01
