2.000000000207648299e+01
1.999065500991813238e+01
1.999159709743200253e+01
1.999152751550469276e+01
1.999135168289266673e+01
1.999105375030146092e+01
1.999078806802925001e+01
1.999081745147080369e+01
1.999155781140050436e+01
1.999361442455731108e+01
1.999781359292833116e+01
2.000521957114122173e+01
2.001711014059477023e+01
2.003493465740896795e+01
2.006013222655372275e+01
2.009416755029251078e+01
2.013779367106117490e+01
2.019237579738103250e+01
2.025549775171595002e+01
2.032792514829768393e+01
2.034474625522079805e+01
