2.000000000263284150e+01
1.998907045750078026e+01
1.999006790158268387e+01
1.999012184533402348e+01
1.999026782003257452e+01
1.999042104530619213e+01
1.999058589484615922e+01
1.999075228335444621e+01
1.999090876776278591e+01
1.999104483315321090e+01
1.999115490095934078e+01
1.999124428315946389e+01
1.999133252532961791e+01
1.999146878503403357e+01
1.999171212448299428e+01
1.999221574890671960e+01
1.999301231247441279e+01
1.999461682676569296e+01
1.999636597428981943e+01
1.999982374409664487e+01
1.998954807610425632e+01
