2.000000000297776737e+01
2.005582046554399867e+01
2.026297214959409132e+01
2.061297512939940546e+01
2.105627435249711965e+01
2.148227908064323444e+01
2.176877159261493233e+01
2.183513462273045036e+01
2.167699036353183573e+01
2.136327793666065844e+01
2.099617701779389023e+01
2.066191433748361206e+01
2.040462655566549088e+01
2.022992012699894815e+01
2.012236464049525964e+01
2.006130183437237946e+01
2.002879118400154468e+01
2.001289718982459576e+01
2.000458499570437709e+01
2.000181527488744493e+01
1.998162053186024423e+01
