6.078567925855391074e+00
6.027643814877031936e+00
5.976692531877443315e+00
5.925710890893170379e+00
5.874694412539342103e+00
5.823637198725138298e+00
5.772532522778219821e+00
5.721373637963450776e+00
5.670154601444937548e+00
5.618870958852024700e+00
5.567520208884086053e+00
5.516102011951382167e+00
5.464618132580728371e+00
5.413072128883600342e+00
5.361468832095475534e+00
5.309813691496814592e+00
5.258112083648783575e+00
5.206368688511680887e+00
5.154587014645288789e+00
5.102769117461870785e+00
5.050915511508256017e+00
4.999025243195256429e+00
4.947096071841973419e+00
4.895124704582920039e+00
4.843107039827382998e+00
4.791038388080181676e+00
4.738913653177297292e+00
4.686727467944905356e+00
4.634474286187720615e+00
4.582148435999004121e+00
4.529744142763083126e+00
4.477255526583121537e+00
4.424676584956710457e+00
4.372001156896830665e+00
4.319222889106337782e+00
4.266335174918469697e+00
4.213331127835020951e+00
4.160203478047613146e+00
4.106944601420416951e+00
4.053546296437750662e+00
4.000000000000000000e+00
