6.074757543173006979e+00
6.023831600726840207e+00
5.972879213486561589e+00
5.921899305617255749e+00
5.870890844566724276e+00
5.819852741888299263e+00
5.768783857218823918e+00
5.717682994688676246e+00
5.666548899673720996e+00
5.615380255249077024e+00
5.564175678387309532e+00
5.512933715876449980e+00
5.461652839934730608e+00
5.410331443495545400e+00
5.358967835133222835e+00
5.307560233596906762e+00
5.256106761916336190e+00
5.204605441039188207e+00
5.153054182955386864e+00
5.101450783258285604e+00
5.049792913087921775e+00
4.998078110393070261e+00
4.946303770445841685e+00
4.894467135525336410e+00
4.842565283695874356e+00
4.790595116556430000e+00
4.738553345902993819e+00
4.686436479073613270e+00
4.634240803046624002e+00
4.581962366707049483e+00
4.529596961940076660e+00
4.477140101678529049e+00
4.424586997927827170e+00
4.371932533129752940e+00
4.319171236877108910e+00
4.266297243878383050e+00
4.213304278162675054e+00
4.160185576706679100e+00
4.106933915069948426e+00
4.053541433816064909e+00
4.000000000000000000e+00
