6.074755834084854200e+00
6.023829890690179489e+00
5.972877502611819267e+00
5.921897594017103472e+00
5.870889132424027324e+00
5.819851029473202431e+00
5.768782144912433907e+00
5.717681283009299342e+00
5.666547189305299881e+00
5.615378547070936754e+00
5.564173973504073167e+00
5.512932015646739181e+00
5.461651145997048040e+00
5.410329757789579475e+00
5.358966159914704264e+00
5.307558571444156215e+00
5.256105115726698251e+00
5.204603814013740504e+00
5.153052578570576969e+00
5.101449205223563155e+00
5.049791365288903044e+00
4.998076596820520301e+00
4.946302295111390634e+00
4.894465702366288973e+00
4.842563896472054985e+00
4.790593778745360076e+00
4.738552060599040772e+00
4.686435248905899797e+00
4.634239630123435205e+00
4.581961252621880476e+00
4.529595907840946012e+00
4.477139108489119224e+00
4.424586066676996943e+00
4.371931665629052333e+00
4.319170436511186040e+00
4.266296517198076899e+00
4.213303636357093040e+00
4.160185039017784803e+00
4.106933510937950338e+00
4.053541209368238363e+00
4.000000000000000000e+00
