1.999999998846225679e+01
1.999816373672163650e+01
1.999834074959027319e+01
1.999842804223399639e+01
1.999857301486300187e+01
1.999875122292916885e+01
1.999894436371561568e+01
1.999913463192478602e+01
1.999930933984191128e+01
1.999946136898913807e+01
1.999958821327097525e+01
1.999969054447446126e+01
1.999977087278019283e+01
1.999983252351211149e+01
1.999987895823471362e+01
1.999991338341672886e+01
1.999993856452164565e+01
1.999995677438360531e+01
1.999996981311287314e+01
1.999997907246173767e+01
1.999998559627405115e+01
1.999999017197509943e+01
1.999999334884316227e+01
1.999999557604342115e+01
1.999999707130083237e+01
1.999999819283166502e+01
1.999999879397505964e+01
1.999999954981970873e+01
1.999999942401463215e+01
2.000000060274599889e+01
1.999999903255765688e+01
2.000000252289625280e+01
1.999999637477393222e+01
2.000000826680615873e+01
1.999998658197009149e+01
2.000002710878329282e+01
1.999995350643779446e+01
2.000008857146696428e+01
1.999984585931678893e+01
2.000025470939078076e+01
1.999856646399621241e+01
