2.000000000267435851e+01
1.999815713360476366e+01
1.999828982424683232e+01
1.999828419692998693e+01
1.999828738410526441e+01
1.999828935900999838e+01
1.999829157511506139e+01
1.999829421468762547e+01
1.999829746859625601e+01
1.999830149192819917e+01
1.999830642440820938e+01
1.999831239134794103e+01
1.999831950058663921e+01
1.999832783742478881e+01
1.999833745862197887e+01
1.999834838680632387e+01
1.999836060467684007e+01
1.999837405194862683e+01
1.999838862025546504e+01
1.999840415706529839e+01
1.999842045663576329e+01
1.999843728379633134e+01
1.999845433760212288e+01
1.999847134355923473e+01
1.999848789477272959e+01
1.999850380163694652e+01
1.999851844117660704e+01
1.999853208525173187e+01
1.999854336671765154e+01
1.999855426334506703e+01
1.999856058056001018e+01
1.999857026187223141e+01
1.999856870536042308e+01
1.999858438316443809e+01
1.999856596218289440e+01
1.999861136066598277e+01
1.999854427552152103e+01
1.999869247641506931e+01
1.999846771884215713e+01
1.999890972242093312e+01
1.999723583748527744e+01
