6.076161080836145700e+00
5.974284413254553172e+00
5.872298535406069497e+00
5.770194122835846429e+00
5.667961894571527992e+00
5.565591480333011098e+00
5.463071341569889050e+00
5.360388549012529147e+00
5.257528520172917830e+00
5.154474698953018574e+00
5.051208174822629182e+00
4.947707241532082634e+00
4.843946899009062612e+00
4.739898306312946730e+00
4.635528189821688017e+00
4.530798219127238902e+00
4.425664328054160102e+00
4.320076034707987844e+00
4.213975820707722697e+00
4.107300417588312769e+00
4.000000000000000000e+00
