6.075350830621382592e+00
5.973473330117798241e+00
5.871486574662683644e+00
5.769381177316160070e+00
5.667147878106005621e+00
5.564776373860514269e+00
5.462255281922789862e+00
5.359571967543953264e+00
5.256712346567201877e+00
5.153660643777282502e+00
5.050399099988667651e+00
4.946907619151017954e+00
4.843163346528568169e+00
4.739140170243171468e+00
4.634808135188352551e+00
4.530132766856428184e+00
4.425074277083892227e+00
4.319586697628515104e+00
4.213616983061942989e+00
4.107105618440725969e+00
4.000000000000000000e+00
