6.074874386007583560e+00
5.972996430052142536e+00
5.871009244501479429e+00
5.768903374984328813e+00
5.666669557090672882e+00
5.564297488658934476e+00
5.461775814778723870e+00
5.359091978431094638e+00
5.256232057830000137e+00
5.153180572279462801e+00
5.049920251318124720e+00
4.946431758899513476e+00
4.842693362551390379e+00
4.738680536142727995e+00
4.634365480267927495e+00
4.529716547717900887e+00
4.424697541566017911e+00
4.319266902649552264e+00
4.213376771713639002e+00
4.106972774747781330e+00
4.000000000000000000e+00
