6.074858583717070104e+00
5.972980613606337918e+00
5.870993416390654751e+00
5.768887535104826547e+00
5.666653705235338734e+00
5.564281624265277948e+00
5.461759937247171237e+00
5.359076088010652050e+00
5.256216157486280238e+00
5.153164671058545032e+00
5.049904369862427522e+00
4.946415937909044658e+00
4.842677675110648394e+00
4.738665104907985537e+00
4.634350500573367171e+00
4.529702317498575326e+00
4.424684499061631193e+00
4.319255671456843082e+00
4.213368209625922844e+00
4.106967985847949087e+00
4.000000000000000000e+00
