6.074851302263084563e+00
5.972973325668077038e+00
5.870986123187130090e+00
5.768880236658024074e+00
5.666646401534476851e+00
5.564274315137961224e+00
5.461752622486868880e+00
5.359068767755981177e+00
5.256208833043685580e+00
5.153157346407313710e+00
5.049897054150035203e+00
4.946408649312713735e+00
4.842670446505925597e+00
4.738657991827719407e+00
4.634343591980540467e+00
4.529695749832882257e+00
4.424678474063988176e+00
4.319250477622851747e+00
4.213364245650008222e+00
4.106965766824134612e+00
4.000000000000000000e+00
