6.074730805498157693e+00
5.972852727092070602e+00
5.870865454946304851e+00
5.768759514445740422e+00
5.666525646562205587e+00
5.564153551576502821e+00
5.461631877998788909e+00
5.358948076376512049e+00
5.256088243234813717e+00
5.153036938128440880e+00
5.049776970390549735e+00
4.946289149375552086e+00
4.842551990472789392e+00
4.738541367798932313e+00
4.634230100345479109e+00
4.529587460028657198e+00
4.424578573067917908e+00
4.319163718726416690e+00
4.213297475593871688e+00
4.106928141053883152e+00
4.000000000000000000e+00
