6.078110316779016919e+00
5.976207834533342478e+00
5.874115963625928138e+00
5.771784166906949842e+00
5.669191176368304497e+00
5.566357008806546602e+00
5.463332953932065195e+00
5.360175279774254342e+00
5.256919720806848773e+00
5.153570532395241877e+00
5.050105067760075173e+00
4.946485353462971801e+00
4.842668305769390891e+00
4.738611294278785024e+00
4.634273629766132885e+00
4.529615733152047241e+00
4.424597384121556232e+00
4.319175848908677118e+00
4.213304100103333560e+00
4.106929865246461198e+00
4.000000000000000000e+00
