2.000000000101413278e+01
1.998877331323909345e+01
1.999016667553162918e+01
1.999275871050523889e+01
1.999938311226165766e+01
2.001231471052751942e+01
2.003449036066840705e+01
2.006910785545554532e+01
2.011915311028076658e+01
2.018677814701391426e+01
2.027267859227824331e+01
2.037561901683029930e+01
2.049222456269366788e+01
2.061708859228129143e+01
2.074318699919276199e+01
2.086252222569562420e+01
2.096694994319048178e+01
2.104906657970264661e+01
2.110334868045820045e+01
2.112806271081205978e+01
2.112518190425817011e+01
