1.999999999872404643e+01
1.999091976652317015e+01
1.999157913872952008e+01
1.999152270926876795e+01
1.999206036826914357e+01
1.999368573991673514e+01
1.999723410939344248e+01
2.000380159120144796e+01
2.001474851672329436e+01
2.003163957957657004e+01
2.005612540192404225e+01
2.008976594581080732e+01
2.013381859211215996e+01
2.018901117352628916e+01
2.025536913642524794e+01
2.033204709959080958e+01
2.041738814787209577e+01
2.050871442621335561e+01
2.060236298509638786e+01
2.068871917925799053e+01
2.070993582131768562e+01
