2.000000000008623502e+01
1.999037130467647927e+01
1.999144299818533455e+01
1.999152849988080405e+01
1.999167638069693353e+01
1.999184536766604836e+01
1.999214707134527558e+01
1.999274845548816160e+01
1.999390340751533301e+01
1.999596722849272368e+01
1.999940680986962249e+01
2.000480073749241683e+01
2.001282889509447571e+01
2.002424085239627871e+01
2.003982527989975893e+01
2.006031847411261637e+01
2.008641343431758841e+01
2.011843303836718277e+01
2.015620915035429661e+01
2.019460652117416899e+01
2.019754670890688431e+01
