6.078813116642019843e+00
5.976939511302607144e+00
5.874957027168744794e+00
5.772855875600481745e+00
5.670626100005977221e+00
5.568256102174211186e+00
5.465732359897526038e+00
5.363038998942441182e+00
5.260157396590023460e+00
5.157065863205483325e+00
5.053739455519990820e+00
4.950149952565775280e+00
4.846265995229753543e+00
4.742053358801189944e+00
4.637475297370371230e+00
4.532492876917444846e+00
4.427065185108534529e+00
4.321149296042230858e+00
4.214699798913707163e+00
4.107667604808633577e+00
4.000000000000000000e+00
