6.077536423042942282e+00
5.975661365890445609e+00
5.873677285573590368e+00
5.771574745166732079e+00
5.669344249615015485e+00
5.566975012636548925e+00
5.464454783502682211e+00
5.361769514443020412e+00
5.258902991119059678e+00
5.155836434301793503e+00
5.052548101376501677e+00
4.949012916994047551e+00
4.845202156777619784e+00
4.741083197362423896e+00
4.636619326770096805e+00
4.531769599834102991e+00
4.426488684873086221e+00
4.320726680713469214e+00
4.214428866008335994e+00
4.107536362863566382e+00
4.000000000000000000e+00
