2.000000000085212548e+01
1.998943952743365671e+01
1.999042293837482731e+01
1.999037369788512919e+01
1.999040346730012629e+01
1.999041762101971287e+01
1.999043125154185674e+01
1.999044530579029555e+01
1.999046117029701719e+01
1.999047978350900578e+01
1.999050203047820773e+01
1.999052851771966388e+01
1.999056048682573916e+01
1.999059741372587951e+01
1.999064393549715390e+01
1.999069137704999832e+01
1.999076322910394055e+01
1.999078801006972128e+01
1.999073031992895366e+01
1.998910715286908157e+01
1.997658226643582680e+01
