2.055555555426832370e+01
2.194240006577262037e+01
2.253389003967821225e+01
2.244848259426287029e+01
2.195833715085522542e+01
2.136281440942222076e+01
2.085231496914442317e+01
2.049020336826508526e+01
2.026341770582320478e+01
2.013356614638833264e+01
2.006419453112151174e+01
2.002920609028360133e+01
2.001245332369876806e+01
2.000484304536580282e+01
2.000158983361177079e+01
2.000031926465250010e+01
1.999988090391284601e+01
1.999980181323506301e+01
1.999983664361297286e+01
2.000096362135260719e+01
2.000916684513459742e+01
