1.999999999995346300e+01
2.108543586903149958e+01
2.192081051286930915e+01
2.226826452065591866e+01
2.213319436528890449e+01
2.171287560632541158e+01
2.121835749589041598e+01
2.078756422625493272e+01
2.047151463604347654e+01
2.026507402250769374e+01
2.014122806943280963e+01
2.007168739481650732e+01
2.003471133191966658e+01
2.001597093605731459e+01
2.000689901321721820e+01
2.000271416913817291e+01
2.000089838500793959e+01
2.000016877399060178e+01
1.999998366555841756e+01
2.000006915310280675e+01
1.999329303076567399e+01
