2.000000000061747585e+01
1.998766535412751111e+01
1.999838442473627254e+01
2.001918257144431479e+01
2.005769846552596647e+01
2.011963809128045000e+01
2.020886399311701354e+01
2.032555709162739888e+01
2.046526585478277482e+01
2.061896997501305862e+01
2.077416892433290130e+01
2.091671190288640503e+01
2.103296879031490363e+01
2.111193946882211492e+01
2.114691945637886406e+01
2.113643539343896904e+01
2.108420319611654392e+01
2.099826917550628735e+01
2.088976612661340582e+01
2.077587506841008747e+01
2.072033097283106073e+01
