2.000000000050024340e+01
1.999069638536208515e+01
1.999159632804653697e+01
1.999160050082133111e+01
1.999184260533272806e+01
1.999248763576882126e+01
1.999393244425696636e+01
1.999671894928837190e+01
2.000155885672370104e+01
2.000932438435737382e+01
2.002101329726713530e+01
2.003768262697281344e+01
2.006035725213245513e+01
2.008991247297162630e+01
2.012697263523628877e+01
2.017176765794838289e+01
2.022414642239287019e+01
2.028326695461006679e+01
2.034751704685637463e+01
2.040952375692090115e+01
2.042148302508639901e+01
