6.074889650913211980e+00
6.023963768281144660e+00
5.973011424947441306e+00
5.922031560716854770e+00
5.871023144075087963e+00
5.819985086395107032e+00
5.768916247454913382e+00
5.717815431490207878e+00
5.666681384005840094e+00
5.615512788204116035e+00
5.564308261149665924e+00
5.513066349630775242e+00
5.461785525688832799e+00
5.410464181780772819e+00
5.359100625534702900e+00
5.307693074053509541e+00
5.256239647715323038e+00
5.204738363413212276e+00
5.153187127169378989e+00
5.101583726051427625e+00
5.049925819310079333e+00
4.998210928648951779e+00
4.946436427527850732e+00
4.894599529391413739e+00
4.842697274704921284e+00
4.790726516668603274e+00
4.738683905470713498e+00
4.686565870927834609e+00
4.634368603347979843e+00
4.582088032437895642e+00
4.529719804059366695e+00
4.477259254624196494e+00
4.424701382891975676e+00
4.372040818972664944e+00
4.319271790255688082e+00
4.266388084972657424e+00
4.213383013390194165e+00
4.160249382818621555e+00
4.106979497060609496e+00
4.053565456726957450e+00
4.000000000000000000e+00
