6.074789058370371642e+00
6.023863120082579847e+00
5.972910721556070612e+00
5.921930800568727449e+00
5.870922325751973148e+00
5.819884208381900237e+00
5.768815308137480002e+00
5.717714429134572285e+00
5.666580316752986235e+00
5.615411654086043036e+00
5.564207058139829520e+00
5.512965075746097732e+00
5.461684179165978037e+00
5.410362761356076078e+00
5.358999130865210070e+00
5.307591506326209796e+00
5.256138010502939828e+00
5.204636663847942657e+00
5.153085377520715937e+00
5.101481945810562024e+00
5.049824037901134766e+00
4.998109188906094680e+00
4.946334790096652334e+00
4.894498078232044413e+00
4.842596123893098792e+00
4.790625818706787165e+00
4.738583861335919245e+00
4.686466742092683546e+00
4.634270726017333253e+00
4.581991834243792638e+00
4.529625823451517874e+00
4.477168163180111904e+00
4.424614010750905102e+00
4.371958183546038157e+00
4.319195128301371867e+00
4.266318887641866731e+00
4.213323063203103125e+00
4.160200784312756639e+00
4.106944680954368820e+00
4.053547016407542003e+00
4.000000000000000000e+00
