6.074757342679393268e+00
6.023831386870748261e+00
5.972878971360019662e+00
5.921899033237653320e+00
5.870890541308360966e+00
5.819852406947896739e+00
5.768783489952093113e+00
5.717682594560421272e+00
5.666548466283634511e+00
5.615379788353425106e+00
5.564175177923540438e+00
5.512933181987214937e+00
5.461652272989499401e+00
5.410330844107868131e+00
5.358967204171709575e+00
5.307559572188061736e+00
5.256106071437446126e+00
5.204604723099739871e+00
5.153053439365628208e+00
5.101450015984243969e+00
5.049792124192035381e+00
4.998077301961614261e+00
4.946302944502212640e+00
4.894466293935303192e+00
4.842564428059738191e+00
4.790594248110319420e+00
4.738552465401735247e+00
4.686435586736147130e+00
4.634239898437000349e+00
4.581961448853671293e+00
4.529596029160491533e+00
4.477139152251213616e+00
4.424586029497603157e+00
4.371931545134525976e+00
4.319170227927186190e+00
4.266296220152737462e+00
4.213303242885904076e+00
4.160184563267967484e+00
4.106932956699182569e+00
4.053540767527124444e+00
4.000000000000000000e+00
