6.074757302847290319e+00
6.023831347016372462e+00
5.972878931483996290e+00
5.921898993340364292e+00
5.870890501390340077e+00
5.819852367009778149e+00
5.768783449994747237e+00
5.717682554585159949e+00
5.666548426292448148e+00
5.615379748349246469e+00
5.564175137910533309e+00
5.512933141971097406e+00
5.461652232977906252e+00
5.410330804110762948e+00
5.358967164201846600e+00
5.307559532261506341e+00
5.256106031574161008e+00
5.204604683324236980e+00
5.153053399707690829e+00
5.101449976479724313e+00
5.049792084883731214e+00
4.998077262900230799e+00
4.946302905747417711e+00
4.894466255556888079e+00
4.842564390138911712e+00
4.790594210741154768e+00
4.738552428692814900e+00
4.686435550812469764e+00
4.634239863442214613e+00
4.581961414952747447e+00
4.529595996542958858e+00
4.477139121135141231e+00
4.424586000134532959e+00
4.371931517815625057e+00
4.319170202990926022e+00
4.266296197994333461e+00
4.213303223968577704e+00
4.160184548134098215e+00
4.106932945975848348e+00
4.053540761889196098e+00
4.000000000000000000e+00
