6.075088605641760786e+00
6.024023916293558045e+00
5.972988452381246205e+00
5.921961172176211541e+00
5.870926572025786605e+00
5.819874391020201543e+00
5.768798056318461320e+00
5.717693295053361879e+00
5.666557164785849920e+00
5.615387444624310831e+00
5.564182276211404599e+00
5.512939959986949745e+00
5.461658842028279892e+00
5.410337251427607796e+00
5.358973464914893903e+00
5.307565685725836424e+00
5.256112029667942664e+00
5.204610514641286656e+00
5.153059051648048339e+00
5.101455436258013343e+00
5.049797339976312749e+00
4.998082301200234667e+00
4.946307715569059127e+00
4.894470825564952499e+00
4.842568709244876146e+00
4.790598267988730896e+00
4.738556213145156626e+00
4.686439051447160331e+00
4.634243069056496189e+00
4.581964314079419509e+00
4.529598577375660184e+00
4.477141371462913355e+00
4.424587907277435228e+00
4.371933068584163529e+00
4.319171383574035517e+00
4.266296994198255810e+00
4.213303620634507141e+00
4.160184535590889965e+00
4.106932526403888950e+00
4.053540127444442476e+00
4.000000000000000000e+00
