6.079385458293845801e+00
6.028461613299592514e+00
5.977510663890618581e+00
5.926530739223824007e+00
5.875519686270247455e+00
5.824474850019922378e+00
5.773393070854379694e+00
5.722270719741676004e+00
5.671103795588702035e+00
5.619888077937537751e+00
5.568619322532406990e+00
5.517293481614784945e+00
5.465906928211166083e+00
5.414456663148877524e+00
5.362940484422487941e+00
5.311357100560118560e+00
5.259706173026446052e+00
5.207988277913260688e+00
5.156204784492784299e+00
5.104357657319109620e+00
5.052449198295049015e+00
5.000481753596013768e+00
4.948457415480982391e+00
4.896377749296502380e+00
4.844243571072190946e+00
4.792054792119907702e+00
4.739810336159442805e+00
4.687508124182729219e+00
4.635145114516058484e+00
4.582717381323611505e+00
4.530220214042026683e+00
4.477648222125274913e+00
4.424995432887960156e+00
4.372255374120165961e+00
4.319421136724543864e+00
4.266485415560794969e+00
4.213440528199682511e+00
4.160278412097427214e+00
4.106990583392573058e+00
4.053567979755182016e+00
4.000000000000000000e+00
