6.078276544350082133e+00
6.027352484974304758e+00
5.976402031584245655e+00
5.925424131118810500e+00
5.874417748171396170e+00
5.823381785984426351e+00
5.772315088509341052e+00
5.721216433100632770e+00
5.670084522762508072e+00
5.618917976772126899e+00
5.567715319671902030e+00
5.516474968561386305e+00
5.465195218736176308e+00
5.413874227843984421e+00
5.362509998864747551e+00
5.311100362356459215e+00
5.259642958526087320e+00
5.208135219770360536e+00
5.156574354372121860e+00
5.104957332027117545e+00
5.053280871812495079e+00
5.001541433097169254e+00
4.949735209746053854e+00
4.897858127798436101e+00
4.845905846619633195e+00
4.793873763346909733e+00
4.741757020284338431e+00
4.689550514751553045e+00
4.637248910758433595e+00
4.584846651759351133e+00
4.532337973629673833e+00
4.479716916905752022e+00
4.426977337200518114e+00
4.374112912656256569e+00
4.321117146857182512e+00
4.267983366437279713e+00
4.214704708621159313e+00
4.161274110831165274e+00
4.107684288964043695e+00
4.053928080351176355e+00
4.000000000000000000e+00
