1.999999995222417226e+01
1.999854360764684813e+01
1.999871366150896534e+01
1.999872109368124384e+01
1.999874285823355891e+01
1.999876167392024229e+01
1.999878023053181408e+01
1.999879868405257710e+01
1.999881766066932798e+01
1.999883818427658611e+01
1.999886192175232225e+01
1.999889141466225340e+01
1.999893035252945950e+01
1.999898389020961886e+01
1.999905901342993531e+01
1.999916495313695464e+01
1.999931364620663032e+01
1.999952023638453014e+01
1.999980360506476984e+01
2.000018691676852001e+01
2.000069815923702521e+01
2.000137065317402119e+01
2.000224350236161897e+01
2.000336195147256291e+01
2.000477761698926926e+01
2.000654855654752851e+01
2.000873914415164379e+01
2.001141972299688376e+01
2.001466601493446262e+01
2.001855827139588229e+01
2.002318016898734143e+01
2.002861741515548388e+01
2.003495616269967528e+01
2.004228060308022563e+01
2.005067094027963037e+01
2.006019208481697191e+01
2.007088912034872408e+01
2.008264798339873280e+01
2.009511349026744398e+01
2.010557484602526657e+01
2.010724500424203143e+01
