1.999999998499203357e+01
1.999843996790145795e+01
1.999860370089120565e+01
1.999859483334686061e+01
1.999860108180608975e+01
1.999860441301753511e+01
1.999860779354025553e+01
1.999861128045348835e+01
1.999861507190075116e+01
1.999861927341432732e+01
1.999862396303073098e+01
1.999862920045211112e+01
1.999863503420932886e+01
1.999864150607064772e+01
1.999864865506872036e+01
1.999865652209930289e+01
1.999866515570696635e+01
1.999867461957035530e+01
1.999868500208433986e+01
1.999869642842191908e+01
1.999870907543001408e+01
1.999872318967350537e+01
1.999873910893016316e+01
1.999875728737679736e+01
1.999877832465659111e+01
1.999880299893874991e+01
1.999883230400556755e+01
1.999886749020852506e+01
1.999891010930756252e+01
1.999896206169067980e+01
1.999902564895256063e+01
1.999910361357193267e+01
1.999919921783293830e+01
1.999931609723393322e+01
1.999945866328232924e+01
1.999962917964689169e+01
1.999983231993851973e+01
2.000003105015164806e+01
2.000019385724483811e+01
1.999961786327310165e+01
1.999742486944433040e+01
