1.999999997476741243e+01
1.999843734072685919e+01
1.999860033622302069e+01
1.999859026220321567e+01
1.999859501711799581e+01
1.999859650527981714e+01
1.999859765374607434e+01
1.999859847696604476e+01
1.999859913225365915e+01
1.999859968709978375e+01
1.999860018521618343e+01
1.999860065609342286e+01
1.999860112191129602e+01
1.999860160085544081e+01
1.999860210897858792e+01
1.999860266128413144e+01
1.999860327237564306e+01
1.999860395686181391e+01
1.999860472961033153e+01
1.999860560590300196e+01
1.999860660153654734e+01
1.999860773288015992e+01
1.999860901692413151e+01
1.999861047132979053e+01
1.999861211450823717e+01
1.999861396575213135e+01
1.999861604545977301e+01
1.999861837544375476e+01
1.999862097960717833e+01
1.999862388401684399e+01
1.999862712004894405e+01
1.999863071421059502e+01
1.999863471840426499e+01
1.999863903001030252e+01
1.999864377940873794e+01
1.999864657858352501e+01
1.999864739853529372e+01
1.999860719042677815e+01
1.999849941173598111e+01
1.999767058330522573e+01
1.999538896794820175e+01
