2.000000000005504575e+01
1.998833679190700963e+01
1.998922740954097677e+01
1.998925828416026107e+01
1.998936234553897506e+01
1.998947548477010017e+01
1.998960141074266872e+01
1.998973525355317093e+01
1.998986469918352071e+01
1.998998708662852053e+01
1.999007747499668497e+01
1.999016234067722309e+01
1.999017698420328415e+01
1.999026629369346608e+01
1.999019573116465764e+01
1.999053004885754348e+01
1.999035160075192152e+01
1.999166153682724456e+01
1.999104206865811761e+01
1.999502607211862681e+01
1.998533251775415920e+01
