6.074766359820155337e+00
6.023840407140477637e+00
5.972887990333811459e+00
5.921908042981171683e+00
5.870899529973319098e+00
5.819861358950021213e+00
5.768792386843333730e+00
5.717691416365370038e+00
5.666557192946913624e+00
5.615388400961586868e+00
5.564183659496368506e+00
5.512941517796270396e+00
5.461660450486859553e+00
5.410338852606024318e+00
5.358975034414275918e+00
5.307567215915767633e+00
5.256113521009915246e+00
5.204611971196563935e+00
5.153060478766083641e+00
5.101456839412925603e+00
5.049798724214086043e+00
4.998083670912416565e+00
4.946309074439496634e+00
4.894472176604993230e+00
4.842570054869729468e+00
4.790599610108485784e+00
4.738557553255959398e+00
4.686440390715105764e+00
4.634244408391049674e+00
4.581965654195552240e+00
4.529599918845804929e+00
4.477142714758672426e+00
4.424589252808821982e+00
4.371934416712063509e+00
4.319172734686643089e+00
4.266298348418331443e+00
4.213304978307636617e+00
4.160185890669365172e+00
4.106933859830498079e+00
4.053541228769899085e+00
4.000000000000000000e+00
