6.074769615841560721e+00
6.023843666325157997e+00
5.972891256796612147e+00
5.921911324591176751e+00
5.870902838398552426e+00
5.819864709499100286e+00
5.768795797574758133e+00
5.717694906736356053e+00
5.666560782350950731e+00
5.615392107491995688e+00
5.564187499141089788e+00
5.512945504106011363e+00
5.461664594633251824e+00
5.410343163687899803e+00
5.358979519870703534e+00
5.307571881938667246e+00
5.256118372891679158e+00
5.204617013583361818e+00
5.153065715809487912e+00
5.101462274821795262e+00
5.049804361208831693e+00
4.998089512078389696e+00
4.946315121468104259e+00
4.894478429901684358e+00
4.842576512997930571e+00
4.790606269027926523e+00
4.738564405302407856e+00
4.686447423256073108e+00
4.634251602078161447e+00
4.581972980718850508e+00
4.529607338078017520e+00
4.477150171158832848e+00
4.424596670934827003e+00
4.371941695677055151e+00
4.319179741386993676e+00
4.266304909445523208e+00
4.213310870631650218e+00
4.160190832659346860e+00
4.106937506827240902e+00
4.053543199831357136e+00
4.000000000000000000e+00
