6.074757145693413740e+00
6.023831189777115291e+00
5.972878774157972082e+00
5.921898835924954696e+00
5.870890343883638174e+00
5.819852209410701249e+00
5.768783292303387711e+00
5.717682396803246192e+00
5.666548268423993839e+00
5.615379590401365917e+00
5.564174979894413120e+00
5.512932983903130690e+00
5.461652074881020447e+00
5.410330646015972356e+00
5.358967006150068713e+00
5.307559374305681921e+00
5.256105873781712567e+00
5.204604525779900293e+00
5.153053242516746124e+00
5.101449819771652905e+00
5.049791928816324216e+00
4.998077107664172125e+00
4.946302751571376888e+00
4.894466102713154854e+00
4.842564238949624844e+00
4.790594061585196073e+00
4.738552282013459127e+00
4.686435407125916441e+00
4.634239723347178597e+00
4.581961279141339105e+00
4.529595865813163869e+00
4.477138996405299665e+00
4.424585882460337238e+00
4.371931408410265618e+00
4.319170103249138748e+00
4.266296109520834712e+00
4.213303148610846982e+00
4.160184488012880877e+00
4.106932903495276399e+00
4.053540739600428822e+00
4.000000000000000000e+00
