6.078805161237402110e+00
6.027880741983421053e+00
5.976928194720201759e+00
5.925944718337429862e+00
5.874926891832712883e+00
5.823870477071847240e+00
5.772770542156041351e+00
5.721621697956887687e+00
5.670418452722012503e+00
5.619155644479665312e+00
5.567828900857183960e+00
5.516435070183618450e+00
5.464972567485413713e+00
5.413441582706165711e+00
5.361844107496674283e+00
5.310183754037878678e+00
5.258465366511518191e+00
5.206694461120919826e+00
5.154876566545754102e+00
5.103016561815904240e+00
5.051118112045817732e+00
4.999183280477546454e+00
4.947212354187093375e+00
4.895203874582739978e+00
4.843154827158396181e+00
4.791060926627158878e+00
4.738916933952796562e+00
4.686716955140988183e+00
4.634454690227242324e+00
4.582123618476924953e+00
4.529717119038039641e+00
4.477228534368726365e+00
4.424651187435757471e+00
4.371978364319596189e+00
4.319203272569992258e+00
4.266318984248037793e+00
4.213318368993147267e+00
4.160194030039015445e+00
4.106938234935531007e+00
4.053542980256805706e+00
4.000000000000000000e+00
