1.999999997847380939e+01
1.999845082101810334e+01
1.999855223233362622e+01
1.999856849538308978e+01
1.999872510787820445e+01
1.999907843915672245e+01
1.999973252583248851e+01
2.000082492500147424e+01
2.000253766440466663e+01
2.000510469785034928e+01
2.000881809876319295e+01
2.001403148873332327e+01
2.002115953948498017e+01
2.003067246622041964e+01
2.004308473910091948e+01
2.005893771288861416e+01
2.007877647488319894e+01
2.010312186329091588e+01
2.013243921781623413e+01
2.016710589520486252e+01
2.020737983712508168e+01
2.025337147502999358e+01
2.030502100123325349e+01
2.036208257626379847e+01
2.042411646031480643e+01
2.049048944486917989e+01
2.056038340595410574e+01
2.063281136577579744e+01
2.070664016717758571e+01
2.078061872980314106e+01
2.085341085571421971e+01
2.092363159125434535e+01
2.098988639591292937e+01
2.105081218374555263e+01
2.110512136229106517e+01
2.115164740320379977e+01
2.118941467276055235e+01
2.121772447770539927e+01
2.123647457319845699e+01
2.124624721642564396e+01
2.124784210453071864e+01
