1.999999993822906319e+01
1.999856103814338582e+01
1.999873351764157903e+01
1.999874506695719134e+01
1.999877084986164988e+01
1.999879353510839053e+01
1.999881554828255403e+01
1.999883677552771033e+01
1.999885755098996043e+01
1.999887859842380067e+01
1.999890129153303064e+01
1.999892790480178562e+01
1.999896191015326252e+01
1.999900832317484145e+01
1.999907410472334846e+01
1.999916862096244330e+01
1.999930416234461816e+01
1.999949651874670309e+01
1.999976560369735168e+01
2.000013611553460890e+01
2.000063821739379932e+01
2.000130821146757754e+01
2.000218917648868100e+01
2.000333153124126895e+01
2.000479348192769180e+01
2.000664130787997408e+01
2.000894943918318347e+01
2.001180028152027646e+01
2.001528374924867038e+01
2.001949647272930832e+01
2.002454066572407143e+01
2.003052259844771754e+01
2.003755076632499410e+01
2.004573304700835834e+01
2.005517409306696308e+01
2.006596227282629030e+01
2.007816292285357918e+01
2.009166148628889559e+01
2.010605655385321455e+01
2.011829621333792062e+01
2.012058883173722279e+01
