2.000000003872057164e+01
1.999843957125762373e+01
1.999860326697854163e+01
1.999859431046633063e+01
1.999860047651150197e+01
1.999860373835198146e+01
1.999860707554801564e+01
1.999861055919387098e+01
1.999861440289933157e+01
1.999861872833734466e+01
1.999862362933230386e+01
1.999862917977976196e+01
1.999863543940838895e+01
1.999864245661743922e+01
1.999865027070352497e+01
1.999865891437213961e+01
1.999866841716339394e+01
1.999867881026915128e+01
1.999869013318278022e+01
1.999870244259199126e+01
1.999871582393451774e+01
1.999873040599047869e+01
1.999874637888000706e+01
1.999876401578060836e+01
1.999878369865941963e+01
1.999880594824623614e+01
1.999883145842782639e+01
1.999886113506536489e+01
1.999889613942869460e+01
1.999893793501615136e+01
1.999898834095139577e+01
1.999904957414080897e+01
1.999912433254598909e+01
1.999921565715830241e+01
1.999932734678552748e+01
1.999946107880266055e+01
1.999962102677642761e+01
1.999977023144150579e+01
1.999987853785098224e+01
1.999925263047805402e+01
1.999704217393991712e+01
