2.458333334776118662e+01
2.361862727899774228e+01
2.273095516900663071e+01
2.195664938244623343e+01
2.133087396449636586e+01
2.086062810704623516e+01
2.053053144799383034e+01
2.031272520752912669e+01
2.017678719327218673e+01
2.009607212660926834e+01
2.005024989023371518e+01
2.002527594517933807e+01
2.001216877125517257e+01
2.000553425269178121e+01
2.000229877552522950e+01
2.000078779500258008e+01
2.000012361625233837e+01
1.999986142153847624e+01
1.999978236581103985e+01
1.999978167714116140e+01
1.999981058275437462e+01
1.999984717817511637e+01
1.999988220830334029e+01
1.999991226688934631e+01
1.999993658577574607e+01
1.999995552771536822e+01
1.999996988001040776e+01
1.999998052581515751e+01
1.999998829655082133e+01
1.999999391253219727e+01
1.999999797085782660e+01
2.000000094090560410e+01
2.000000320862840653e+01
2.000000487004829353e+01
2.000000605090649586e+01
2.000000305614943485e+01
1.999999158902718932e+01
1.999990632176242400e+01
1.999966156113957183e+01
1.999831082214623734e+01
1.999515376735507743e+01
