2.000000000672119782e+01
2.000160760529008641e+01
2.001130756900640506e+01
2.002835630367246367e+01
2.005634360912842240e+01
2.009869019802611945e+01
2.015860422652622219e+01
2.023850055971647421e+01
2.033948741007221628e+01
2.046096568506656510e+01
2.060042221500859227e+01
2.075344885766028469e+01
2.091397835478492340e+01
2.107469854804345033e+01
2.122759391297951836e+01
2.136456302162669374e+01
2.147806446538612946e+01
2.156174483916810658e+01
2.161099776465274758e+01
2.162339532939641629e+01
2.159893007301943513e+01
2.154001556438253928e+01
2.145122216586766939e+01
2.133876939182321308e+01
2.120984574313856541e+01
2.107186412167661160e+01
2.093177162714102479e+01
2.079551256890666977e+01
2.066770096474150975e+01
2.055150939337544358e+01
2.044874033748747166e+01
2.036002311588167757e+01
2.028507509240831297e+01
2.022297480200127140e+01
2.017241104256157413e+01
2.013188538969165364e+01
2.009986952919876302e+01
2.007488670387544261e+01
2.005566866736813125e+01
2.004109133437453139e+01
2.003307158678035194e+01
