4.058098917488056401e+00
4.055015517269576542e+00
4.051951826575384885e+00
4.048905151865589858e+00
4.045875633119150550e+00
4.042863133417841759e+00
4.039867568010186538e+00
4.036888835850451329e+00
4.033926861289977239e+00
4.030981620603247606e+00
4.028053190722618027e+00
4.025141816701458986e+00
4.022248009301462091e+00
4.019372678955742906e+00
4.016517316154173400e+00
4.013684208876842519e+00
4.010876692225414430e+00
4.008099357346490699e+00
4.005358098093623198e+00
4.002658931275660414e+00
4.000000000000000000e+00
