4.058428863174587953e+00
4.055343230240048058e+00
4.052277036628034956e+00
4.049227826000336705e+00
4.046195762812590857e+00
4.043180769762032334e+00
4.040182824667973627e+00
4.037201883992029394e+00
4.034237900622875905e+00
4.031290817730015519e+00
4.028360572386688432e+00
4.025447099091628900e+00
4.022550342760981223e+00
4.019670272586288284e+00
4.016806917949732103e+00
4.013960396749356896e+00
4.011130998316930985e+00
4.008319216997909606e+00
4.005525917115646095e+00
4.002752320624452409e+00
4.000000000000000000e+00
