4.058469417246532096e+00
4.055383484406528183e+00
4.052316912229368739e+00
4.049267270750037007e+00
4.046234708945665837e+00
4.043219139122244066e+00
4.040220531293961415e+00
4.037238839961465153e+00
4.034274023519117236e+00
4.031326038854540883e+00
4.028394843604526265e+00
4.025480394406922180e+00
4.022582649809386623e+00
4.019701565494827378e+00
4.016837103019104127e+00
4.013989214375855319e+00
4.011157869904051765e+00
4.008343011478041618e+00
4.005544665186628883e+00
4.002763064101620749e+00
4.000000000000000000e+00
