1.999999993319135783e+01
2.000594498344266370e+01
2.000477510991940733e+01
2.000492872138674727e+01
2.000587983595417185e+01
2.000846085975002353e+01
2.001375804201986597e+01
2.002383899960081948e+01
2.004197095533195494e+01
2.007269542516223026e+01
2.012144215319004559e+01
2.019360616930586971e+01
2.029326890638206748e+01
2.042174911992464814e+01
2.057655700297496892e+01
2.075068155287821270e+01
2.093295433937826644e+01
2.110850289423013137e+01
2.126122663364839482e+01
2.137528857174940811e+01
2.142669611503515625e+01
