1.999999993871569615e+01
2.000704609846583182e+01
2.000646105827783572e+01
2.000660344688657588e+01
2.000656695410304664e+01
2.000657695856811458e+01
2.000657521516847837e+01
2.000657666942255020e+01
2.000657865857315443e+01
2.000658061295859724e+01
2.000658620506033714e+01
2.000658986157036878e+01
2.000660342127978453e+01
2.000660789540296136e+01
2.000663967279782440e+01
2.000663667862187012e+01
2.000671334706249738e+01
2.000667744245058444e+01
2.000695682108098339e+01
2.000770143092092823e+01
2.001308478647115408e+01
