1.999999995524845886e+01
2.001309627621688847e+01
2.001987859515140400e+01
2.003981203414839385e+01
2.008563474230988177e+01
2.017569648622518130e+01
2.032592307730244485e+01
2.054232246162000664e+01
2.081509437881795321e+01
2.111765243592909869e+01
2.141047335734357659e+01
2.164838135593470980e+01
2.179030754545753368e+01
2.180969185388405407e+01
2.170351584622104824e+01
2.149418700917111025e+01
2.122377011535410674e+01
2.093857013576498360e+01
2.067852133482936594e+01
2.047101646016397680e+01
2.038609116306179203e+01
