6.074737076623045517e+00
6.023808671599660158e+00
5.972851889409321657e+00
5.921867383396814510e+00
5.870854308649167130e+00
5.819811888163950897e+00
5.768739289053254282e+00
5.717635644375692827e+00
5.666499939639527028e+00
5.615331049284282727e+00
5.564127625093788332e+00
5.512888175493901421e+00
5.461610979107370589e+00
5.410294205642443899e+00
5.358935844251988989e+00
5.307533838111486268e+00
5.256086003028490161e+00
5.204590150347947919e+00
5.153043983451618182e+00
5.101445202039253779e+00
5.049791380772584937e+00
4.998080060679165548e+00
4.946308620899894315e+00
4.894474364542841016e+00
4.842574392432857699e+00
4.790605686623242043e+00
4.738564990383433262e+00
4.686448888357950260e+00
4.634253693532107476e+00
4.581975520668581936e+00
4.529610179089980093e+00
4.477153234828949557e+00
4.424599906599142152e+00
4.371945110749250851e+00
4.319183355846400119e+00
4.266308762704388968e+00
4.213314951183089185e+00
4.160195026703262577e+00
4.106941453867428926e+00
4.053545988743226580e+00
4.000000000000000000e+00
