6.074774591262306345e+00
6.023848476256019602e+00
5.972895805814900427e+00
5.921915625723945809e+00
5.870906905623956007e+00
5.819868559068416047e+00
5.768799453762349039e+00
5.717698393059325035e+00
5.666564127448845412e+00
5.615395335353298378e+00
5.564190634959868653e+00
5.512948564284101849e+00
5.461667593418670918e+00
5.410346103560542019e+00
5.358982399575050515e+00
5.307574687508789246e+00
5.256121087283949223e+00
5.204619608158853161e+00
5.153068161399895430e+00
5.101464533185097849e+00
5.049806397196726415e+00
4.998091284515522759e+00
4.946316596158812473e+00
4.894479569513303652e+00
4.842577290859582106e+00
4.790606657807474633e+00
4.738564391788879782e+00
4.686446995797855841e+00
4.634250766720230175e+00
4.581971747465378719e+00
4.529605738861201658e+00
4.477148245017519734e+00
4.424594484366789260e+00
4.371939326824142213e+00
4.319177303395030698e+00
4.266302533374089379e+00
4.213308731745117441e+00
4.160189124245626147e+00
4.106936451594719095e+00
4.053542867917893311e+00
4.000000000000000000e+00
