2.000000006106649408e+01
2.005503555276762739e+01
2.003793121946079836e+01
2.005025243182618055e+01
2.002891128129254383e+01
2.003443252531772600e+01
2.000891852297211315e+01
2.001009777581234772e+01
1.998423762377191082e+01
1.998546879276945987e+01
1.996367132197099536e+01
1.996853173761376610e+01
1.995314042487632022e+01
1.996251611778849977e+01
1.995307319223114817e+01
1.996552637222329096e+01
1.995995899962628073e+01
1.997328814704977162e+01
1.996945776890614610e+01
1.998194492734942429e+01
1.997847687805198191e+01
1.998928606200301772e+01
1.998562543470028530e+01
1.999461791743097550e+01
1.999072403012887023e+01
1.999811202632832163e+01
1.999414014193005329e+01
2.000022237007647519e+01
1.999633439712555116e+01
2.000137640884193857e+01
1.999769349217715586e+01
2.000194194077774767e+01
1.999862263507225890e+01
2.000244006746970626e+01
1.999987175108126536e+01
2.000397043971446109e+01
2.000302853271450942e+01
2.000872045000134491e+01
2.001096400262068187e+01
2.002039565760477302e+01
2.002391332271508873e+01
