2.000000014895092804e+01
2.000120102421125168e+01
2.000056935587786455e+01
2.000163901038871472e+01
2.000093230489992635e+01
2.000180005708064357e+01
2.000104615857949852e+01
2.000174677813218338e+01
2.000098721856958761e+01
2.000156777651669060e+01
2.000084936486250697e+01
2.000136607405145384e+01
2.000074778199272529e+01
2.000127978549173235e+01
2.000084967815291037e+01
2.000151384300281165e+01
2.000139740218757822e+01
2.000234552109077413e+01
2.000268963944896328e+01
2.000407770292598642e+01
2.000500713006171694e+01
2.000694132743463882e+01
2.000849963404471055e+01
2.001097709882663978e+01
2.001307388302964441e+01
2.001594116716486127e+01
2.001832737770835635e+01
2.002127552860719462e+01
2.002356132275275868e+01
2.002616654840810639e+01
2.002788448871796589e+01
2.002969051338610740e+01
2.003039313762047868e+01
2.003101722218347192e+01
2.003038444658428574e+01
2.002961736267295123e+01
2.002754103584375400e+01
2.002540820741432981e+01
2.002202559885287769e+01
2.001874642630554035e+01
2.001578636741032824e+01
