1.999999999861818978e+01
1.998749207477302292e+01
1.998822835856863378e+01
1.998820500350160856e+01
1.998820541953144314e+01
1.998821399561781575e+01
1.998819028157005917e+01
1.998821211037487444e+01
1.998816023139150388e+01
1.998822913671383716e+01
1.998811848765152277e+01
1.998830216214017241e+01
1.998805565112884608e+01
1.998849954173552135e+01
1.998794826036938943e+01
1.998895997237374544e+01
1.998774281869489045e+01
1.998993130957961029e+01
1.998728671523979017e+01
1.999177886044575203e+01
1.998269407371026318e+01
