2.000000043348390832e+01
2.000039689804464871e+01
2.000036247002172729e+01
2.000037471103594200e+01
2.000037371503791661e+01
2.000037618874933543e+01
2.000037710174201422e+01
2.000037794701983529e+01
2.000037831297916568e+01
2.000037837055729639e+01
2.000037812659077829e+01
2.000037764259496598e+01
2.000037696779532226e+01
2.000037615688295034e+01
2.000037526202460469e+01
2.000037433205390158e+01
2.000037340951945808e+01
2.000037252889938699e+01
2.000037171539268499e+01
2.000037098459453588e+01
2.000037034299063166e+01
2.000036978912114449e+01
2.000036931517886174e+01
2.000036890895289687e+01
2.000036855547885395e+01
2.000036823927508323e+01
2.000036794463186496e+01
2.000036765937746353e+01
2.000036736997812170e+01
2.000036707534856717e+01
2.000036676097304422e+01
2.000036646637705218e+01
2.000036617015528506e+01
2.000036614357768983e+01
2.000036649048509574e+01
2.000036912098959263e+01
2.000037638986821165e+01
2.000040316317739553e+01
2.000047819589858022e+01
2.000073057235969998e+01
2.000124533759662881e+01
