2.000001115917500272e+01
2.000029670002653504e+01
2.000027912959860998e+01
2.000035152349512302e+01
2.000050232155572516e+01
2.000079976098780321e+01
2.000132305595481697e+01
2.000219474153674781e+01
2.000358507561449173e+01
2.000572540359041440e+01
2.000891789510138352e+01
2.001354339572350582e+01
2.002006455355343206e+01
2.002902275090458417e+01
2.004102732140757936e+01
2.005673628637420336e+01
2.007682867138139216e+01
2.010196944612893688e+01
2.013276905337838585e+01
2.016974022292585644e+01
2.021325517788422133e+01
2.026350638097434853e+01
2.032047365385895432e+01
2.038389991557398773e+01
2.045327704747271014e+01
2.052784263710691803e+01
2.060658768176019606e+01
2.068827483823568159e+01
2.077146645640919687e+01
2.085456152655932982e+01
2.093584050545829811e+01
2.101351727750362386e+01
2.108579713544340706e+01
2.115094148403211349e+01
2.120733961580610938e+01
2.125359987136495121e+01
2.128867834765653555e+01
2.131212862468797553e+01
2.132456834845815052e+01
2.132856705498003436e+01
2.132902364042820409e+01
