2.000000039133135843e+01
2.000053381072193304e+01
2.000045934241488155e+01
2.000045373320504538e+01
2.000044003747876786e+01
2.000045138588795979e+01
2.000049491055351325e+01
2.000059378902837537e+01
2.000077834030437174e+01
2.000109320408409275e+01
2.000160070604531626e+01
2.000238625286139538e+01
2.000356378802419144e+01
2.000528148237777870e+01
2.000772700904309431e+01
2.001113182364774801e+01
2.001577372685493472e+01
2.002197697908293250e+01
2.003010929755235026e+01
2.004057522134517555e+01
2.005380557439291778e+01
2.007024306829496041e+01
2.009032443403269852e+01
2.011445980914107423e+01
2.014301039856206899e+01
2.017626561748130243e+01
2.021442103079933972e+01
2.025755833056708255e+01
2.030562854747727641e+01
2.035843928166245220e+01
2.041564690869139653e+01
2.047675353687585798e+01
2.054111020353599670e+01
2.060792312908743895e+01
2.067626770156903504e+01
2.074509013239432420e+01
2.081319817125504201e+01
2.087907415281522461e+01
2.094024802726244516e+01
2.099049664282494732e+01
2.101250151765998453e+01
