6.082208784998580420e+00
6.031286739499739369e+00
5.980338475446968616e+00
5.929362821950983076e+00
5.878358755700529237e+00
5.827325195255299128e+00
5.776261010754185854e+00
5.725165017209117302e+00
5.674035968247585160e+00
5.622872547413177990e+00
5.571673354744684836e+00
5.520436885072593114e+00
5.469161493393728257e+00
5.417845342126167196e+00
5.366486325772870991e+00
5.315081971288749152e+00
5.263629317552853237e+00
5.212124784143663092e+00
5.160564046308448560e+00
5.108941937146240342e+00
5.057252397569207858e+00
5.005488489223635540e+00
4.953642476984171594e+00
4.901705979119794776e+00
4.849670177677772642e+00
4.797526081009436894e+00
4.745264833412045746e+00
4.692878073784722659e+00
4.640358348073269745e+00
4.587699587227209719e+00
4.534897642340244062e+00
4.481950875852282579e+00
4.428860703541531940e+00
4.375632053476833150e+00
4.322273345518211407e+00
4.268796149788497196e+00
4.215213481278354379e+00
4.161538446322510687e+00
4.107780113183304493e+00
4.053943460385751152e+00
4.000000000000000000e+00
