2.000000029418542979e+01
1.999820514224348500e+01
1.999834290954647287e+01
1.999833569977039716e+01
1.999833812036345648e+01
1.999833871522516304e+01
1.999833904796054895e+01
1.999833921733431907e+01
1.999833932887984389e+01
1.999833942603741122e+01
1.999833952960697303e+01
1.999833965498942590e+01
1.999833981819127260e+01
1.999834003291213946e+01
1.999834030521224193e+01
1.999834063088849589e+01
1.999834099668330722e+01
1.999834138368276726e+01
1.999834177077369546e+01
1.999834213775442748e+01
1.999834246673336580e+01
1.999834274477159823e+01
1.999834296139762913e+01
1.999834311632382366e+01
1.999834320228936946e+01
1.999834324329933821e+01
1.999834320703732971e+01
1.999834319856957876e+01
1.999834302927467178e+01
1.999834316337997819e+01
1.999834265312951231e+01
1.999834360870848116e+01
1.999834160343306522e+01
1.999834611755224145e+01
1.999833734246940509e+01
1.999835675735079832e+01
1.999831877889641518e+01
1.999839938791906491e+01
1.999823934684528837e+01
1.999850992074448897e+01
1.999674389848223655e+01
