6.077444684610182613e+00
5.975419552494485309e+00
5.873017198986240750e+00
5.770340430993220693e+00
5.667549611763283757e+00
5.564754728884923729e+00
5.461965556540808286e+00
5.359132850034349360e+00
5.256196567975194078e+00
5.153108200377332970e+00
5.049830207229912382e+00
4.946333536662717911e+00
4.842590939869638511e+00
4.738576581516096731e+00
4.634261618444589281e+00
4.529615404001136270e+00
4.424602593020173558e+00
4.319183434675492705e+00
4.213312845809836560e+00
4.106937697640315577e+00
4.000000000000000000e+00
