2.000000000019210233e+01
2.005148273484845944e+01
2.043491074368049709e+01
2.107057255464156142e+01
2.171274989069618755e+01
2.207891134113654275e+01
2.204622593584362278e+01
2.169295912442458629e+01
2.121291766929939016e+01
2.077902736302757347e+01
2.045428888441373871e+01
2.025423102802713160e+01
2.012704844638577484e+01
2.007002780282833143e+01
2.002592335700297355e+01
2.001999417693295769e+01
1.999994323499383242e+01
2.000861459208140403e+01
1.999435726309258854e+01
2.000634732854948794e+01
1.999226817549697444e+01
