2.000000000097769615e+01
2.005987496870537257e+01
2.004264805577683717e+01
2.005436750930934409e+01
2.002730651130317341e+01
2.002743032767252984e+01
1.999670130751545472e+01
1.999528553850172230e+01
1.997066493198084558e+01
1.997522064291343113e+01
1.996029468639457605e+01
1.997123155438338316e+01
1.996350003881901713e+01
1.997733172386942258e+01
1.997267651985609760e+01
1.998627650521951793e+01
1.998249118417558279e+01
1.999582014157965659e+01
1.999465513943663808e+01
2.001221581056326571e+01
2.001259653022134444e+01
