1.999999999582431442e+01
2.000832669392056573e+01
2.000298109170987004e+01
2.001134660660713038e+01
2.000835232207967351e+01
2.001924943581378713e+01
2.001862740096776250e+01
2.003085900324058244e+01
2.003026277147471745e+01
2.004063604749051564e+01
2.003669140155632533e+01
2.004226758826156640e+01
2.003312722349813413e+01
2.003344521555984770e+01
2.002012504693881922e+01
2.001737347522906063e+01
2.000280675738908798e+01
2.000010318300934742e+01
1.998712970223346019e+01
1.998668266023963014e+01
1.997732755326433107e+01
