4.335718134269701984e+00
4.320121030584453514e+00
4.304452613305770114e+00
4.288708910438521649e+00
4.272879365730328338e+00
4.256948186592207861e+00
4.240894600416194038e+00
4.224695081479272751e+00
4.208326718217676010e+00
4.191771014196616463e+00
4.175017248719167462e+00
4.158064745227991743e+00
4.140923600817852268e+00
4.123613758530681572e+00
4.106162498618846968e+00
4.088600913899555600e+00
4.070959846188221931e+00
4.053266402070094365e+00
4.035540836295973932e+00
4.017792884762901195e+00
4.000000000000000000e+00
