4.328618806907814864e+00
4.312991619419293876e+00
4.297295222538406456e+00
4.281530438422131546e+00
4.265695688346148096e+00
4.249789500452996194e+00
4.233810179111693550e+00
4.217755782227899708e+00
4.201623970194110491e+00
4.185411836439273614e+00
4.169115701488846248e+00
4.152730903910422100e+00
4.136251625025733070e+00
4.119670790991346365e+00
4.102980094557501012e+00
4.086170159284529646e+00
4.069230860693700436e+00
4.052151784570043880e+00
4.034922912549943952e+00
4.017536623405627338e+00
4.000000000000000000e+00
