6.080946423002192347e+00
5.979071904447748054e+00
5.877086029768143760e+00
5.774982027842866295e+00
5.672754352006902145e+00
5.570395445852954985e+00
5.467894275221484079e+00
5.365231210563640829e+00
5.262366836648226354e+00
5.159233994707823179e+00
5.055746459253868785e+00
4.951815003363182477e+00
4.847368409656447774e+00
4.742379811035146275e+00
4.636923015162987660e+00
4.531191635125634498e+00
4.425375820980213426e+00
4.319496355103253471e+00
4.213416546200738466e+00
4.106964204737106883e+00
4.000000000000000000e+00
