6.074769514708569851e+00
5.972884360305832807e+00
5.870878447237838138e+00
5.768743951101758860e+00
5.666473801495178542e+00
5.564066756958510496e+00
5.461525212908379778e+00
5.358846707516415897e+00
5.256015501001805035e+00
5.153004187090878929e+00
5.049782005997379031e+00
4.946321293823770837e+00
4.842599215146423219e+00
4.738594173636545115e+00
4.634282924330282327e+00
4.529637127024107812e+00
4.424623298632789137e+00
4.319201365204667908e+00
4.213326077943259307e+00
4.106945148878401675e+00
4.000000000000000000e+00
