6.074719644997546020e+00
5.972841355157222587e+00
5.870853293100925185e+00
5.768743204172409378e+00
5.666498384409273115e+00
5.564105444334501271e+00
5.461552024000470240e+00
5.358827562370397146e+00
5.255926095508954177e+00
5.152844777541900179e+00
5.049578394614440136e+00
4.946110924222620220e+00
4.842414041288951587e+00
4.738450729169349174e+00
4.634182353242238150e+00
4.529571351173745875e+00
4.424581814468613317e+00
4.319175891007397183e+00
4.213311572981877084e+00
4.106938918117447379e+00
4.000000000000000000e+00
