6.078222740261857382e+00
5.976356588945181514e+00
5.874376583617872072e+00
5.772210680633766522e+00
5.669749294411952079e+00
5.566886049128466851e+00
5.463605239036931849e+00
5.360079200236064878e+00
5.256581728478638915e+00
5.153207829620224167e+00
5.049838898898562967e+00
4.946325764791779989e+00
4.842584701365201028e+00
4.738573174006230460e+00
4.634260539225054210e+00
4.529615435798013401e+00
4.424603247379435444e+00
4.319184258595779369e+00
4.213313527922231572e+00
4.106938618018104670e+00
4.000000000000000000e+00
