1.999999999942552265e+01
2.000858753258919265e+01
1.999782889377642903e+01
1.999936840201585397e+01
1.998891645811749029e+01
1.999822959021730284e+01
2.000464226902632703e+01
2.003619872409164060e+01
2.006208560111285166e+01
2.010383284795864256e+01
2.012405777122342343e+01
2.013966704401555319e+01
2.010941410513192551e+01
2.006406970243490306e+01
1.998616891529547246e+01
1.993245232174006887e+01
1.988514794736254743e+01
1.988507974897131803e+01
1.988764503839169606e+01
1.992161570530755554e+01
1.992666539764832123e+01
