2.000000000341688988e+01
2.001614736598356004e+01
2.000356185358474903e+01
2.001166589132614959e+01
2.000205034932367099e+01
2.000986415849044420e+01
1.999976325133507515e+01
2.000328509675943067e+01
1.999329804146655931e+01
1.999676797345916768e+01
1.999637687690867693e+01
2.001051684074010595e+01
2.002813336564125635e+01
2.005440204284519723e+01
2.008271772074331807e+01
2.010642534442710172e+01
2.012317994798641152e+01
2.011860540891639459e+01
2.009869678127946813e+01
2.005388200840321034e+01
2.002449926496410626e+01
