2.000000000365101727e+01
2.001518263154896005e+01
2.000946169522251594e+01
2.001180995962359077e+01
2.000633367323419876e+01
2.000766974707418910e+01
2.000593507487391776e+01
2.000472781344863549e+01
2.000299239101297033e+01
1.999783924985981542e+01
1.999698721829640036e+01
1.999422686157746298e+01
2.000211059442588279e+01
2.001169812609842324e+01
2.003323938928251025e+01
2.005554845034100353e+01
2.008268996903142067e+01
2.010455822105733503e+01
2.011791887977386395e+01
2.011745127830520374e+01
2.010556680485387915e+01
