1.999999999977467624e+01
1.999505461990113275e+01
1.998096488898076473e+01
1.998992386394646559e+01
1.998835662360928112e+01
2.000619024547595970e+01
2.000328993168859881e+01
2.001569883074208178e+01
2.000585085899495752e+01
2.001426775926121948e+01
2.000311368444237559e+01
2.001180304982075242e+01
2.000133181522379289e+01
2.000945750124596145e+01
1.999828202251057263e+01
2.000480818891183432e+01
1.999377072961863533e+01
2.000137563981309086e+01
1.999488819385730309e+01
2.000868114464053704e+01
2.000584586043987656e+01
