6.078996136510763648e+00
6.028072466255943063e+00
5.977122371737478623e+00
5.926144741858647258e+00
5.875138479668907898e+00
5.824102398835451666e+00
5.773035222401966315e+00
5.721935569574005065e+00
5.670801943306821968e+00
5.619632717783670905e+00
5.568426126565440448e+00
5.517180252000868812e+00
5.465893016475302346e+00
5.414562175987011727e+00
5.363185316411987813e+00
5.311759852659956316e+00
5.260283030751644162e+00
5.208751932674930529e+00
5.157163483717725150e+00
5.105514461836978768e+00
5.053801508510832541e+00
5.002021140435735092e+00
4.950169761371134847e+00
4.898243673398358311e+00
4.846239086844470911e+00
4.794152128123671197e+00
4.741978844766205015e+00
4.689715206936771352e+00
4.637357104790127416e+00
4.584900341069625185e+00
4.532340618420754197e+00
4.479673520955578248e+00
4.426894489634459084e+00
4.373998790950066606e+00
4.320981477961328920e+00
4.267837341355949832e+00
4.214560843925553080e+00
4.161146020930122091e+00
4.107586296331675157e+00
4.053874099795750752e+00
4.000000000000000000e+00
