6.074759987227350777e+00
6.023834030274095142e+00
5.972881610457518420e+00
5.921901667633404642e+00
5.870893170812337303e+00
5.819855031307547222e+00
5.768786108918496858e+00
5.717685207863538288e+00
5.666551073628203206e+00
5.615382389412167718e+00
5.564177772330387128e+00
5.512935769329439850e+00
5.461654852798301540e+00
5.410333415846789507e+00
5.358969767222149905e+00
5.307562125830990851e+00
5.256108614830175441e+00
5.204607255246325614e+00
5.153055959079134496e+00
5.101452521838672816e+00
5.049794614461236009e+00
4.998079774541891673e+00
4.946305396814677735e+00
4.894468722803198446e+00
4.842566829555067898e+00
4.790596617363052978e+00
4.738554796363684041e+00
4.686437871890314355e+00
4.634242128441896647e+00
4.581963612110961925e+00
4.529598111294452778e+00
4.477141135490794177e+00
4.424587891967203035e+00
4.371933260088365358e+00
4.319171763112951368e+00
4.266297537690074471e+00
4.213304301263438134e+00
4.160185324229245474e+00
4.106933404851281999e+00
4.053540955699070913e+00
4.000000000000000000e+00
