2.194444443679137891e+01
2.248762680370804645e+01
2.276942411987099746e+01
2.282334881814303884e+01
2.270615193610507987e+01
2.247635492649398614e+01
2.218524472272657988e+01
2.187277968179254017e+01
2.156696037666254995e+01
2.128520930396995325e+01
2.103662339741454090e+01
2.082434628908157137e+01
2.064764812426032492e+01
2.050355214779971647e+01
2.038800007552321958e+01
2.029662301868593843e+01
2.022520880290954537e+01
2.016995315613590378e+01
2.012756716772427623e+01
2.009529566261504385e+01
2.007088502894718829e+01
2.005252614548474099e+01
2.003878851113606530e+01
2.002855501039475783e+01
2.002096231413973726e+01
2.001534910692357627e+01
2.001121265077168943e+01
2.000817326339438651e+01
2.000594583333523246e+01
2.000431732935118845e+01
2.000312925837926414e+01
2.000226411101415280e+01
2.000163492037647472e+01
2.000117728319131061e+01
2.000084287131699767e+01
2.000059640204435141e+01
2.000041029252628633e+01
2.000031037131348910e+01
2.000035749005146357e+01
2.000151683106297540e+01
2.000425926187017467e+01
