1.999999999964806108e+01
1.999860159846746654e+01
1.999898262027150153e+01
1.999918626769298058e+01
1.999937595500310294e+01
1.999952919872183799e+01
1.999965015107024868e+01
1.999974310493513485e+01
1.999981322223700886e+01
1.999986534229049795e+01
1.999990363302562812e+01
1.999993149477577603e+01
1.999995160568146702e+01
1.999996602293847303e+01
1.999997629754836481e+01
1.999998358209023408e+01
1.999998872324468735e+01
1.999999233715602998e+01
1.999999486871660892e+01
1.999999663706655895e+01
1.999999786988610140e+01
1.999999872887057606e+01
1.999999932845400963e+01
1.999999974945332681e+01
2.000000004894270944e+01
2.000000026738652537e+01
2.000000043379161241e+01
2.000000056946049654e+01
2.000000069081253073e+01
2.000000081127200247e+01
2.000000094303505449e+01
2.000000109159899964e+01
2.000000125421970409e+01
2.000000128316791859e+01
2.000000084539721357e+01
1.999999693543179546e+01
1.999998387464887273e+01
1.999991054017903380e+01
1.999970068859585837e+01
1.999855576560828752e+01
1.999614184653546545e+01
