2.000000000298892289e+01
2.000244694717092031e+01
2.001139689775232000e+01
2.002518046013301145e+01
2.004549574279883473e+01
2.007358712342749385e+01
2.011048097946672542e+01
2.015680342353824983e+01
2.021268061401652005e+01
2.027767987519249715e+01
2.035080391284846257e+01
2.043053485707643446e+01
2.051491980858482478e+01
2.060168611635927860e+01
2.068837366484476448e+01
2.077247221670084443e+01
2.085155361283559117e+01
2.092339075994742004e+01
2.098605745126280553e+01
2.103800499913777600e+01
2.107811338924078015e+01
2.110571624401097424e+01
2.112060035662226554e+01
2.112298193255319489e+01
2.111346290723956542e+01
2.109297170765464102e+01
2.106269349416116299e+01
2.102399517910102134e+01
2.097835034103815843e+01
2.092726857135324892e+01
2.087223289369590873e+01
2.081464784435093307e+01
2.075579975307440961e+01
2.069683029253694784e+01
2.063872440568928468e+01
2.058232102123492169e+01
2.052836072122379818e+01
2.047769537151731001e+01
2.043177851558106184e+01
2.039520139975870450e+01
2.038018357500186539e+01
