1.999999999613318025e+01
1.999868340699767089e+01
1.999940758298095034e+01
2.000034999628784149e+01
2.000188481156339293e+01
2.000419901525989275e+01
2.000754380609870609e+01
2.001220381293770956e+01
2.001849473057547613e+01
2.002675335862710781e+01
2.003732474002678643e+01
2.005054650714582820e+01
2.006673141221851253e+01
2.008614917601684979e+01
2.010900890821156040e+01
2.013544333362976957e+01
2.016549591711068601e+01
2.019911173936504056e+01
2.023613267336934030e+01
2.027629708558093569e+01
2.031924397571765795e+01
2.036452120187573911e+01
2.041159723229538514e+01
2.045987572785141850e+01
2.050871218777410832e+01
2.055743187598254806e+01
2.060534827426966942e+01
2.065178136847634605e+01
2.069607515408933196e+01
2.073761384172844657e+01
2.077583635452296562e+01
2.081024884944348585e+01
2.084043525252134899e+01
2.086606618523113710e+01
2.088690813924278444e+01
2.090283569244161654e+01
2.091386212397664579e+01
2.092018618631479754e+01
2.092238035777616645e+01
2.092131288319363591e+01
2.091907426826310257e+01
