1.999999998807470902e+01
1.999867454607362305e+01
1.999885000436430005e+01
1.999887837916297428e+01
1.999894194182116891e+01
1.999903314352442507e+01
1.999916872789865963e+01
1.999936649081092099e+01
1.999964921109276261e+01
2.000004509953643250e+01
2.000058855947637682e+01
2.000132080611646757e+01
2.000229035901839936e+01
2.000355335468264428e+01
2.000517363168767560e+01
2.000722254359189733e+01
2.000977846278220795e+01
2.001292595012668940e+01
2.001675458016751818e+01
2.002135742874475355e+01
2.002682924825925426e+01
2.003326437388781045e+01
2.004075442075854241e+01
2.004938584593646311e+01
2.005923745914634537e+01
2.007037797158051262e+01
2.008286367242749648e+01
2.009673631746173328e+01
2.011202130248410924e+01
2.012872617272520870e+01
2.014683948197453489e+01
2.016632991205002412e+01
2.018714538947532233e+01
2.020921101260681141e+01
2.023242386103484591e+01
2.025663165828292378e+01
2.028158784795386893e+01
2.030671852525609822e+01
2.033080791682328226e+01
2.034923252895157830e+01
2.035359109460932814e+01
