1.999999999159714292e+01
1.999850079497431210e+01
1.999867016787546348e+01
1.999866079355738080e+01
1.999866782076475147e+01
1.999867135395933815e+01
1.999867481404116631e+01
1.999867824155667861e+01
1.999868188345082132e+01
1.999868589362716520e+01
1.999869041915150802e+01
1.999869561604570478e+01
1.999870166470349275e+01
1.999870878251439166e+01
1.999871723642979404e+01
1.999872735634245302e+01
1.999873954976271406e+01
1.999875431807558002e+01
1.999877227451020545e+01
1.999879416385723019e+01
1.999882088388736534e+01
1.999885350834564690e+01
1.999889331131154790e+01
1.999894179263139193e+01
1.999900070403061747e+01
1.999907207540324450e+01
1.999915824057943681e+01
1.999926186154221952e+01
1.999938594931562363e+01
1.999953387754301559e+01
1.999970938063868076e+01
1.999991650895414708e+01
2.000015949712052787e+01
2.000044228370992982e+01
2.000076757377971148e+01
2.000113227470948374e+01
2.000152274176004497e+01
2.000186324956196771e+01
2.000202611537096686e+01
2.000113288521961508e+01
1.999880312333789334e+01
