1.999999674734969091e+01
1.999971467154427174e+01
1.999973796078997523e+01
1.999973803292630947e+01
1.999974427732157523e+01
1.999975161775928356e+01
1.999975785963351527e+01
1.999976168004789301e+01
1.999976288229022359e+01
1.999976189610554300e+01
1.999975936194766746e+01
1.999975590663046177e+01
1.999975204555509478e+01
1.999974815240662096e+01
1.999974446911202364e+01
1.999974113629636463e+01
1.999973822781345589e+01
1.999973577865717189e+01
1.999973380252754396e+01
1.999973230004666647e+01
1.999973126112726263e+01
1.999973066460206184e+01
1.999973047711569762e+01
1.999973065306179620e+01
1.999973113628027122e+01
1.999973186349422249e+01
1.999973276923928722e+01
1.999973379136992335e+01
1.999973487637157632e+01
1.999973598355254367e+01
1.999973708738061973e+01
1.999973817784284336e+01
1.999973925896038551e+01
1.999974034591167182e+01
1.999974146136080222e+01
1.999974263161789167e+01
1.999974388326421249e+01
1.999974524065095238e+01
1.999974672436754020e+01
1.999974835074063506e+01
1.999975013210495689e+01
1.999975207770014762e+01
1.999975419488177408e+01
1.999975649028708347e+01
1.999975897076325282e+01
1.999976164398049860e+01
1.999976451859885884e+01
1.999976760401961684e+01
1.999977090967990634e+01
1.999977444409132232e+01
1.999977821371217601e+01
1.999978222180381593e+01
1.999978646728388654e+01
1.999979094371180821e+01
1.999979563851982434e+01
1.999980053257438684e+01
1.999980559996281571e+01
1.999981080800657196e+01
1.999981611768449952e+01
1.999982148417509364e+01
1.999982685766529400e+01
1.999983218429932208e+01
1.999983740722609227e+01
1.999984246763636975e+01
1.999984730597067184e+01
1.999985186307296559e+01
1.999985608125091829e+01
1.999985990524885437e+01
1.999986328340236597e+01
1.999986616815994367e+01
1.999986851835330270e+01
1.999987029557120977e+01
1.999987147917505581e+01
1.999987202175314849e+01
1.999987199007725280e+01
1.999987109312750633e+01
1.999986996680537743e+01
1.999986488474486634e+01
1.999985602612665048e+01
1.999976920366833610e+01
1.999940495767805260e+01
