4.058535518297628819e+00
4.057761813940875761e+00
4.056989290093792278e+00
4.056217841702945748e+00
4.055447439867418069e+00
4.054678098124328223e+00
4.053909846437093734e+00
4.053142716273829826e+00
4.052376733264925868e+00
4.051611914259916958e+00
4.050848266867178360e+00
4.050085790263952212e+00
4.049324476606585677e+00
4.048564312661054210e+00
4.047805281448413339e+00
4.047047363782255935e+00
4.046290539620678750e+00
4.045534789184123348e+00
4.044780093816966904e+00
4.044026436595333784e+00
4.043273802704256958e+00
4.042522179621326650e+00
4.041771557150006799e+00
4.041021927345144427e+00
4.040273284367962958e+00
4.039525624300261519e+00
4.038778944939658722e+00
4.038033245590564313e+00
4.037288526859874160e+00
4.036544790462268217e+00
4.035802039037280409e+00
4.035060275978698208e+00
4.034319505276143580e+00
4.033579731368472032e+00
4.032840959008808568e+00
4.032103193141335140e+00
4.031366438790215945e+00
4.030630700961283175e+00
4.029895984557186672e+00
4.029162294306630088e+00
4.028429634708056817e+00
4.027698009987858541e+00
4.026967424072790180e+00
4.026237880575826544e+00
4.025509382794327351e+00
4.024781933719107307e+00
4.024055536052738802e+00
4.023330192235277991e+00
4.022605904475671679e+00
4.021882674787101486e+00
4.021160505024652387e+00
4.020439396923971564e+00
4.019719352139740742e+00
4.019000372283207057e+00
4.018282458958027270e+00
4.017565613794061186e+00
4.016849838479093826e+00
4.016135134788454408e+00
4.015421504612753267e+00
4.014708949984033381e+00
4.013997473100732627e+00
4.013287076351958582e+00
4.012577762341599907e+00
4.011869533912832075e+00
4.011162394173327428e+00
4.010456346521569237e+00
4.009751394674569980e+00
4.009047542697071087e+00
4.008344795032241947e+00
4.007643156533076123e+00
4.006942632493068146e+00
4.006243228673310952e+00
4.005544951320755054e+00
4.004847807166770579e+00
4.004151803386988284e+00
4.003456947471552674e+00
4.002763246882935277e+00
4.002070708073765637e+00
4.001379333630124435e+00
4.000689113490603077e+00
4.000000000000000000e+00
