4.058607436361450382e+00
4.057833636793098719e+00
4.057060627185396839e+00
4.056288507964896262e+00
4.055517325858320810e+00
4.054747117756191344e+00
4.053977918832368132e+00
4.053209758024629572e+00
4.052442655836085095e+00
4.051676624346983502e+00
4.050911668630936546e+00
4.050147788509091740e+00
4.049384980221035768e+00
4.048623237852104317e+00
4.047862554522270173e+00
4.047102923370252014e+00
4.046344338353414116e+00
4.045586794859922009e+00
4.044830290120162708e+00
4.044074823411045294e+00
4.043320396063888822e+00
4.042567011304999625e+00
4.041814673970586469e+00
4.041063390143407652e+00
4.040313166756616781e+00
4.039564011202480209e+00
4.038815930973934876e+00
4.038068933356496970e+00
4.037323025178344515e+00
4.036578212619058803e+00
4.035834501072393721e+00
4.035091895055253453e+00
4.034350398154080253e+00
4.033610012999958805e+00
4.032870741264952485e+00
4.032132583673784687e+00
4.031395540026728952e+00
4.030659609231130425e+00
4.029924789340365798e+00
4.029191077599916682e+00
4.028458470500638988e+00
4.027726963839604046e+00
4.026996552788617123e+00
4.026267231970130922e+00
4.025538995539958975e+00
4.024811837275576565e+00
4.024085750668279005e+00
4.023360729017206872e+00
4.022636765523101232e+00
4.021913853379205150e+00
4.021191985857276663e+00
4.020471156386360434e+00
4.019751358622423609e+00
4.019032586507614191e+00
4.018314834317818551e+00
4.017598096697999388e+00
4.016882368684842497e+00
4.016167645717297674e+00
4.015453923635286415e+00
4.014741198667386435e+00
4.014029467408755991e+00
4.013318726790444657e+00
4.012608974041549814e+00
4.011900206645864664e+00
4.011192422293984983e+00
4.010485618832762000e+00
4.009779794214034965e+00
4.009074946442781950e+00
4.008371073527334794e+00
4.007668173435217085e+00
4.006966244056466842e+00
4.006265283182548487e+00
4.005565288511999000e+00
4.004866257707746513e+00
4.004168188536901596e+00
4.003471079163539947e+00
4.002774928642760521e+00
4.002079737808723614e+00
4.001385510623021169e+00
4.000692257469998125e+00
4.000000000000000000e+00
