4.058635957430278829e+00
4.057862220308280143e+00
4.057089473223346232e+00
4.056317578031144677e+00
4.055546498320023119e+00
4.054776241382529456e+00
4.054006829599136275e+00
4.053238288667903255e+00
4.052470643164144626e+00
4.051703915932490574e+00
4.050938128843322161e+00
4.050173303714980300e+00
4.049409462861364162e+00
4.048646629156912979e+00
4.047884825689232358e+00
4.047124075139246102e+00
4.046364399038250959e+00
4.045605817033929519e+00
4.044848346265919936e+00
4.044092000913904528e+00
4.043336791944040165e+00
4.042582727049658153e+00
4.041829810760829922e+00
4.041078044685661119e+00
4.040327427843095620e+00
4.039577957049239387e+00
4.038829627325127625e+00
4.038082432300970304e+00
4.037336364598949956e+00
4.036591416182924164e+00
4.035847578668448676e+00
4.035104843590167967e+00
4.034363202626335188e+00
4.033622647781921700e+00
4.032883171532900768e+00
4.032144766934890434e+00
4.031407427699648771e+00
4.030671148243121671e+00
4.029935923708754864e+00
4.029201749969757884e+00
4.028468623613895794e+00
4.027736541914259227e+00
4.027005502789235081e+00
4.026275504754613266e+00
4.025546546870424791e+00
4.024818628684665001e+00
4.024091750175709414e+00
4.023365911694744668e+00
4.022641113909128485e+00
4.021917357747215149e+00
4.021194644344904923e+00
4.020472974993934301e+00
4.019752351091760545e+00
4.019032774092740290e+00
4.018314245460412160e+00
4.017596766620670223e+00
4.016880338915655990e+00
4.016164963558441769e+00
4.015450641588351743e+00
4.014737373827320432e+00
4.014025160837680239e+00
4.013314002881448239e+00
4.012603899881702851e+00
4.011894851386688110e+00
4.011186856537177547e+00
4.010479914037578197e+00
4.009774022131721516e+00
4.009069178584282689e+00
4.008365380669191680e+00
4.007662625167689896e+00
4.006960908379203268e+00
4.006260226152014603e+00
4.005560573943664160e+00
4.004861946931221439e+00
4.004164340200105698e+00
4.003467749076208726e+00
4.002772169679864156e+00
4.002077599975558897e+00
4.001384041580210216e+00
4.000691503049377040e+00
4.000000000000000000e+00
