4.058642013051523278e+00
4.057867951633713055e+00
4.057094964508168644e+00
4.056323028884903259e+00
4.055552097676434542e+00
4.054782134387056480e+00
4.054013124289146397e+00
4.053245070432700103e+00
4.052477986579565261e+00
4.051711890562532226e+00
4.050946799554568933e+00
4.050182727220451362e+00
4.049419682471841142e+00
4.048657669416358296e+00
4.047896688089045902e+00
4.047136735585135980e+00
4.046377807292581785e+00
4.045619898021907801e+00
4.044863002926525120e+00
4.044107118178843052e+00
4.043352241412954129e+00
4.042598371966723114e+00
4.041845510961982413e+00
4.041093661259272274e+00
4.040342827318135654e+00
4.039593014988152930e+00
4.038844231251637495e+00
4.038096483935772696e+00
4.037349781409839800e+00
4.036604132281531143e+00
4.035859545104747426e+00
4.035116028109505315e+00
4.034373588962695045e+00
4.033632234566162822e+00
4.032891970896462119e+00
4.032152802888357535e+00
4.031414734362176233e+00
4.030677767993220861e+00
4.029941905320029605e+00
4.029207146787117999e+00
4.028473491816947138e+00
4.027740938905458812e+00
4.027009485735309369e+00
4.026279129301038928e+00
4.025549866040726066e+00
4.024821691969190596e+00
4.024094602808401255e+00
4.023368594111421892e+00
4.022643661377052204e+00
4.021919800152883973e+00
4.021197006125391660e+00
4.020475275196107035e+00
4.019754603543574056e+00
4.019034987671390446e+00
4.018316424442591739e+00
4.017598911101562642e+00
4.016882445284406522e+00
4.016167025018692271e+00
4.015452648714164852e+00
4.014739315145469334e+00
4.014027023428178076e+00
4.013315772989416885e+00
4.012605563533756303e+00
4.011896395005641658e+00
4.011188267549191444e+00
4.010481181465885392e+00
4.009775137171186721e+00
4.009070135149776171e+00
4.008366175909591433e+00
4.007663259935095645e+00
4.006961387637880456e+00
4.006260559305537150e+00
4.005560775047841027e+00
4.004862034745252153e+00
4.004164338001231727e+00
4.003467684121468473e+00
4.002772072064904485e+00
4.002077500360186058e+00
4.001383966525937197e+00
4.000691467089824371e+00
4.000000000000000000e+00
