4.058697527754578260e+00
4.057923567715192803e+00
4.057150424188871618e+00
4.056378134468253904e+00
4.055606745770909072e+00
4.054836289984470987e+00
4.054066785075305823e+00
4.053298243905061327e+00
4.052530679345546005e+00
4.051764105509397140e+00
4.050998536949616202e+00
4.050233987400182478e+00
4.049470468811814605e+00
4.048707990881532659e+00
4.047946560991609211e+00
4.047186184387496333e+00
4.046426864445332505e+00
4.045668602939635150e+00
4.044911400280934544e+00
4.044155255731425314e+00
4.043400167620466945e+00
4.042646133578914558e+00
4.041893150799224621e+00
4.041141216314639628e+00
4.040390327281557781e+00
4.039640481244537007e+00
4.038891676364130490e+00
4.038143911592206869e+00
4.037397186785171677e+00
4.036651502751888110e+00
4.035906861238694354e+00
4.035163264858044663e+00
4.034420716970380738e+00
4.033679221530233505e+00
4.032938782908078501e+00
4.032199405699116390e+00
4.031461094529206868e+00
4.030723853866849282e+00
4.029987687848579192e+00
4.029252600123591321e+00
4.028518593721742924e+00
4.027785670947548802e+00
4.027053833301376784e+00
4.026323081427785944e+00
4.025593415089832483e+00
4.024864833167275613e+00
4.024137333675935402e+00
4.023410913804940314e+00
4.022685569968297514e+00
4.021961297867164831e+00
4.021238092559110910e+00
4.020515948530848149e+00
4.019794859771287143e+00
4.019074819842047397e+00
4.018355821942972916e+00
4.017637858970573461e+00
4.016920923567897539e+00
4.016205008164619450e+00
4.015490105006611188e+00
4.014776206174677675e+00
4.014063303592203980e+00
4.013351389022028037e+00
4.012640454053144623e+00
4.011930490077455502e+00
4.011221488257481482e+00
4.010513439485785092e+00
4.009806334336746048e+00
4.009100163012052853e+00
4.008394915280808490e+00
4.007690580416022996e+00
4.006987147131653160e+00
4.006284603529413069e+00
4.005582937075714334e+00
4.004882134660319615e+00
4.004182182835453574e+00
4.003483068475106599e+00
4.002784780238488160e+00
4.002087311741344244e+00
4.001390667511072863e+00
4.000694874735935436e+00
4.000000000000000000e+00
