4.058698832920421218e+00
4.057924333740273504e+00
4.057150709733669203e+00
4.056378049814358455e+00
4.055606365591340357e+00
4.054835653126768413e+00
4.054065914034802098e+00
4.053297157201017242e+00
4.052529396608450796e+00
4.051762648025437841e+00
4.050996926473285242e+00
4.050232244727603792e+00
4.049468612780186660e+00
4.048706037915552614e+00
4.047944525075480193e+00
4.047184077269754710e+00
4.046424695914874192e+00
4.045666381078206975e+00
4.044909131661939661e+00
4.044152945577188518e+00
4.043397819947016636e+00
4.042643751355210924e+00
4.041890736135195006e+00
4.041138770678146308e+00
4.040387851733308722e+00
4.039637976674010034e+00
4.038889143708638940e+00
4.038141352023812303e+00
4.037394601854886744e+00
4.036648894485768579e+00
4.035904232185266061e+00
4.035160618090338325e+00
4.034418056048493462e+00
4.033676550431967378e+00
4.032936105935947424e+00
4.032196727371966105e+00
4.031458419466232179e+00
4.030721186671041067e+00
4.029985032995591965e+00
4.029249961860962514e+00
4.028515975982276842e+00
4.027783077279546653e+00
4.027051266817397668e+00
4.026320544772675092e+00
4.025590910427816915e+00
4.024862362187264786e+00
4.024134897613659945e+00
4.023408513479918902e+00
4.022683205833395448e+00
4.021958970068414629e+00
4.021235801003320454e+00
4.020513692958579632e+00
4.019792639832838965e+00
4.019072635174477881e+00
4.018353672246260722e+00
4.017635744081494487e+00
4.016918843530286054e+00
4.016202963294959183e+00
4.015488095954608205e+00
4.014774233978464224e+00
4.014061369727643935e+00
4.013349495446357551e+00
4.012638603243615876e+00
4.011928685064964917e+00
4.011219732655589176e+00
4.010511737515996877e+00
4.009804690850756970e+00
4.009098583510730229e+00
4.008393405930387843e+00
4.007689148062376638e+00
4.006985799309257246e+00
4.006283348461367133e+00
4.005581783655221884e+00
4.004881092393568487e+00
4.004181261714498063e+00
4.003482278731127053e+00
4.002784131934921774e+00
4.002086814205521925e+00
4.001390328822726161e+00
4.000694701838989786e+00
4.000000000000000000e+00
