4.045158460118666532e+00
4.044403565674393519e+00
4.043649784238650291e+00
4.042897340712361398e+00
4.042146447745913918e+00
4.041397381671246514e+00
4.040650502516632159e+00
4.039906253768672073e+00
4.039165164974013678e+00
4.038427856852993436e+00
4.037695047351297362e+00
4.036967556319030592e+00
4.036246307473816408e+00
4.035532326705408401e+00
4.034826736150361803e+00
4.034130743728360002e+00
4.033445628104340486e+00
4.032772719294578145e+00
4.032113375356576768e+00
4.031468955774450080e+00
4.030840792264587691e+00
4.030230157787381806e+00
4.029638234569672406e+00
4.029066081929391530e+00
4.028514604664128029e+00
4.027984522727556360e+00
4.027476342879889870e+00
4.026990332969012876e+00
4.026526499478263688e+00
4.026084568967100097e+00
4.025663974030131875e+00
4.025263844400474689e+00
4.024883003820042049e+00
4.024519973278581908e+00
4.024172981172957186e+00
4.023839980844113207e+00
4.023518675798050559e+00
4.023206552698046501e+00
4.022900921923837636e+00
4.022598965133640903e+00
4.022297788850760725e+00
4.021994482656261027e+00
4.021686180140982891e+00
4.021370120402655068e+00
4.021043707618066065e+00
4.020704566122757839e+00
4.020350588525311686e+00
4.019979974682704515e+00
4.019591259853623200e+00
4.019183330986644265e+00
4.018755430829916264e+00
4.018307150290922891e+00
4.017838410153026452e+00
4.017349433807070547e+00
4.016840713032016730e+00
4.016312969044524728e+00
4.015767111033576420e+00
4.015204194234509139e+00
4.014625379314708198e+00
4.014031894486658203e+00
4.013425001380646506e+00
4.012805965332921332e+00
4.012176030405454341e+00
4.011536399170469558e+00
4.010888217066889361e+00
4.010232560978928440e+00
4.009570431582242023e+00
4.008902748947502204e+00
4.008230350880556792e+00
4.007553993491939082e+00
4.006874353531499011e+00
4.006192032077877663e+00
4.005507559246082927e+00
4.004821399684493244e+00
4.004133958741136645e+00
4.003445589476003263e+00
4.002756601006292492e+00
4.002067270067358074e+00
4.001377858961758349e+00
4.000688650079095687e+00
4.000000000000000000e+00
