4.045112556058271025e+00
4.044357618405886257e+00
4.043603951865128998e+00
4.042851532989242713e+00
4.042100431073485822e+00
4.041350779355089351e+00
4.040602775049105588e+00
4.039856680031070901e+00
4.039112822221389898e+00
4.038371599415886415e+00
4.037633484280738649e+00
4.036899029236408865e+00
4.036168870261975350e+00
4.035443729066555463e+00
4.034724413213824690e+00
4.034011813851899220e+00
4.033306900739574097e+00
4.032610714335008950e+00
4.031924354825703993e+00
4.031248968114318210e+00
4.030585728914872767e+00
4.029935821243424421e+00
4.029300416692678688e+00
4.028680650956351528e+00
4.028077599119552765e+00
4.027492250254142370e+00
4.026925481863286471e+00
4.026378034713236076e+00
4.025850488576738329e+00
4.025343239400099193e+00
4.024856478398791459e+00
4.024390173584299291e+00
4.023944054230950584e+00
4.023517598802103024e+00
4.023110026866691058e+00
4.022720295542709934e+00
4.022347100996258362e+00
4.021988885492818966e+00
4.021643850431238398e+00
4.021309975680299686e+00
4.020985045374410483e+00
4.020666680104762136e+00
4.020352375166575953e+00
4.020039544200935566e+00
4.019725567219092355e+00
4.019407841644862422e+00
4.019083834691350887e+00
4.018751135139558173e+00
4.018407502446154744e+00
4.018050911106318956e+00
4.017679588351922071e+00
4.017292043575424465e+00
4.016887088316065224e+00
4.016463846187951603e+00
4.016021752718074822e+00
4.015560545638743761e+00
4.015080246687441345e+00
4.014581136363903013e+00
4.014063723351287472e+00
4.013528710416292000e+00
4.012976958571276676e+00
4.012409451132242566e+00
4.011827259071051088e+00
4.011231508773891008e+00
4.010623353014184822e+00
4.010003945652698576e+00
4.009374420311614173e+00
4.008735873046571641e+00
4.008089348866975321e+00
4.007435831831134720e+00
4.006776238367399934e+00
4.006111413453690595e+00
4.005442129312658750e+00
4.004769086404731837e+00
4.004092916705397798e+00
4.003414189834489711e+00
4.002733423314737138e+00
4.002051100643371662e+00
4.001367702819615957e+00
4.000683769461241823e+00
4.000000000000000000e+00
