4.045072046785281650e+00
4.044317094790243594e+00
4.043563054140943080e+00
4.042810070492625307e+00
4.042058249490171562e+00
4.041307672837689324e+00
4.040558422613822032e+00
4.039810594180386794e+00
4.039064303691934477e+00
4.038319694893742096e+00
4.037576946244952225e+00
4.036836278044460435e+00
4.036097958985659595e+00
4.035362311790294143e+00
4.034629717749465883e+00
4.033900620090141054e+00
4.033175526105574171e+00
4.032455007974758310e+00
4.031739702178220419e+00
4.031030307410857105e+00
4.030327580893377615e+00
4.029632333006113676e+00
4.028945420200772176e+00
4.028267736185507708e+00
4.027600201430591831e+00
4.026943751089087087e+00
4.026299321474775539e+00
4.025667835282461304e+00
4.025050185769026179e+00
4.024447220140685566e+00
4.023859722412340467e+00
4.023288396016177160e+00
4.022733846446846506e+00
4.022196564236179661e+00
4.021676908557085817e+00
4.021175091763873333e+00
4.020691165186815574e+00
4.020225006512492705e+00
4.019776309097268019e+00
4.019344573578657709e+00
4.018929102164314315e+00
4.018528995987823649e+00
4.018143155919369214e+00
4.017770287201784640e+00
4.017408908242341425e+00
4.017057363822233995e+00
4.016713842884437113e+00
4.016376400922573531e+00
4.016042986820173688e+00
4.015711473784607577e+00
4.015379693792803018e+00
4.015045474730090547e+00
4.014706679178549287e+00
4.014361243619163133e+00
4.014007216674995604e+00
4.013642794962134275e+00
4.013266355145774789e+00
4.012876480928902367e+00
4.012471983924998931e+00
4.012051917670935275e+00
4.011615584397564938e+00
4.011162534559631787e+00
4.010692559501638499e+00
4.010205677969990390e+00
4.009702117445898217e+00
4.009182291452985325e+00
4.008646774082371245e+00
4.008096272979179808e+00
4.007531601964400281e+00
4.006953654346339100e+00
4.006363377831159589e+00
4.005761751824099548e+00
4.005149767847937525e+00
4.004528413944686172e+00
4.003898664273637387e+00
4.003261476334310842e+00
4.002617799978414936e+00
4.001968607933383382e+00
4.001314963482553999e+00
4.000658165146600886e+00
4.000000000000000000e+00
