4.045658660793447936e+00
4.044902701813165358e+00
4.044147974741939322e+00
4.043394418506596644e+00
4.042641989200857822e+00
4.041890666750968641e+00
4.041140448289883835e+00
4.040391342463363067e+00
4.039643368002052704e+00
4.038896554682327888e+00
4.038150944973343037e+00
4.037406595643034279e+00
4.036663579296793536e+00
4.035921986033186748e+00
4.035181925376005729e+00
4.034443528539070734e+00
4.033706950993596330e+00
4.032972375246946406e+00
4.032240013707078852e+00
4.031510111497642157e+00
4.030782949079831035e+00
4.030058844545873598e+00
4.029338155451165804e+00
4.028621280059197396e+00
4.027908657890225008e+00
4.027200769474585940e+00
4.026498135230777820e+00
4.025801313410242166e+00
4.025110897071396465e+00
4.024427510067879687e+00
4.023751802061156013e+00
4.023084442585661336e+00
4.022426114216870019e+00
4.021777504908777168e+00
4.021139299582959126e+00
4.020512171063100659e+00
4.019896770459403967e+00
4.019293717115243858e+00
4.018703588234221691e+00
4.018126908312122936e+00
4.017564138502875970e+00
4.017015666052911271e+00
4.016481793944453926e+00
4.015962730895805244e+00
4.015458581875887667e+00
4.014969339300946238e+00
4.014494875093811643e+00
4.014034933799611515e+00
4.013589126965340981e+00
4.013156929003248941e+00
4.012737674767395291e+00
4.012330559077186720e+00
4.011934638418376053e+00
4.011548835038191818e+00
4.011171943624928460e+00
4.010802640719463241e+00
4.010439496945867432e+00
4.010080992069839034e+00
4.009725532796972303e+00
4.009371473110236117e+00
4.009017136822724758e+00
4.008660841893941118e+00
4.008300925933957259e+00
4.007935772210823089e+00
4.007563835394057250e+00
4.007183666222226215e+00
4.006793934283734870e+00
4.006393448160249449e+00
4.005981172308026750e+00
4.005556240257321043e+00
4.005117964011566833e+00
4.004665839989247189e+00
4.004199552513644456e+00
4.003718977047318717e+00
4.003224187121533717e+00
4.002715472749975412e+00
4.002193383348575217e+00
4.001658822168745466e+00
4.001113234226507664e+00
4.000558984152205788e+00
4.000000000000000000e+00
