4.045693232038927611e+00
4.044937279811827935e+00
4.044182413577281032e+00
4.043428695362857539e+00
4.042676114872521431e+00
4.041924654886005719e+00
4.041174309471894155e+00
4.040425084147766022e+00
4.039676995193582698e+00
4.038930070043931231e+00
4.038184348601685514e+00
4.037439884757170638e+00
4.036696747951578956e+00
4.035955024842529326e+00
4.035214821201666524e+00
4.034476264108196375e+00
4.033739504429359357e+00
4.033004719515354886e+00
4.032272115999320228e+00
4.031541932573123432e+00
4.030814442598535940e+00
4.030089956419236508e+00
4.029368823241304298e+00
4.028651432455710335e+00
4.027938214292752228e+00
4.027229639707316622e+00
4.026526219412772889e+00
4.025828502003077958e+00
4.025137071121942967e+00
4.024452541659750970e+00
4.023775554984337255e+00
4.023106773229997657e+00
4.022446872690426112e+00
4.021796536378458242e+00
4.021156445830936121e+00
4.020527272248803463e+00
4.019909667073971349e+00
4.019304252112067211e+00
4.018711609316363287e+00
4.018132270354684898e+00
4.017566706085166750e+00
4.017015316072388487e+00
4.016478418281030471e+00
4.015956239091341473e+00
4.015448903789664570e+00
4.014956427697151220e+00
4.014478708112217298e+00
4.014015517255326237e+00
4.013566496418105700e+00
4.013131151531847074e+00
4.012708850380259484e+00
4.012298821687238615e+00
4.011900156309211596e+00
4.011511810749830431e+00
4.011132613192620155e+00
4.010761272208576145e+00
4.010396388239680476e+00
4.010036467886310518e+00
4.009679940935169995e+00
4.009325179956123364e+00
4.008970522177439655e+00
4.008614293222452218e+00
4.008254832166226578e+00
4.007890517260657148e+00
4.007519791587005109e+00
4.007141187841313901e+00
4.006753351450353939e+00
4.006355061262622641e+00
4.005945247172660650e+00
4.005523004232401263e+00
4.005087603094615645e+00
4.004638497094668459e+00
4.004175326941330049e+00
4.003697925195655927e+00
4.003206324496003887e+00
4.002700777379594399e+00
4.002181800829456293e+00
4.001650272785037821e+00
4.001107622809281672e+00
4.000556214537366984e+00
4.000000000000000000e+00
