4.058570237774906886e+00
4.057796388907778606e+00
4.057023573563989238e+00
4.056251802456299238e+00
4.055481085638299454e+00
4.054711446679736042e+00
4.053942913825009597e+00
4.053175509386784725e+00
4.052409245746928512e+00
4.051644125518380157e+00
4.050880143742445760e+00
4.050117290445029106e+00
4.049355552886485299e+00
4.048594917300858853e+00
4.047835370152106371e+00
4.047076898982225224e+00
4.046319492926922834e+00
4.045563142963559677e+00
4.044807841951556959e+00
4.044053584522869116e+00
4.043300366876473539e+00
4.042548186524048681e+00
4.041797042023941522e+00
4.041046932729583041e+00
4.040297858568256295e+00
4.039549819857175983e+00
4.038802817157727709e+00
4.038056851164791183e+00
4.037311922625878680e+00
4.036568032284295171e+00
4.035825180840780568e+00
4.035083368928736647e+00
4.034342597099158212e+00
4.033602865812246918e+00
4.032864175433484633e+00
4.032126526232556962e+00
4.031389918384057580e+00
4.030654351969252147e+00
4.029919826978401787e+00
4.029186343313376995e+00
4.028453900790394115e+00
4.027722499142697643e+00
4.026992138023196333e+00
4.026262817007021155e+00
4.025534535593936702e+00
4.024807293210684200e+00
4.024081089213206397e+00
4.023355922888748104e+00
4.022631793457970950e+00
4.021908700076925136e+00
4.021186641838973230e+00
4.020465617776717515e+00
4.019745626863847399e+00
4.019026668017018800e+00
4.018308740097720211e+00
4.017591841914105899e+00
4.016875972222943680e+00
4.016161129731559143e+00
4.015447313099864246e+00
4.014734520942687013e+00
4.014022751831752167e+00
4.013312004298101421e+00
4.012602276834677184e+00
4.011893567898899171e+00
4.011185875915774801e+00
4.010479199281375529e+00
4.009773536367151614e+00
4.009068885525620018e+00
4.008365245098371332e+00
4.007662613428805365e+00
4.006960988882528163e+00
4.006260369881941230e+00
4.005560754964323067e+00
4.004862142882989140e+00
4.004164532778966112e+00
4.003467924478885998e+00
4.002772318964949783e+00
4.002077719047491655e+00
4.001384129743621898e+00
4.000691556989069753e+00
4.000000000000000000e+00
