4.058550348361062987e+00
4.057776915968436704e+00
4.057004500043452033e+00
4.056233115404158873e+00
4.055462770110110249e+00
4.054693471226986645e+00
4.053925228387468493e+00
4.053158053376800574e+00
4.052391958718030374e+00
4.051626955778913519e+00
4.050863053120166590e+00
4.050100255465824972e+00
4.049338563428643845e+00
4.048577973880022718e+00
4.047818480740938085e+00
4.047060075955921654e+00
4.046302750459796371e+00
4.045546495014589183e+00
4.044791300856675598e+00
4.044037160140877774e+00
4.043284066197462501e+00
4.042532013633587162e+00
4.041780998316390594e+00
4.041031017274471004e+00
4.040282068550350658e+00
4.039534151030390596e+00
4.038787264272095889e+00
4.038041408342426308e+00
4.037296583675178852e+00
4.036552790951147607e+00
4.035810031001592080e+00
4.035068304733441025e+00
4.034327613073541485e+00
4.033587956928756491e+00
4.032849337158735281e+00
4.032111754558462380e+00
4.031375209848148344e+00
4.030639703668469132e+00
4.029905236579607752e+00
4.029171809062963128e+00
4.028439421524679709e+00
4.027708074300416108e+00
4.026977767660929075e+00
4.026248501818229464e+00
4.025520276932131658e+00
4.024793093117081000e+00
4.024066950449234348e+00
4.023341848973735146e+00
4.022617788712160802e+00
4.021894769670184999e+00
4.021172791845435412e+00
4.020451855235535277e+00
4.019731959846387426e+00
4.019013105700695476e+00
4.018295292846734590e+00
4.017578521367447308e+00
4.016862791389782750e+00
4.016148103094453248e+00
4.015434456725906820e+00
4.014721852602791685e+00
4.014010291128800034e+00
4.013299772803899934e+00
4.012590298236068165e+00
4.011881868153524877e+00
4.011174483417840442e+00
4.010468145037554777e+00
4.009762854183374969e+00
4.009058612205055105e+00
4.008355420650832279e+00
4.007653281292021141e+00
4.006952196154671242e+00
4.006252167562879940e+00
4.005553198199129916e+00
4.004855291184608923e+00
4.004158450176663386e+00
4.003462679446524675e+00
4.002767983845189725e+00
4.002074368420554862e+00
4.001381837186475110e+00
4.000690388902291339e+00
4.000000000000000000e+00
