4.057349141173258289e+00
4.056577173418876470e+00
4.055806274456328353e+00
4.055036277668333078e+00
4.054267136641819924e+00
4.053498877575685277e+00
4.052731554021571370e+00
4.051965219359293435e+00
4.051199916147099955e+00
4.050435674455129309e+00
4.049672513892794257e+00
4.048910446438812372e+00
4.048149478971692083e+00
4.047389615185972289e+00
4.046630856915256480e+00
4.045873204974074433e+00
4.045116659641473156e+00
4.044361220897989107e+00
4.043606888506046104e+00
4.042853662003897952e+00
4.042101540667412785e+00
4.041350523475672141e+00
4.040600609102912522e+00
4.039851795947273061e+00
4.039104082196582013e+00
4.038357465926401879e+00
4.037611945222394638e+00
4.036867518318779879e+00
4.036124183746762739e+00
4.035381940489610741e+00
4.034640788143510903e+00
4.033900727086374260e+00
4.033161758657359819e+00
4.032423885351123616e+00
4.031687111029932602e+00
4.030951441156261694e+00
4.030216883047381238e+00
4.029483446152243076e+00
4.028751142350294856e+00
4.028019986271130115e+00
4.027289995633590358e+00
4.026561191602887391e+00
4.025833599164396759e+00
4.025107247512830000e+00
4.024382170455471197e+00
4.023658406828355183e+00
4.022936000923856170e+00
4.022215002927733707e+00
4.021495469363194353e+00
4.020777463538774299e+00
4.020061055995967969e+00
4.019346324951532878e+00
4.018633356728427586e+00
4.017922246168560640e+00
4.017213097019597612e+00
4.016506022287266831e+00
4.015801144543995171e+00
4.015098596184598634e+00
4.014398519619041927e+00
4.013701067392363875e+00
4.013006402222020874e+00
4.012314696942603121e+00
4.011626134347324957e+00
4.010940906915310578e+00
4.010259216411241390e+00
4.009581273338943319e+00
4.008907296222464112e+00
4.008237510670782378e+00
4.007572148152342528e+00
4.006911444351023199e+00
4.006255636880076132e+00
4.005604961958235677e+00
4.004959649366250929e+00
4.004319914465988006e+00
4.003685945223843134e+00
4.003057880498115395e+00
4.002435773505672145e+00
4.001819529007792475e+00
4.001208797207289614e+00
4.000602790208690251e+00
4.000000000000000000e+00
