4.058486492325389605e+00
4.057712794459249928e+00
4.056940037374054064e+00
4.056168300760296219e+00
4.055397625990162958e+00
4.054628024222899363e+00
4.053859496512238536e+00
4.053092042867088018e+00
4.052325664229285529e+00
4.051560362325311360e+00
4.050796139231661819e+00
4.050032997162158921e+00
4.049270938418199961e+00
4.048509965385535203e+00
4.047750080483128343e+00
4.046991286030134916e+00
4.046233584038658293e+00
4.045476975967144284e+00
4.044721462478730878e+00
4.043967043245417337e+00
4.043213716826887349e+00
4.042461480637160598e+00
4.041710330997368317e+00
4.040960263261851537e+00
4.040211271998406239e+00
4.039463351201828090e+00
4.038716494521491285e+00
4.037970695487246076e+00
4.037225947722033581e+00
4.036482245133385049e+00
4.035739582079050258e+00
4.034997953504340096e+00
4.034257355050312022e+00
4.033517783132973378e+00
4.032779234994439577e+00
4.032041708727660101e+00
4.031305203276859039e+00
4.030569718416325387e+00
4.029835254710674164e+00
4.029101813460124859e+00
4.028369396634636779e+00
4.027638006800891901e+00
4.026907647046122918e+00
4.026178320902744190e+00
4.025450032277499091e+00
4.024722785388494373e+00
4.023996584713070312e+00
4.023271434949013070e+00
4.022547340991161846e+00
4.021824307924986464e+00
4.021102341038138128e+00
4.020381445850722990e+00
4.019661628164464595e+00
4.018942894130810295e+00
4.018225250337673415e+00
4.017508703914148604e+00
4.016793262652630148e+00
4.016078935147545437e+00
4.015365730949667977e+00
4.014653660734752272e+00
4.013942736485502039e+00
4.013232971685479100e+00
4.012524381522708516e+00
4.011816983100896294e+00
4.011110795654290406e+00
4.010405840761372964e+00
4.009702142549693704e+00
4.008999727879434261e+00
4.008298626487298399e+00
4.007598871061045287e+00
4.006900497198111033e+00
4.006203543173580073e+00
4.005508049399501225e+00
4.004814057382478865e+00
4.004121607869695509e+00
4.003430737663035366e+00
4.002741474258641574e+00
4.002053826820360705e+00
4.001367771097843473e+00
4.000683223678978884e+00
4.000000000000000000e+00
