4.058550557577166096e+00
4.057776873539509666e+00
4.057004355235942938e+00
4.056233007379003830e+00
4.055462850667808539e+00
4.054693904194220266e+00
4.053926176748694488e+00
4.053159662905281735e+00
4.052394344346763155e+00
4.051630194127977092e+00
4.050867181332811207e+00
4.050105274777327402e+00
4.049344445409887250e+00
4.048584667584477437e+00
4.047825919534684402e+00
4.047068183360225113e+00
4.046311444759863818e+00
4.045555692662023084e+00
4.044800918837579751e+00
4.044047117534181446e+00
4.043294285145617728e+00
4.042542419917758423e+00
4.041791521688046451e+00
4.041041591654443543e+00
4.040292632169642850e+00
4.039544646556076479e+00
4.038797638937165146e+00
4.038051614080510276e+00
4.037306577249425210e+00
4.036562534060473162e+00
4.035819490346276517e+00
4.035077452024316891e+00
4.034336424973720803e+00
4.033596414922745232e+00
4.032857427349880730e+00
4.032119467401108714e+00
4.031382539825156819e+00
4.030646648927609377e+00
4.029911798543659884e+00
4.029177992028364130e+00
4.028445232262440001e+00
4.027713521671090646e+00
4.026982862253054130e+00
4.026253255616999205e+00
4.025524703022505868e+00
4.024797205423188196e+00
4.024070763509847382e+00
4.023345377751986973e+00
4.022621048436416658e+00
4.021897775702144351e+00
4.021175559571058322e+00
4.020454399974252802e+00
4.019734296774127635e+00
4.019015249782514232e+00
4.018297258775334058e+00
4.017580323504459372e+00
4.016864443707309995e+00
4.016149619114960601e+00
4.015435849459448647e+00
4.014723134480888689e+00
4.014011473935123142e+00
4.013300867602418442e+00
4.012591315297632910e+00
4.011882816882391012e+00
4.011175372279292439e+00
4.010468981488431339e+00
4.009763644606199051e+00
4.009059361846004421e+00
4.008356133560439183e+00
4.007653960264366155e+00
4.006952842657608649e+00
4.006252781644569438e+00
4.005553778346288674e+00
4.004855834097371670e+00
4.004158950414823614e+00
4.003463128932480686e+00
4.002768371304606276e+00
4.002074679171998106e+00
4.001382054172303526e+00
4.000690497196626616e+00
4.000000000000000000e+00
