1.999991378173427492e+01
1.999856757695962628e+01
1.999797841747299287e+01
1.999773938361258629e+01
1.999760740511499080e+01
1.999750615251257813e+01
1.999741250960826022e+01
1.999732793820400545e+01
1.999726738181469798e+01
1.999725336500521422e+01
1.999730909086313346e+01
1.999745229590377704e+01
1.999769143162229312e+01
1.999802462168487693e+01
1.999844085300636110e+01
1.999892241829590844e+01
1.999944770111005354e+01
1.999999370712180280e+01
2.000053805985783839e+01
2.000106040932531570e+01
2.000154332303167237e+01
2.000197277309603550e+01
2.000233831495038572e+01
2.000263304487348748e+01
2.000285339019920272e+01
2.000299878348141647e+01
2.000307125358965266e+01
2.000307497233670162e+01
2.000301578219827547e+01
2.000290073570766580e+01
2.000273766402952091e+01
2.000253479383847122e+01
2.000230041898367972e+01
2.000204263294287088e+01
2.000176912018455511e+01
2.000148700287097725e+01
2.000120273752651912e+01
2.000092205297697134e+01
2.000064992311432732e+01
2.000039056769947621e+01
2.000014747379469782e+01
1.999992343395576455e+01
1.999972059553529391e+01
1.999954051880921213e+01
1.999938423954975164e+01
1.999925233557834048e+01
1.999914499406440882e+01
1.999906207867505969e+01
1.999900319497206169e+01
1.999896775332967280e+01
1.999895502774259626e+01
1.999896421040514127e+01
1.999899446174208606e+01
1.999904495255037418e+01
1.999911490324041097e+01
1.999920361544025482e+01
1.999931049841877240e+01
1.999943508874890341e+01
1.999957706604652330e+01
1.999973626537881799e+01
1.999991268456576776e+01
2.000010648616422060e+01
2.000031799907965535e+01
2.000054772208299525e+01
2.000079631783880529e+01
2.000106461147763781e+01
2.000135357992873608e+01
2.000166434230197510e+01
2.000199813398589654e+01
2.000235626420323953e+01
2.000274002749339530e+01
2.000315055351364535e+01
2.000358852733149817e+01
2.000405375135907704e+01
2.000454424814618548e+01
2.000505496335785693e+01
2.000557459992357323e+01
2.000608152176550902e+01
2.000653320533897173e+01
2.000686817800613326e+01
2.000701035512611270e+01
