2.000208090940837735e+01
2.000039505141414509e+01
1.999960581240951640e+01
1.999935003469258987e+01
1.999944040611633156e+01
1.999974900248588838e+01
2.000013491601029259e+01
2.000047743137515965e+01
2.000069650919185449e+01
2.000075827804679207e+01
2.000066563554604926e+01
2.000044420179663263e+01
2.000012918659900407e+01
1.999975609048262726e+01
1.999935546971494560e+01
1.999895091272489722e+01
1.999855902067266911e+01
1.999819039166801460e+01
1.999785092490144578e+01
1.999754308256562041e+01
1.999726694986117437e+01
1.999702108312611415e+01
1.999680315915716378e+01
1.999661048043860134e+01
1.999644035978391443e+01
1.999629040901469423e+01
1.999615873931725218e+01
1.999604408320556814e+01
1.999594583403096593e+01
1.999586402129424556e+01
1.999579922274406840e+01
1.999575243516524026e+01
1.999572491498020455e+01
1.999571800699036928e+01
1.999573297540234407e+01
1.999577084986261610e+01
1.999583229577262955e+01
1.999591751478585167e+01
1.999602617739305899e+01
1.999615738900998352e+01
1.999630968500475703e+01
1.999648105289558231e+01
1.999666897515088593e+01
1.999687048857681759e+01
1.999708225454025623e+01
1.999730063501364796e+01
1.999752177222898197e+01
1.999774166598793812e+01
1.999795624778016645e+01
1.999816145069559781e+01
1.999835327068732482e+01
1.999852782227431547e+01
1.999868138421989272e+01
1.999881043987582885e+01
1.999891170516376349e+01
1.999898215397935175e+01
1.999901902953365607e+01
1.999901985228152057e+01
1.999898241953118472e+01
1.999890479438487745e+01
1.999878529434409202e+01
1.999862246718946679e+01
1.999841506633537591e+01
1.999816202190802983e+01
1.999786239805374422e+01
1.999751536702602905e+01
1.999712016426579098e+01
1.999667606027458788e+01
1.999618233431262837e+01
1.999563826905298214e+01
1.999504318758029697e+01
1.999439657208040799e+01
1.999369832226198795e+01
1.999294936045352244e+01
1.999215258377108384e+01
1.999131502943757255e+01
1.999045057514466350e+01
1.998958764606848248e+01
1.998877853574619579e+01
1.998814107315465449e+01
1.998788832500576973e+01
