2.000016523508800503e+01
2.000080143162912805e+01
2.000034848065493520e+01
1.999951633907472726e+01
1.999860896598567805e+01
1.999773891606792731e+01
1.999693803180813489e+01
1.999620377634113311e+01
1.999552858601864358e+01
1.999490784181275771e+01
1.999434039739793789e+01
1.999382642013972600e+01
1.999336592141455426e+01
1.999295817954616439e+01
1.999260178262666088e+01
1.999229482912853584e+01
1.999203505768436528e+01
1.999181984996735295e+01
1.999164615749515050e+01
1.999151042626404973e+01
1.999140857927055848e+01
1.999133608155610631e+01
1.999128808104800115e+01
1.999125960571600658e+01
1.999124578589201207e+01
1.999124207479763626e+01
1.999124444628255759e+01
1.999124955494274403e+01
1.999125484961820831e+01
1.999125863908956191e+01
1.999126010873036918e+01
1.999125929251687595e+01
1.999125700527083893e+01
1.999125474160807769e+01
1.999125454865635376e+01
1.999125888078208746e+01
1.999127044459421043e+01
1.999129204224976064e+01
1.999132642075928246e+01
1.999137613427365068e+01
1.999144342488199300e+01
1.999153012627138892e+01
1.999163759303630883e+01
1.999176665682572818e+01
1.999191760896890813e+01
1.999209020852884677e+01
1.999228371229913037e+01
1.999249692404218592e+01
1.999272825892102645e+01
1.999297581953631209e+01
1.999323747721902222e+01
1.999351095801103284e+01
1.999379392632534547e+01
1.999408406603488331e+01
1.999437915346414130e+01
1.999467712270513076e+01
1.999497612129019330e+01
1.999527455222153804e+01
1.999557110852109787e+01
1.999586479266972461e+01
1.999615492729556010e+01
1.999644115528000299e+01
1.999672343225407900e+01
1.999700200864327115e+01
1.999727741283269822e+01
1.999755042585095310e+01
1.999782206150528197e+01
1.999809355488342888e+01
1.999836636217326813e+01
1.999864220360406364e+01
1.999892314607028254e+01
1.999921178466443195e+01
1.999951156473766645e+01
1.999982731094374699e+01
2.000016607666147195e+01
2.000053830714781711e+01
2.000095889396346749e+01
2.000144622436774000e+01
2.000201258026543272e+01
2.000262883454795571e+01
2.000311632081866264e+01
