2.283186427252813999e+01
2.249380570086621844e+01
2.216369119502288498e+01
2.184721214756463326e+01
2.154983994005730352e+01
2.127657445139427850e+01
2.103140788447257847e+01
2.081689580280479390e+01
2.063396160575285876e+01
2.048194508133606107e+01
2.035884596994099383e+01
2.026168760212617670e+01
2.018692143664717875e+01
2.013080556084630146e+01
2.008971234066943978e+01
2.006034459758204491e+01
2.003985999252869021e+01
2.002591697893542744e+01
2.001666233901412184e+01
2.001068138949692710e+01
2.000692929834569256e+01
2.000465757398986355e+01
2.000334497605610196e+01
2.000263795347431639e+01
2.000230249482228828e+01
2.000218719221506802e+01
2.000219612526890955e+01
2.000226971609580673e+01
2.000237165977626930e+01
2.000248027665869088e+01
2.000258293883156924e+01
2.000267256381181014e+01
2.000274544931990306e+01
2.000279995496373076e+01
2.000283570608450034e+01
2.000285311203389682e+01
2.000285307289800585e+01
2.000283679812682891e+01
2.000280569201117231e+01
2.000276128031795864e+01
2.000270516167949708e+01
2.000263897568855853e+01
2.000256437997898828e+01
2.000248303501511060e+01
2.000239659111137414e+01
2.000230667817578123e+01
2.000221489654670748e+01
2.000212280794178454e+01
2.000203192786575812e+01
2.000194371792939307e+01
2.000185958018611387e+01
2.000178085258005467e+01
2.000170880680058261e+01
2.000164464748296922e+01
2.000158951467340174e+01
2.000154448953692565e+01
2.000151060034751538e+01
2.000148883386660614e+01
2.000148014479540137e+01
2.000148547089485618e+01
2.000150574573552475e+01
2.000154191528159231e+01
2.000159495232386320e+01
2.000166587170260613e+01
2.000175574239553100e+01
2.000186570164130728e+01
2.000199696122196258e+01
2.000215080696705883e+01
2.000232858430046079e+01
2.000253166781958214e+01
2.000276138556696992e+01
2.000301892027440331e+01
2.000330509507939070e+01
2.000362015846591035e+01
2.000396329700788911e+01
2.000433249551142723e+01
2.000472312810256525e+01
2.000512890139528466e+01
2.000553403752433468e+01
2.000591622901251654e+01
2.000614115991629660e+01
