2.399880484978787720e+01
2.418433362426568323e+01
2.428496241168108227e+01
2.429478732811661246e+01
2.421594267204637418e+01
2.405924084117101103e+01
2.384069636693417138e+01
2.357804724911499861e+01
2.328791079383689322e+01
2.298428155792204564e+01
2.267814683577023871e+01
2.237777846851883723e+01
2.208926255976768260e+01
2.181700414019298861e+01
2.156410417491627740e+01
2.133260862717315121e+01
2.112367011253308391e+01
2.093766598997017425e+01
2.077430400555044443e+01
2.063273107403170670e+01
2.051164888612171922e+01
2.040943283915110129e+01
2.032424794365104859e+01
2.025415523779368243e+01
2.019720366726093630e+01
2.015150442453253277e+01
2.011528677248997710e+01
2.008693599059804669e+01
2.006501529014622420e+01
2.004827423707158829e+01
2.003564653503832815e+01
2.002624002265780589e+01
2.001932146874139917e+01
2.001429841706258372e+01
2.001069988113808762e+01
2.000815726007562390e+01
2.000638642301552395e+01
2.000517156459829593e+01
2.000435112754124134e+01
2.000380588968662110e+01
2.000344912186021773e+01
2.000321864682124939e+01
2.000307056606143163e+01
2.000297439921004283e+01
2.000290937687954695e+01
2.000286167507103485e+01
2.000282237596645984e+01
2.000278597578681072e+01
2.000274934350869316e+01
2.000271095246354491e+01
2.000267036668757470e+01
2.000262788541936487e+01
2.000258426786207977e+01
2.000254060511050369e+01
2.000249815857256053e+01
2.000245834921497590e+01
2.000242262603633492e+01
2.000239251543614927e+01
2.000236951332631818e+01
2.000235516094668498e+01
2.000235096423050862e+01
2.000235844977019184e+01
2.000237907178266283e+01
2.000241437259763089e+01
2.000246579482975662e+01
2.000253485492509498e+01
2.000262301005458809e+01
2.000273179393501621e+01
2.000286265656043838e+01
2.000301712646206909e+01
2.000319669044252890e+01
2.000340267898864255e+01
2.000363635060665857e+01
2.000389865372320841e+01
2.000419020160346051e+01
2.000451075956206637e+01
2.000485851813727933e+01
2.000522393257805120e+01
2.000557856271427326e+01
2.000583725431424753e+01
2.000585609674453735e+01
