2.000094072772388643e+01
2.035930880736173165e+01
2.070410844772204584e+01
2.103406375039427445e+01
2.134821232205321095e+01
2.164543660591193230e+01
2.192422461476093076e+01
2.218265218105369740e+01
2.241844079699857772e+01
2.262906083186925343e+01
2.281186222990049828e+01
2.296422919312183097e+01
2.308375459220445336e+01
2.316842767612946119e+01
2.321682422287721792e+01
2.322828403533342723e+01
2.320305760414460750e+01
2.314240299045797755e+01
2.304861634444336715e+01
2.292498526199115716e+01
2.277566293097041239e+01
2.260547137713550114e+01
2.241965207838984142e+01
2.222358961506753516e+01
2.202253719772032881e+01
2.182137121002380198e+01
2.162439592019061863e+01
2.143521081615933710e+01
2.125664364318729938e+01
2.109074401420513567e+01
2.093882666303470685e+01
2.080155045428546856e+01
2.067901890047819080e+01
2.057088948558949681e+01
2.047648173187207377e+01
2.039487693792358058e+01
2.032500532499877721e+01
2.026571864800473932e+01
2.021584804872798102e+01
2.017424806945870586e+01
2.013982840178664802e+01
2.011157523672356362e+01
2.008856412299220651e+01
2.006996612884651654e+01
2.005504890553951114e+01
2.004317402347691868e+01
2.003379171943592141e+01
2.002643397622156840e+01
2.002070666223343309e+01
2.001628128923217886e+01
2.001288680399356679e+01
2.001030171281108139e+01
2.000834673768623517e+01
2.000687812854864589e+01
2.000578169364020553e+01
2.000496756363207496e+01
2.000436567096809881e+01
2.000392190683066218e+01
2.000359489292637249e+01
2.000335330555608238e+01
2.000317368597804446e+01
2.000303867110094913e+01
2.000293557074284934e+01
2.000285524496604239e+01
2.000279121848141983e+01
2.000273899933826627e+01
2.000269554518322224e+01
2.000265886305363949e+01
2.000262770573674942e+01
2.000260134763750131e+01
2.000257943062527133e+01
2.000256187717937806e+01
2.000254885790102932e+01
2.000254081363792480e+01
2.000253854052530400e+01
2.000254325283188450e+01
2.000255675634564057e+01
2.000258140952981734e+01
2.000262040627588789e+01
2.000267434273382605e+01
2.000272679748013616e+01
