1.999963473018842208e+01
2.001526293918125177e+01
2.003934598126361877e+01
2.007379879142944290e+01
2.012053675428610333e+01
2.018132995676621633e+01
2.025761451882258513e+01
2.035031382875052941e+01
2.045969034706650902e+01
2.058526677214296186e+01
2.072581837129648008e+01
2.087942856769998912e+01
2.104359102030888451e+01
2.121534009319245939e+01
2.139139243227068832e+01
2.156828567163163513e+01
2.174250444235626389e+01
2.191058836673288113e+01
2.206922072778519350e+01
2.221529961773253348e+01
2.234599531559664598e+01
2.245879841448612524e+01
2.255156285366195945e+01
2.262254686137995918e+01
2.267045301581811145e+01
2.269446662502701528e+01
2.269428965996915792e+01
2.267016592545768461e+01
2.262289226176134349e+01
2.255381062288117278e+01
2.246477689625053031e+01
2.235810433423806742e+01
2.223648214735271367e+01
2.210287279757901402e+01
2.196039429087435124e+01
2.181219580834857652e+01
2.166133595141890211e+01
2.151067254322103395e+01
2.136277141928887247e+01
2.121983927135191550e+01
2.108368282059189269e+01
2.095569387691999808e+01
2.083685756523631838e+01
2.072777942171643417e+01
2.062872625476763133e+01
2.053967556429870100e+01
2.046036876279976013e+01
2.039036424454667795e+01
2.032908731288765125e+01
2.027587495158592290e+01
2.023001429841978549e+01
2.019077439758247294e+01
2.015743134228725708e+01
2.012928729058799249e+01
2.010568405314349860e+01
2.008601205616346164e+01
2.006971550047067154e+01
2.005629449799002018e+01
2.004530489185222564e+01
2.003635637292627436e+01
2.002910941088249785e+01
2.002327142539228078e+01
2.001859252300128134e+01
2.001486107360363675e+01
2.001189930767862890e+01
2.000955907984478799e+01
2.000771789143348300e+01
2.000627523159090515e+01
2.000514927221506412e+01
2.000427391852946357e+01
2.000359620990604625e+01
2.000307406706151525e+01
2.000267429884234005e+01
2.000237089754046593e+01
2.000214325827185746e+01
2.000197472023171841e+01
2.000184966370203554e+01
2.000175259406147887e+01
2.000165940441888068e+01
2.000154433194130377e+01
2.000132393697276711e+01
