2.000036833031370165e+01
2.000015299732820750e+01
2.000010630304926096e+01
2.000011321708589307e+01
2.000010833450607350e+01
2.000009149438191258e+01
2.000006943825163930e+01
2.000004728039227686e+01
2.000002713455141290e+01
2.000000967866333212e+01
1.999999495308749076e+01
1.999998277453725493e+01
1.999997289415590274e+01
1.999996505622463516e+01
1.999995901439485024e+01
1.999995454149473773e+01
1.999995142758879041e+01
1.999994948023715935e+01
1.999994852383825972e+01
1.999994840040141142e+01
1.999994896476650652e+01
1.999995008783135475e+01
1.999995165169418954e+01
1.999995355116275420e+01
1.999995569121691119e+01
1.999995798716229700e+01
1.999996036183163284e+01
1.999996274666760954e+01
1.999996507838880433e+01
1.999996729989339528e+01
1.999996935768676209e+01
1.999997120163644126e+01
1.999997278315117200e+01
1.999997405466034195e+01
1.999997496800393293e+01
1.999997547331035364e+01
1.999997551788725758e+01
1.999997504483423683e+01
1.999997399208463378e+01
1.999997229085609618e+01
1.999996986448537228e+01
1.999996662723123464e+01
1.999996248266693044e+01
1.999995732258875591e+01
1.999995102555902449e+01
1.999994345560314102e+01
1.999993446110033801e+01
1.999992387259655402e+01
1.999991150207441848e+01
1.999989714155212894e+01
1.999988056093986799e+01
1.999986150747406199e+01
1.999983970310370651e+01
1.999981484409682864e+01
1.999978659859258912e+01
1.999975460533417149e+01
1.999971847218132126e+01
1.999967777452811646e+01
1.999963205249259701e+01
1.999958081189135228e+01
1.999952351851656118e+01
1.999945960153725011e+01
1.999938844609876654e+01
1.999930939674019115e+01
1.999922175012934034e+01
1.999912476036552533e+01
1.999901763007487787e+01
1.999889951224558260e+01
1.999876950621180782e+01
1.999862666139572909e+01
1.999846996529486276e+01
1.999829835383933485e+01
1.999811069388407958e+01
1.999790581841121551e+01
1.999768246239709413e+01
1.999743958616737771e+01
1.999717628824204851e+01
1.999689519041012886e+01
1.999660679780443573e+01
1.999636410226258576e+01
1.999627807503566146e+01
