1.999830014753298713e+01
1.999850298304762219e+01
1.999892598626005480e+01
1.999934656421639545e+01
1.999970882303192354e+01
2.000004038946342888e+01
2.000040660602082099e+01
2.000088863317729704e+01
2.000157081538749893e+01
2.000253785690921404e+01
2.000387622259253462e+01
2.000567790846930905e+01
2.000804443029093349e+01
2.001109047936173724e+01
2.001494650914241902e+01
2.001976042355775576e+01
2.002569824034126356e+01
2.003294385607844319e+01
2.004169796018994631e+01
2.005217614362497258e+01
2.006460613368274082e+01
2.007922433463414080e+01
2.009627153829742952e+01
2.011598807170144099e+01
2.013860835496751633e+01
2.016435509237621915e+01
2.019343320618355975e+01
2.022602373478835602e+01
2.026227779100379323e+01
2.030231082520916885e+01
2.034619726230474157e+01
2.039396571303480954e+01
2.044559481309837423e+01
2.050100981852472870e+01
2.056007998767069367e+01
2.062261680952167708e+01
2.068837308515621132e+01
2.075704286055072600e+01
2.082826219919839517e+01
2.090161077240964360e+01
2.097661423341835274e+01
2.105274735986712997e+01
2.112943793947263771e+01
2.120607139705080257e+01
2.128199616080611278e+01
2.135652979276884977e+01
2.142896590166681392e+01
2.149858187828210632e+01
2.156464748434997958e+01
2.162643431873489774e+01
2.168322616401360037e+01
2.173433018903686786e+01
2.177908892616623504e+01
2.181689289058948589e+01
2.184719363446733453e+01
2.186951694430119986e+01
2.188347580149910954e+01
2.188878265486401986e+01
2.188526046540007997e+01
2.187285194957590662e+01
2.185162642664283794e+01
2.182178370072748308e+01
2.178365448361140366e+01
2.173769699873469108e+01
2.168448958846561325e+01
2.162471937106752762e+01
2.155916725419638880e+01
2.148868991688453889e+01
2.141419967504327815e+01
2.133664357662901168e+01
2.125698344965747921e+01
2.117617975839803535e+01
2.109518282448474480e+01
2.101493938537116080e+01
2.093642362510739829e+01
2.086072163868207241e+01
2.078919304862653661e+01
2.072382803083170089e+01
2.066783483325497883e+01
2.062697790267340281e+01
2.061094880383461714e+01
