2.000061410918658211e+01
1.999849870469040169e+01
1.999740273838218485e+01
1.999715930232088468e+01
1.999742387476747751e+01
1.999788715335231970e+01
1.999837084097867290e+01
1.999879719686758150e+01
1.999915793962392385e+01
1.999948235359256543e+01
1.999981638675807361e+01
2.000021002002696591e+01
2.000071177669364886e+01
2.000136772391078921e+01
2.000222300720679769e+01
2.000332453196104865e+01
2.000472376485477000e+01
2.000647921093343484e+01
2.000865829441887200e+01
2.001133866172957099e+01
2.001460887969916413e+01
2.001856875802684144e+01
2.002332921845888691e+01
2.002901189931846204e+01
2.003574846746922233e+01
2.004367967806020445e+01
2.005295411873672151e+01
2.006372671522601436e+01
2.007615686691744372e+01
2.009040632726609132e+01
2.010663673590668310e+01
2.012500690129036585e+01
2.014566982115570681e+01
2.016876952731420758e+01
2.019443780178256276e+01
2.022279083796133037e+01
2.025392592537349046e+01
2.028791823291565422e+01
2.032481775901405285e+01
2.036464652269573250e+01
2.040739604325083079e+01
2.045302516826150807e+01
2.050145827617843253e+01
2.055258388980821849e+01
2.060625370769117382e+01
2.066228207194240341e+01
2.072044586412752309e+01
2.078048483140441505e+01
2.084210233525778833e+01
2.090496651668760819e+01
2.096871187367178280e+01
2.103294124961377776e+01
2.109722823988691687e+01
2.116112002564262085e+01
2.122414065071680866e+01
2.128579476716430818e+01
2.134557187190881322e+01
2.140295105800569786e+01
2.145740631761004735e+01
2.150841240069411953e+01
2.155545124426982539e+01
2.159801896101140883e+01
2.163563335473941862e+01
2.166784191054432895e+01
2.169423017794003172e+01
2.171443045602540067e+01
2.172813069126443963e+01
2.173508354903571771e+01
2.173511575768527138e+01
2.172813809321747414e+01
2.171415693873969488e+01
2.169328945011999465e+01
2.166578575863930567e+01
2.163206622396204892e+01
2.159278359015015525e+01
2.154893843560449440e+01
2.150206984657351228e+01
2.145462444167597127e+01
2.141051823536270859e+01
2.137632401564624018e+01
2.136239357758313417e+01
