1.999995946279331704e+01
1.999986688037505544e+01
2.000031562977239474e+01
2.000075545343906569e+01
2.000091591887047571e+01
2.000076902623120390e+01
2.000037362008116304e+01
1.999982048669746248e+01
1.999919672642927893e+01
1.999857308802912570e+01
1.999800015273282838e+01
1.999750996672155523e+01
1.999711938317106075e+01
1.999683366841533783e+01
1.999664980024792982e+01
1.999655923983145911e+01
1.999655025977012812e+01
1.999660979255251547e+01
1.999672481002153290e+01
1.999688325506887310e+01
1.999707458585266551e+01
1.999728996166635397e+01
1.999752222870858276e+01
1.999776574695986398e+01
1.999801617283211996e+01
1.999827023755712929e+01
1.999852557470006076e+01
1.999878058705709449e+01
1.999903438408907519e+01
1.999928675127545219e+01
1.999953816889360070e+01
1.999978984620325306e+01
2.000004377953712265e+01
2.000030281598906612e+01
2.000057072444672102e+01
2.000085227240827379e+01
2.000115330592700857e+01
2.000148083301786173e+01
2.000184311191727105e+01
2.000224974179099746e+01
2.000271175802090440e+01
2.000324172728574013e+01
2.000385384509873532e+01
2.000456403040977804e+01
2.000539001844538234e+01
2.000635144826472711e+01
2.000746994497808373e+01
2.000876919239305352e+01
2.001027499798193077e+01
2.001201534462652987e+01
2.001402042883721677e+01
2.001632268307369245e+01
2.001895677753817893e+01
2.002195960376993256e+01
2.002537022610830064e+01
2.002922981208777387e+01
2.003358152126584812e+01
2.003847036756935651e+01
2.004394303407366351e+01
2.005004765004188982e+01
2.005683351758381860e+01
2.006435079217828843e+01
2.007265009101291753e+01
2.008178205309082998e+01
2.009179678404551339e+01
2.010274320254637104e+01
2.011466817542492436e+01
2.012761538278200035e+01
2.014162368662736569e+01
2.015672470164381025e+01
2.017293899130772417e+01
2.019026991391313786e+01
2.020869358234859803e+01
2.022814181171164805e+01
2.024847424198197032e+01
2.026942943922460927e+01
2.029054684423157795e+01
2.031102253745442709e+01
2.032948886890779150e+01
2.034355537470966624e+01
2.034934634715318680e+01
