2.000066926092896225e+01
2.000119299316385124e+01
2.000158915810176552e+01
2.000171458288841464e+01
2.000167317046520310e+01
2.000156901922102648e+01
2.000144316861385363e+01
2.000131430457450676e+01
2.000118943250253878e+01
2.000107186453619690e+01
2.000096280145211480e+01
2.000086255023904158e+01
2.000077090262970714e+01
2.000068743320850118e+01
2.000061161719737868e+01
2.000054291007759844e+01
2.000048077204485608e+01
2.000042468404733498e+01
2.000037415180425882e+01
2.000032870921799244e+01
2.000028791305403786e+01
2.000025134721961706e+01
2.000021861681480928e+01
2.000018934875280863e+01
2.000016318888767586e+01
2.000013980071117814e+01
2.000011886276008610e+01
2.000010006824488329e+01
2.000008312061191162e+01
2.000006773415088546e+01
2.000005363016532911e+01
2.000004053587023378e+01
2.000002818141101102e+01
2.000001629828554073e+01
2.000000461684167519e+01
1.999999286407924970e+01
1.999998076107055311e+01
1.999996802097709292e+01
1.999995434622049117e+01
1.999993942615305542e+01
1.999992293454929637e+01
1.999990452702648369e+01
1.999988383802346803e+01
1.999986047908581455e+01
1.999983403424120354e+01
1.999980405942394768e+01
1.999977007863472878e+01
1.999973158017965957e+01
1.999968801520750716e+01
1.999963879427336622e+01
1.999958328382591333e+01
1.999952080316980840e+01
1.999945062137207685e+01
1.999937195567439829e+01
1.999928396485457682e+01
1.999918574824366146e+01
1.999907634223752240e+01
1.999895471838020455e+01
1.999881977367236985e+01
1.999867033640234837e+01
1.999850515312312993e+01
1.999832289353776105e+01
1.999812213942763606e+01
1.999790138634399028e+01
1.999765903403543632e+01
1.999739339301668295e+01
1.999710266521093516e+01
1.999678495755128438e+01
1.999643825657804896e+01
1.999606044887597989e+01
1.999564929956622450e+01
1.999520246028030712e+01
1.999471746403622063e+01
1.999419181274542368e+01
1.999362303212410907e+01
1.999300956939018192e+01
1.999235198229462895e+01
1.999166050466980948e+01
1.999096677390133081e+01
1.999037809417927747e+01
1.999012564402073622e+01
