1.999969414846379578e+01
1.999982093563201602e+01
2.000010935008796409e+01
2.000055929640181063e+01
2.000105970605914507e+01
2.000154961485947069e+01
2.000200916553700381e+01
2.000242804709896305e+01
2.000279437040185826e+01
2.000309605590520334e+01
2.000332622154855500e+01
2.000348592777414325e+01
2.000358353770669950e+01
2.000363186864878173e+01
2.000364484606907922e+01
2.000363479797944422e+01
2.000361087036846897e+01
2.000357854826949833e+01
2.000354000712957969e+01
2.000349494420743568e+01
2.000344156740171542e+01
2.000337752659831025e+01
2.000330064575962652e+01
2.000320941432743993e+01
2.000310323880071195e+01
2.000298249655431349e+01
2.000284844256124117e+01
2.000270302972667480e+01
2.000254868416578802e+01
2.000238807932377583e+01
2.000222393059344839e+01
2.000205882839851057e+01
2.000189511438342294e+01
2.000173480175498497e+01
2.000157953412146483e+01
2.000143057659811774e+01
2.000128883116913769e+01
2.000115486834549472e+01
2.000102896847029044e+01
2.000091116768618349e+01
2.000080130338509932e+01
2.000069905763232470e+01
2.000060399532823752e+01
2.000051559784754573e+01
2.000043329076222065e+01
2.000035646617914509e+01
2.000028450084672471e+01
2.000021676980430385e+01
2.000015265675585852e+01
2.000009156171837077e+01
2.000003290680867352e+01
1.999997614008940872e+01
1.999992073813221083e+01
1.999986620805966808e+01
1.999981208948291922e+01
1.999975795512615662e+01
1.999970341103549742e+01
1.999964809962854773e+01
1.999959169787541313e+01
1.999953391927624935e+01
1.999947451522193020e+01
1.999941327652849665e+01
1.999935003230030617e+01
1.999928465586994619e+01
1.999921706436691338e+01
1.999914722276766099e+01
1.999907514705514089e+01
1.999900091095622656e+01
1.999892464890846000e+01
1.999884656042498676e+01
1.999876692111602239e+01
1.999868609155934251e+01
1.999860452745212314e+01
1.999852286313570460e+01
1.999844201214228789e+01
1.999836373344453122e+01
1.999829120185474451e+01
1.999823208087979154e+01
1.999820080918424381e+01
1.999823443688885760e+01
1.999837207538075745e+01
