1.999952363191903970e+01
1.999744735172182430e+01
1.999644103468782674e+01
1.999593897746379767e+01
1.999563497452859195e+01
1.999545912752756038e+01
1.999540427729725067e+01
1.999546289847738478e+01
1.999561186438019433e+01
1.999581929254258839e+01
1.999605412706142715e+01
1.999629249794736552e+01
1.999651977417457971e+01
1.999672956856777262e+01
1.999692132163237446e+01
1.999709770500166428e+01
1.999726248698188513e+01
1.999741910529202826e+01
1.999756991476063916e+01
1.999771597751274399e+01
1.999785721699205610e+01
1.999799278313357931e+01
1.999812148041455728e+01
1.999824216990175429e+01
1.999835407545990407e+01
1.999845697169170577e+01
1.999855124592047417e+01
1.999863785836812369e+01
1.999871821999844457e+01
1.999879402838208264e+01
1.999886708254748768e+01
1.999893910692299670e+01
1.999901159879810564e+01
1.999908571173705951e+01
1.999916217827335885e+01
1.999924127236224081e+01
1.999932280786830674e+01
1.999940616639641178e+01
1.999949034810619253e+01
1.999957403865128924e+01
1.999965568407316141e+01
1.999973357091596071e+01
1.999980590270398295e+01
1.999987087338692504e+01
1.999992673192359405e+01
1.999997183879925089e+01
2.000000471157882487e+01
2.000002406097486585e+01
2.000002881590454962e+01
2.000001813851777044e+01
1.999999143092359333e+01
1.999994833366631042e+01
1.999988871606771212e+01
1.999981266074249220e+01
1.999972044400432480e+01
1.999961251164582166e+01
1.999948944759835356e+01
1.999935195029080148e+01
1.999920080038254611e+01
1.999903683028136925e+01
1.999886089790654609e+01
1.999867386101022149e+01
1.999847654955078724e+01
1.999826975003810148e+01
1.999805418310577565e+01
1.999783048372258065e+01
1.999759918762140742e+01
1.999736069486128187e+01
1.999711524424227349e+01
1.999686285589801571e+01
1.999660324994785299e+01
1.999633575199364799e+01
1.999605911846320794e+01
1.999577145430994207e+01
1.999546995003296601e+01
1.999515125961032425e+01
1.999481166223542061e+01
1.999445222959258572e+01
1.999408606997808491e+01
1.999378245306334989e+01
1.999371958244591951e+01
