2.000017555917386147e+01
2.000178157832787207e+01
2.000257106763440618e+01
2.000315309640399875e+01
2.000365272168273023e+01
2.000401071834635047e+01
2.000418801292078896e+01
2.000418748774430000e+01
2.000404006757023367e+01
2.000378483648314898e+01
2.000345741375042152e+01
2.000308512519536563e+01
2.000268671152153388e+01
2.000227412578686526e+01
2.000185489629411961e+01
2.000143425176933221e+01
2.000101666815137946e+01
2.000060678476238962e+01
2.000020974973572407e+01
1.999983114166587228e+01
1.999947661438676150e+01
1.999915143492224701e+01
1.999886002515267336e+01
1.999860561332096154e+01
1.999839003249427449e+01
1.999821368070200123e+01
1.999807561908951925e+01
1.999797377706453361e+01
1.999790521508175445e+01
1.999786641059063541e+01
1.999785353064383031e+01
1.999786267078644642e+01
1.999789004650365243e+01
1.999793213373066436e+01
1.999798576029386510e+01
1.999804815495153321e+01
1.999811696170867492e+01
1.999819022836551241e+01
1.999826637711222688e+01
1.999834416395618319e+01
1.999842263202248205e+01
1.999850106314873344e+01
1.999857892945954418e+01
1.999865584814089559e+01
1.999873153966883166e+01
1.999880578969466782e+01
1.999887841653474752e+01
1.999894924343934477e+01
1.999901807551551514e+01
1.999908468383219429e+01
1.999914879334909656e+01
1.999921007685266261e+01
1.999926815610551145e+01
1.999932260461268285e+01
1.999937295762767064e+01
1.999941872629391071e+01
1.999945941457539433e+01
1.999949453665436749e+01
1.999952363975491920e+01
1.999954632453400549e+01
1.999956226739393728e+01
1.999957124002950337e+01
1.999957312959527300e+01
1.999956795250165698e+01
1.999955587181678851e+01
1.999953720135824398e+01
1.999951241306532879e+01
1.999948213104335082e+01
1.999944711563069433e+01
1.999940823553412628e+01
1.999936640110314201e+01
1.999932247260122509e+01
1.999927707290464340e+01
1.999923038148186549e+01
1.999918173100116192e+01
1.999912969097792370e+01
1.999907210837249139e+01
1.999901027509894647e+01
1.999895303465469709e+01
1.999894468909444001e+01
1.999906966369599104e+01
