6.083079338213126519e+00
5.981209059790077553e+00
5.879230134944552155e+00
5.777132011083640606e+00
5.674905210142902057e+00
5.572538218021846568e+00
5.470021157489668440e+00
5.367346503194142748e+00
5.264505032332734480e+00
5.161482982113184903e+00
5.058260790559093500e+00
4.954809053085451609e+00
4.851063304717380120e+00
4.746941737464748456e+00
4.642326322718010267e+00
4.537125732291063862e+00
4.431212553648920860e+00
4.324514637614353063e+00
4.216928231664693882e+00
4.108666211020135073e+00
4.000000000000000000e+00
