6.082035699719058108e+00
5.980163631655768697e+00
5.878183278476940110e+00
5.776084941298012865e+00
5.673857958275694280e+00
5.571491688733472891e+00
5.468973400848637034e+00
5.366294387667036148e+00
5.263443924529483731e+00
5.160414476358064384e+00
5.057183367223615278e+00
4.953737937492758370e+00
4.850026344130861311e+00
4.745996379650228469e+00
4.641532940908156490e+00
4.536547032686014447e+00
4.430907388938901015e+00
4.324515520997409546e+00
4.217264610247302592e+00
4.109055946467377929e+00
4.000000000000000000e+00
