6.080777249642062010e+00
5.978903006254052244e+00
5.876919980936083476e+00
5.774820608485950579e+00
5.672592445056121591e+00
5.570226090295577137e+00
5.467706634587749193e+00
5.365025963544023391e+00
5.262168397045878798e+00
5.159132254054245692e+00
5.055892023966408466e+00
4.952441449190054357e+00
4.848738153476856105e+00
4.744743799156329267e+00
4.640367771222753568e+00
4.535507543455085333e+00
4.430058149559418013e+00
4.323879962036588864e+00
4.216891699660293646e+00
4.108939359747284747e+00
4.000000000000000000e+00
