6.076377016206828685e+00
5.974514264091299154e+00
5.872534127976050122e+00
5.770427090077590471e+00
5.668191085865210255e+00
5.565819349543445149e+00
5.463299747476892954e+00
5.360612995233760003e+00
5.257754152625433441e+00
5.154693306223033566e+00
5.051431464854909237e+00
4.947939814994810170e+00
4.844212161109355819e+00
4.740222187542650012e+00
4.635938476272210451e+00
4.531324744484003908e+00
4.426306304592564800e+00
4.320783926061218416e+00
4.214645663946483545e+00
4.107744420120172713e+00
4.000000000000000000e+00
