6.074561493193083805e+00
5.972674807690607324e+00
5.870708490574921612e+00
5.768656570780386517e+00
5.666468165705433435e+00
5.564118297610048280e+00
5.461598348976596462e+00
5.358908931751306781e+00
5.256046431895093463e+00
5.152991427965236682e+00
5.049728948978898124e+00
4.946237108497360424e+00
4.842490988800520313e+00
4.738470364781488087e+00
4.634146835004297138e+00
4.529495956339283147e+00
4.424489388882800078e+00
4.319089496567957376e+00
4.213249373953168231e+00
4.106912147403075863e+00
4.000000000000000000e+00
