6.074771669862382595e+00
5.972874159721193621e+00
5.870843360990657622e+00
5.768686099116885124e+00
5.666424472437211257e+00
5.564076266484215161e+00
5.461611595365028826e+00
5.358984310722765265e+00
5.256157880745331745e+00
5.153115505948846042e+00
5.049852550150568220e+00
4.946360299253805159e+00
4.842618856768299729e+00
4.738605272336259056e+00
4.634290421242528879e+00
4.529640390283898199e+00
4.424621051645916125e+00
4.319192595389971245e+00
4.213311875178056276e+00
4.106933155049540929e+00
4.000000000000000000e+00
