6.074777977305227061e+00
5.972896467439180235e+00
5.870895154247786962e+00
5.768762790666922768e+00
5.666488285253905133e+00
5.564059762842005874e+00
5.461487870631843045e+00
5.358796285730029751e+00
5.255979632784558042e+00
5.152995986935724915e+00
5.049795826303873802e+00
4.946341672759803743e+00
4.842614121989284648e+00
4.738601166120378849e+00
4.634284589306338020e+00
4.529636762160012431e+00
4.424624334224955824e+00
4.319204727352407680e+00
4.213330765116193533e+00
4.106948865412334726e+00
4.000000000000000000e+00
