6.074662522935201814e+00
5.972782123070312643e+00
5.870791641504401248e+00
5.768683915454158040e+00
5.666450035634694515e+00
5.564079967693539075e+00
5.461560347699336404e+00
5.358872371562646286e+00
5.255995757366672905e+00
5.152912506764259604e+00
5.049602949305690203e+00
4.946044515391234242e+00
4.842225682373131335e+00
4.738153715733345095e+00
4.633835481974219128e+00
4.529247703276280568e+00
4.424333608984355237e+00
4.319018755465595660e+00
4.213231839923488486e+00
4.106909404409629261e+00
4.000000000000000000e+00
