6.074789766523946533e+00
5.972909823204532564e+00
5.870918993662595398e+00
5.768809147937563608e+00
5.666572009315106406e+00
5.564197952986569717e+00
5.461676303709124269e+00
5.358994570144427705e+00
5.256137346394368137e+00
5.153082899412282814e+00
5.049807704406554798e+00
4.946288205961367979e+00
4.842501025778545021e+00
4.738417304628671722e+00
4.634014479854986490e+00
4.529284523503119608e+00
4.424231040072758248e+00
4.318838772120417779e+00
4.213058428938380118e+00
4.106807789299858236e+00
4.000000000000000000e+00
