6.075306802116688942e+00
5.973426199177968243e+00
5.871435799657048094e+00
5.769327690098733363e+00
5.667091518814529216e+00
5.564716320786076587e+00
5.462190811161834247e+00
5.359503599933065132e+00
5.256641255921034706e+00
5.153589767717581260e+00
5.050331524599327437e+00
4.946848230205933561e+00
4.843113646991166199e+00
4.739098438220743503e+00
4.634767049152737961e+00
4.530085732037995250e+00
4.425014435221997999e+00
4.319510344500126386e+00
4.213529211416137343e+00
4.107038037038609701e+00
4.000000000000000000e+00
