6.074900126344146223e+00
5.973023230782272819e+00
5.871033832308779843e+00
5.768921667697560096e+00
5.666680895401153606e+00
5.564303094737098832e+00
5.461777684732557425e+00
5.359090251691126738e+00
5.256226863843013852e+00
5.153170485412214674e+00
5.049905306870951627e+00
4.946412084909346696e+00
4.842671164969901021e+00
4.738658599650745984e+00
4.634348349151793833e+00
4.529709133016481815e+00
4.424703703535196375e+00
4.319285778268052489e+00
4.213402614102678356e+00
4.106994160190232890e+00
4.000000000000000000e+00
