2.072916666689921072e+01
2.296626065383174975e+01
2.389930624807360715e+01
2.285424523818007358e+01
2.103251889805717312e+01
2.014427532457432690e+01
1.997122256935347551e+01
1.999317506698886504e+01
1.998436709261688904e+01
1.999876819535556294e+01
1.999511857655605596e+01
1.999908053645793515e+01
2.000400943525721686e+01
1.999248804767018939e+01
2.001061382146708567e+01
1.998736744987823499e+01
2.001316935735933811e+01
1.998798076627250708e+01
2.000944478163680884e+01
1.999407822028493342e+01
2.000185298472206341e+01
