1.999999999855302946e+01
1.999362245313184161e+01
1.999943683320057985e+01
2.000021720038499851e+01
1.999995938023215203e+01
2.000000842636111287e+01
1.999998928137855003e+01
2.000002469685138351e+01
1.999995403507193359e+01
2.000008256301402909e+01
1.999985633560314824e+01
2.000024450204433890e+01
1.999959460852013748e+01
2.000065199117495141e+01
1.999898696823551347e+01
2.000150806075070875e+01
1.999786584465023864e+01
2.000282503248339694e+01
1.999656306170037467e+01
2.000368353918593201e+01
1.999662476853677617e+01
