1.999999999736999357e+01
1.999910376367425258e+01
1.999156865544617290e+01
2.001068175197533350e+01
2.000498594607805458e+01
2.003180824702319640e+01
2.001463834641751660e+01
2.000195619517646861e+01
1.995726659675618464e+01
1.993975941590993983e+01
1.991966294920459291e+01
1.996531729606050121e+01
2.017012969597652017e+01
2.046763238924462769e+01
2.099798976810493301e+01
2.141930051755478459e+01
2.210319558244278326e+01
2.244863906202404280e+01
2.306705932944544557e+01
2.253485131835043731e+01
2.219408675679369480e+01
