2.000000000328790861e+01
2.000629734387089798e+01
2.002759571160411411e+01
1.997036873568756477e+01
2.003396752534102276e+01
1.995179948544638648e+01
2.007266120618245964e+01
1.994442624845063250e+01
2.010830443500355003e+01
1.992133245970750011e+01
2.005934386089988308e+01
1.988801843531567215e+01
1.996715747782044303e+01
1.992800610906384406e+01
2.000078277754336398e+01
2.027082961932938687e+01
2.049205102563202274e+01
2.099135043759768848e+01
2.135685220778311333e+01
2.188438173634800776e+01
2.210145269552594982e+01
