2.000000000334021522e+01
1.998569523241463131e+01
1.998712729682435096e+01
1.999395559040430825e+01
1.999730931529847666e+01
2.000143933112327588e+01
1.999828896524425659e+01
2.000221503000170031e+01
1.999729763376985048e+01
2.000313889064475958e+01
1.999652452312292539e+01
2.000366914033827470e+01
1.999631304439430579e+01
2.000354612966787826e+01
1.999668713153066335e+01
2.000309397770224962e+01
1.999700338492098339e+01
2.000305300718687462e+01
1.999678866104865094e+01
2.000329389593634843e+01
1.999605514073846280e+01
