1.999999999827958774e+01
2.006641872255221060e+01
2.012358455371770205e+01
2.017282513658016541e+01
2.024806328288171642e+01
2.019612550230563031e+01
1.998617548046059511e+01
1.979519474156371217e+01
1.975106415269932469e+01
1.981505752359921146e+01
1.991616336030401868e+01
1.998402446382532816e+01
2.000180641651299496e+01
2.000567027113892493e+01
2.000096803294019310e+01
1.999866891748185083e+01
1.999978046626620554e+01
2.000958481324194338e+01
2.001009320436289940e+01
2.001978663540995029e+01
2.001376256660660147e+01
