1.999999999695834063e+01
1.998797384065744254e+01
1.997376181951700858e+01
1.998614499367447550e+01
2.002330857734260050e+01
2.008522282808594994e+01
2.012193221553051004e+01
2.018790272017192322e+01
2.022850037932672507e+01
2.018037087622457904e+01
2.000262901834388174e+01
1.984429922969779625e+01
1.976678173430456198e+01
1.980236071915067342e+01
1.987190492476980808e+01
1.995003964013494269e+01
1.998313668820198430e+01
2.000500107990297138e+01
2.000059624195760577e+01
2.000393017994850808e+01
1.999604316292243311e+01
