1.999999999677236318e+01
2.001784843071504483e+01
1.999562956821532111e+01
2.001130242850573282e+01
1.999834433341335682e+01
2.001703700878454484e+01
2.000099046220971388e+01
2.000987065949164290e+01
1.999166183710728362e+01
1.999318748701964310e+01
1.997981153080964489e+01
1.998279063183028370e+01
2.000264542893926389e+01
2.003149723136161953e+01
2.007898116603834993e+01
2.010658066943280176e+01
2.016295971591643266e+01
2.018324720807796879e+01
2.020302155330809057e+01
2.012930819453407949e+01
2.008161256228777347e+01
