1.999999999866279410e+01
2.001541598990970883e+01
2.003015830915102313e+01
2.001344099589136860e+01
2.001544820046780870e+01
1.999630896195687768e+01
2.001135077413919916e+01
1.999954957884364504e+01
2.001479793735193624e+01
2.000340441139126213e+01
2.000653368433917123e+01
1.999712091680245862e+01
1.999022207135704221e+01
1.998690707972841096e+01
1.997883647098391080e+01
1.999821911098000626e+01
2.001280916896320505e+01
2.005668902325965419e+01
2.008050134683648125e+01
2.012914270951671725e+01
2.014005050129708252e+01
