6.077290005132113038e+00
5.975414225970895998e+00
5.873429383887572186e+00
5.771326830809016428e+00
5.669097502717647785e+00
5.566731081326643960e+00
5.464215971552057738e+00
5.361539367525070432e+00
5.258687238416305476e+00
5.155644066774085488e+00
5.052392346644670518e+00
4.948911378616636547e+00
4.845175960490684552e+00
4.741153460850236812e+00
4.636802511733219667e+00
4.532068814454516037e+00
4.426887618657596946e+00
4.321178101370973579e+00
4.214854237894140709e+00
4.107812006836716101e+00
4.000000000000000000e+00
