6.077908005952567194e+00
5.976015378691636570e+00
5.873923759838818093e+00
5.771520503791571777e+00
5.668750502293705473e+00
5.565687299682205769e+00
5.462511290149425491e+00
5.359369188719782073e+00
5.256267899140445010e+00
5.153117781928151508e+00
5.049825021211710840e+00
4.946327634758951319e+00
4.842587205933879702e+00
4.738574183312535659e+00
4.634260269967788837e+00
4.529614154370324997e+00
4.424601639022652577e+00
4.319182169850012798e+00
4.213311726434185722e+00
4.106936218682699646e+00
4.000000000000000000e+00
