6.078006197297890267e+00
5.976123509718812343e+00
5.874072160065708204e+00
5.771748620439954180e+00
5.669071927592615801e+00
5.566055025209500684e+00
5.462833956337702190e+00
5.359582468498020447e+00
5.256375326369286505e+00
5.153160012834294257e+00
5.049838005307695887e+00
4.946330360838713247e+00
4.842587139972259536e+00
4.738573646102437920e+00
4.634259869729862480e+00
4.529613958626114822e+00
4.424601594995229981e+00
4.319182257355873134e+00
4.213311818329733782e+00
4.106936400294399547e+00
4.000000000000000000e+00
