6.075266972770065443e+00
5.973389258554504977e+00
5.871402119065320946e+00
5.769296282527719200e+00
5.667062686426186602e+00
5.564691331294582710e+00
5.462171181929193153e+00
5.359489818631354652e+00
5.256633381937978911e+00
5.153586197841006467e+00
5.050331027136535589e+00
4.946848337157258690e+00
4.843116750840531282e+00
4.739111164480451777e+00
4.634803395908612345e+00
4.530157943937946463e+00
4.425133516033334047e+00
4.319675245151982423e+00
4.213719897251339219e+00
4.107183101639707345e+00
4.000000000000000000e+00
