6.074709871577871567e+00
5.972831914544510568e+00
5.870844880420757583e+00
5.768739057415705140e+00
5.666505111030271991e+00
5.564132713202663894e+00
5.461610556933032434e+00
5.358926195233235212e+00
5.256065956917639781e+00
5.153014638552412485e+00
5.049755372010005239e+00
4.946269103140798151e+00
4.842534538103552499e+00
4.738527383966848028e+00
4.634220549236824915e+00
4.529582865016743121e+00
4.424579609347085274e+00
4.319169987631680030e+00
4.213308117901269689e+00
4.106938028728734480e+00
4.000000000000000000e+00
