6.074704504412695272e+00
5.972826554531398990e+00
5.870839548447909451e+00
5.768733770432453944e+00
5.666499882764289175e+00
5.564127546811565850e+00
5.461605433733890180e+00
5.358921069716367391e+00
5.256060752945709957e+00
5.153009266702982316e+00
5.049749744437236565e+00
4.946263169729454567e+00
4.842528286496206924e+00
4.738520860028811121e+00
4.634213813754058719e+00
4.529576023268873541e+00
4.424572777830712234e+00
4.319163448602302502e+00
4.213302411494183275e+00
4.106934393448977261e+00
4.000000000000000000e+00
