6.074710956381407456e+00
5.972833071477249511e+00
5.870846245220064041e+00
5.768740790598410939e+00
5.666507412759329121e+00
5.564135789275358235e+00
5.461614534245353703e+00
5.358931043629000968e+00
5.256071371636148015e+00
5.153020023333101385e+00
5.049759821160563433e+00
4.946271586032294998e+00
4.842533999341677386e+00
4.738523052867436469e+00
4.634211937192240782e+00
4.529570050743567222e+00
4.424563061354504612e+00
4.319151122488722905e+00
4.213289486959223673e+00
4.106925215625865988e+00
4.000000000000000000e+00
