6.074722060895701325e+00
5.972844190001952214e+00
5.870857384227828213e+00
5.768751962147873336e+00
5.666518640605866075e+00
5.564147117067030024e+00
5.461626031657321079e+00
5.358942808080690234e+00
5.256083518694747880e+00
5.153032665594851736e+00
5.049773030475965818e+00
4.946285348654079428e+00
4.842548165178291342e+00
4.738537305420249979e+00
4.634225784645947144e+00
4.529582873147905531e+00
4.424574180616928309e+00
4.319159925473542216e+00
4.213295510916799103e+00
4.106928261211884923e+00
4.000000000000000000e+00
