6.074717580464413125e+00
5.972839699946868919e+00
5.870852880007143781e+00
5.768747447375564441e+00
5.666514123541804615e+00
5.564142615028685235e+00
5.461621578249697961e+00
5.358938463634357774e+00
5.256079382856293059e+00
5.153028888009753672e+00
5.049769816243073528e+00
4.946282949349133595e+00
4.842546855496019376e+00
4.738537332122700896e+00
4.634227305556271936e+00
4.529585865973637659e+00
4.424578378788541322e+00
4.319164728225045380e+00
4.213299991326215022e+00
4.106931116007300986e+00
4.000000000000000000e+00
