6.074717430929958972e+00
5.972839550236155759e+00
5.870852730064378022e+00
5.768747297133660190e+00
5.666513972940357746e+00
5.564142464027248991e+00
5.461621426846553717e+00
5.358938311872623039e+00
5.256079230848587081e+00
5.153028735958837814e+00
5.049769664529653035e+00
4.946282798629177080e+00
4.842546706913327448e+00
4.738537187481035140e+00
4.634227167590790231e+00
4.529585738412728269e+00
4.424578266422429351e+00
4.319164636513555422e+00
4.213299925919529620e+00
4.106931081616052026e+00
4.000000000000000000e+00
