6.074798183040246435e+00
5.972919500399592962e+00
5.870930638428692561e+00
5.768822740231285273e+00
5.666586809033613115e+00
5.564212533509062197e+00
5.461688547271720040e+00
5.359002293859651544e+00
5.256139859349310939e+00
5.153085792807491572e+00
5.049822893376335387e+00
4.946331956959487464e+00
4.842591490931372533e+00
4.738577347443065690e+00
4.634262354877840551e+00
4.529615727851464158e+00
4.424602688185854227e+00
4.319183293662081979e+00
4.213312519337720552e+00
4.106937253040503499e+00
4.000000000000000000e+00
