6.074714757239809693e+00
5.972836873647547229e+00
5.870850049850803387e+00
5.768744612014087281e+00
5.666511281538135769e+00
5.564139765104185287e+00
5.461618719704163460e+00
5.358935596574830207e+00
5.256076508656778223e+00
5.153026009607894586e+00
5.049766939340039507e+00
4.946280083880637335e+00
4.842544018969040742e+00
4.738534553195769661e+00
4.634224629417225572e+00
4.529583358280847349e+00
4.424576129130802116e+00
4.319162849014571037e+00
4.213298611786176373e+00
4.106930369711837336e+00
4.000000000000000000e+00
