6.074713543806401717e+00
5.972835659114129392e+00
5.870848834156628726e+00
5.768743394597520613e+00
5.666510061613461602e+00
5.564138541720120124e+00
5.461617491931050949e+00
5.358934363712810622e+00
5.256075270495593088e+00
5.153024766648692356e+00
5.049765693089304008e+00
4.946278837337539258e+00
4.842542777443766155e+00
4.738533325940701424e+00
4.634223431653298420e+00
4.529582214668672613e+00
4.424575076442749832e+00
4.319161940615790840e+00
4.213297917743449084e+00
4.106929979685384424e+00
4.000000000000000000e+00
