6.074712338011416080e+00
5.972834452536880612e+00
5.870847627213450437e+00
5.768742187016774103e+00
5.666508852725312906e+00
5.564137330348332355e+00
5.461616276395155012e+00
5.358933142042687336e+00
5.256074040707272133e+00
5.153023527312362795e+00
5.049764443699091387e+00
4.946277579206462605e+00
4.842541514090400234e+00
4.738532064983543179e+00
4.634222185881233358e+00
4.529581006742559701e+00
4.424573941532669252e+00
4.319160935797779821e+00
4.213297125082722694e+00
4.106929520449014603e+00
4.000000000000000000e+00
