6.074712272738281627e+00
5.972834387248902921e+00
5.870847561980177431e+00
5.768742121865683359e+00
5.666508787659672031e+00
5.564137265324159642e+00
5.461616211293131684e+00
5.358933076662529160e+00
5.256073974761620526e+00
5.153023460475287365e+00
5.049764375636391911e+00
4.946277509690848007e+00
4.842541443036590287e+00
4.738531992631886958e+00
4.634222112816049233e+00
4.529580934245395873e+00
4.424573871670207659e+00
4.319160872224264480e+00
4.213297073351909283e+00
4.106929489626162777e+00
4.000000000000000000e+00
