6.074798169742240184e+00
5.972919632615995233e+00
5.870930967654103938e+00
5.768823114338727187e+00
5.666587176963528094e+00
5.564212902610202072e+00
5.461688917138647348e+00
5.359002664172051844e+00
5.256140230580289341e+00
5.153086164651652368e+00
5.049823266633936214e+00
4.946332330285877710e+00
4.842591867384838267e+00
4.738577721266134191e+00
4.634262737437651936e+00
4.529616098803347590e+00
4.424603082419240607e+00
4.319183658542340432e+00
4.213312919641005294e+00
4.106937651763486130e+00
4.000000000000000000e+00
