2.000000000083794660e+01
1.997715836430758429e+01
1.997927485686425086e+01
1.998009720906836506e+01
1.997983558961557904e+01
1.997877908426571736e+01
1.998003794667228306e+01
1.999340911355409389e+01
2.003794238353051682e+01
2.013865770233809727e+01
2.031723295214948166e+01
2.057760994098800111e+01
2.090688420600352160e+01
2.126379391009130870e+01
2.160700654074413052e+01
2.185717279338275532e+01
2.197708491001115050e+01
2.187537706121777958e+01
2.162351694090111920e+01
2.119293986544440855e+01
2.100713805927580324e+01
