1.999999999536383299e+01
1.997753922024314477e+01
1.997881342324071952e+01
1.997973350598181241e+01
1.998001362921876733e+01
1.997928209666494581e+01
1.997923882574354693e+01
1.998595353830074117e+01
2.001383933586445352e+01
2.008361538740188124e+01
2.021945370019813026e+01
2.043090408603219643e+01
2.071889506009776838e+01
2.104994361342536280e+01
2.140069877913880703e+01
2.169341173426996505e+01
2.190909450701300898e+01
2.193044444002159210e+01
2.181503882884475232e+01
2.146002881993359068e+01
2.129700313233524867e+01
