6.076722033564141867e+00
6.025351184693475304e+00
5.974027970366361018e+00
5.922751062737032335e+00
5.871512707866743064e+00
5.820301297087699943e+00
5.769104452448966747e+00
5.717910661760666535e+00
5.666709973967267722e+00
5.615494125804234571e+00
5.564256386854550485e+00
5.512991296272534036e+00
5.461694383348014270e+00
5.410361914408343686e+00
5.358990681211397877e+00
5.307577832223928205e+00
5.256120742065776952e+00
5.204616912335894519e+00
5.153063896968109958e+00
5.101459246066126774e+00
5.049800463245910365e+00
4.998084972578989316e+00
4.946310092157455429e+00
4.894473012053333960e+00
4.842570775026745267e+00
4.790600258771958941e+00
4.738558158806041476e+00
4.686440971327844984e+00
4.634244975527813004e+00
4.581966214930189629e+00
4.529600477409888803e+00
4.477143273563460646e+00
4.424589813113853687e+00
4.371934979054668879e+00
4.319173299135372623e+00
4.266298914485809668e+00
4.213305544638649813e+00
4.160186449897258498e+00
4.106934392813164969e+00
4.053541627051560958e+00
4.000000000000000000e+00
