6.078051286814931231e+00
6.027127206080400867e+00
5.976176739692406592e+00
5.925198832313398611e+00
5.874192453209304610e+00
5.823156513149650770e+00
5.772089866736386021e+00
5.720991305733946319e+00
5.669859551553619426e+00
5.618693245733316743e+00
5.567490938257432020e+00
5.516251073595059395e+00
5.464971974540793198e+00
5.413651824178102423e+00
5.362288646532300973e+00
5.310880286699894981e+00
5.259424391397373277e+00
5.207918390937531505e+00
5.156359483601926641e+00
5.104744623237793988e+00
5.053070510685928163e+00
5.001333589372397803e+00
4.949530045105015041e+00
4.897655809835928409e+00
4.845706568907495182e+00
4.793677771102569096e+00
4.741564640675457021e+00
4.689362190441626943e+00
4.637065234942325809e+00
4.584668402666675746e+00
4.532166146290696140e+00
4.479552749894240016e+00
4.426822332085503575e+00
4.373968844028658154e+00
4.320986061240935427e+00
4.267867568280709456e+00
4.214606735209051713e+00
4.161196684200220375e+00
4.107630256126765467e+00
4.053900060561384855e+00
4.000000000000000000e+00
