6.074756858045013530e+00
6.023830906548385933e+00
5.972878500507513344e+00
5.921898572544612271e+00
5.870890091069674632e+00
5.819851967549779737e+00
5.768783061759823028e+00
5.717682177949581224e+00
5.666548061641320189e+00
5.615379396082149199e+00
5.564174798444046388e+00
5.512932815741210746e+00
5.461651920442421648e+00
5.410330505751796970e+00
5.358966880528500454e+00
5.307559263812751560e+00
5.256105778921973837e+00
5.204604447077016083e+00
5.153053180513986753e+00
5.101449775032307343e+00
5.049791901924034043e+00
4.998077099223199760e+00
4.946302762206831183e+00
4.894466133071192715e+00
4.842564289697667057e+00
4.790594133412200861e+00
4.738552375630302294e+00
4.686435523265987335e+00
4.634239862767180362e+00
4.581961442622705327e+00
4.529596054163361529e+00
4.477139210460874708e+00
4.424586123085739509e+00
4.371931676493421293e+00
4.319170399661784288e+00
4.266296434843114938e+00
4.213303502582374627e+00
4.160184863987528736e+00
4.106933280618258131e+00
4.053541003333084980e+00
4.000000000000000000e+00
