6.078912394348596315e+00
5.977039261506812196e+00
5.875052404819639307e+00
5.772924896444696863e+00
5.670617488675474327e+00
5.568079801186836875e+00
5.465263342675666713e+00
5.362139716464157324e+00
5.258716578392288454e+00
5.155040877082578632e+00
5.051180814910230410e+00
4.947191650067452429e+00
4.843087631727889253e+00
4.738838731127008153e+00
4.634387784895656281e+00
4.529669752927443227e+00
4.424622573340594833e+00
4.319188389418900265e+00
4.213312054235037962e+00
4.106935157265458436e+00
4.000000000000000000e+00
