6.078452434962230200e+00
5.976578259447498098e+00
5.874595399771794568e+00
5.772494711423255431e+00
5.670266937848034594e+00
5.567901709638983121e+00
5.465387444707156206e+00
5.362711057869951503e+00
5.259857464305856212e+00
5.156808812851951807e+00
5.053543456645646970e+00
4.950034773844468106e+00
4.846250049493048273e+00
4.742149653386952934e+00
4.637686796546972801e+00
4.532807759598206587e+00
4.427453179061324740e+00
4.321558835699426560e+00
4.215059361547448979e+00
4.107886963874721964e+00
4.000000000000000000e+00
