6.076873168832577221e+00
5.974997162807019535e+00
5.873012042577703262e+00
5.770908731312914597e+00
5.668678086094885771e+00
5.566309906921826922e+00
5.463792844088408707e+00
5.361114211597834078e+00
5.258259737021210967e+00
5.155213173539741511e+00
5.051955724843174345e+00
4.948465220152480804e+00
4.844715127733885573e+00
4.740673345397561356e+00
4.636301251835249992e+00
4.531552435449485827e+00
4.426372825273298339e+00
4.320698883508244492e+00
4.214460907942620516e+00
4.107577670029639805e+00
4.000000000000000000e+00
