6.075141107636014226e+00
5.973263389422196035e+00
5.871276395096855616e+00
5.769170697047298013e+00
5.666937066760212360e+00
5.564565295292283054e+00
5.462044147415166861e+00
5.359361199954501664e+00
5.256502657331860284e+00
5.153453127659270550e+00
5.050195364279054466e+00
4.946709923645303597e+00
4.842974770967036768e+00
4.738964658982972367e+00
4.634650523613432327e+00
4.529998279528427929e+00
4.424968214329886074e+00
4.319512553535531652e+00
4.213576113838186643e+00
4.107090946325075542e+00
4.000000000000000000e+00
