6.075023814569318503e+00
5.973146004028525802e+00
5.871158939756060846e+00
5.769053150251347795e+00
5.666819387782247475e+00
5.564447419942955442e+00
5.461925992408334984e+00
5.359242674730914757e+00
5.256383682917036282e+00
5.153333662383307257e+00
5.050075437977927351e+00
4.946589691178184367e+00
4.842854597375307435e+00
4.738845268389876075e+00
4.634533213896547821e+00
4.529885259636598605e+00
4.424862969903516685e+00
4.319420398299333996e+00
4.213504502309162625e+00
4.107050158173832344e+00
4.000000000000000000e+00
