6.074725256985857413e+00
5.972847283825263531e+00
5.870860244062534150e+00
5.768754549865485082e+00
5.666520921674710998e+00
5.564149049922476387e+00
5.461627567674230299e+00
5.358943909179125775e+00
5.256084156501682259e+00
5.153032859973937008e+00
5.049772832053926130e+00
4.946284898807735253e+00
4.842547619874625120e+00
4.738536924144971074e+00
4.634225737506179499e+00
4.529583397362871189e+00
4.424575226231291403e+00
4.319161429174911859e+00
4.213296924383119091e+00
4.106928825448351361e+00
4.000000000000000000e+00
