6.074788649170291599e+00
5.972910737557266536e+00
5.870923691928498833e+00
5.768817767619889736e+00
5.666583493040683983e+00
5.564210417577782231e+00
5.461687164252531979e+00
5.359001278238300969e+00
5.256138992503124996e+00
5.153084972372383277e+00
5.049822081780119376e+00
4.946331143127868479e+00
4.842590672032675236e+00
4.738576523263731133e+00
4.634261522865492644e+00
4.529614893011568277e+00
4.424601834298423242e+00
4.319182453800123334e+00
4.213311615142262490e+00
4.106936488560567255e+00
4.000000000000000000e+00
