6.074726774214763481e+00
5.972848805020759322e+00
5.870861777160852668e+00
5.768756110155347727e+00
5.666522534225094887e+00
5.564150752578421510e+00
5.461629413125257848e+00
5.358945965002264167e+00
5.256086501790911747e+00
5.153035577471829498e+00
5.049775994941417601e+00
4.946288552862313281e+00
4.842551761777742492e+00
4.738541480576393461e+00
4.634230546566902476e+00
4.529588203986406825e+00
4.424579688472677574e+00
4.319165163475897629e+00
4.213299567347749353e+00
4.106930178344746274e+00
4.000000000000000000e+00
