6.074726716621904998e+00
5.972848747343325826e+00
5.870861719380799038e+00
5.768756052312015825e+00
5.666522476412249709e+00
5.564150694978228451e+00
5.461629356049477302e+00
5.358945908939960034e+00
5.256086447455436961e+00
5.153035525834865460e+00
5.049775947237472806e+00
4.946288510543454642e+00
4.842551726401383760e+00
4.738541453608632104e+00
4.634230529108053886e+00
4.529588196409305212e+00
4.424579690054015302e+00
4.319165171967476624e+00
4.213299578787119692e+00
4.106930186781138303e+00
4.000000000000000000e+00
