6.074719952068856621e+00
5.972841974953134070e+00
5.870854937591054146e+00
5.768749260309772531e+00
5.666515674452576867e+00
5.564143885488618047e+00
5.461622545210071067e+00
5.358939108837357246e+00
5.256079678814625566e+00
5.153028821192916276e+00
5.049769354282230616e+00
4.946282095063693873e+00
4.842545574262574704e+00
4.738535670683125645e+00
4.634225238761529475e+00
4.529583532776935151e+00
4.424575788569546475e+00
4.319162153177076746e+00
4.213297533633905800e+00
4.106929151815971402e+00
4.000000000000000000e+00
