6.074719557575589235e+00
5.972841580164116593e+00
5.870854542620561389e+00
5.768748865147952820e+00
5.666515279050059029e+00
5.564143489726775194e+00
5.461622148885544981e+00
5.358938711663345345e+00
5.256079280452621738e+00
5.153028421334319376e+00
5.049768952798141086e+00
4.946281692257573859e+00
4.842545171238740842e+00
4.738535269903086267e+00
4.634224844743642713e+00
4.529583153137928697e+00
4.424575435093211162e+00
4.319161843604813811e+00
4.213297292793638071e+00
4.106929014426023095e+00
4.000000000000000000e+00
