6.074796808688723182e+00
5.972918248008369346e+00
5.870929570130556385e+00
5.768821731477261849e+00
5.666585796558069710e+00
5.564211518973559478e+00
5.461687531256774975e+00
5.359001275849291979e+00
5.256138839417765496e+00
5.153084770970270512e+00
5.049821869090821203e+00
4.946330930951105209e+00
4.842590461000302327e+00
4.738576317558141682e+00
4.634261315870647380e+00
4.529614697203268925e+00
4.424601630508083083e+00
4.319182272228369257e+00
4.213311424237142333e+00
4.106936300766763637e+00
4.000000000000000000e+00
