2.000000000001481482e+01
2.008064575636674221e+01
2.042896450897501381e+01
2.102074083450076003e+01
2.169508189936959042e+01
2.218533761079782707e+01
2.227562628047466475e+01
2.194038712747320119e+01
2.136660102994691357e+01
2.080646180706236237e+01
2.040671923963492418e+01
2.017844222370966989e+01
2.006838219847027460e+01
2.002240877459381707e+01
2.000535610940359632e+01
2.000053454786733553e+01
1.999863197238574131e+01
2.000012847680094552e+01
1.999770532898405406e+01
2.000255732803097786e+01
1.998368803068206034e+01
