1.999999999706265186e+01
1.998834931116913438e+01
1.998657541649185276e+01
1.998454277540493251e+01
1.998340371071775223e+01
1.998356469875248820e+01
1.998600787514943278e+01
1.999288009288015644e+01
2.000808289736130163e+01
2.003735021247910808e+01
2.008771754504080675e+01
2.016591203268577459e+01
2.027674522134275037e+01
2.042074755627474403e+01
2.059402079129757368e+01
2.078663284424172630e+01
2.098537327926008444e+01
2.117270983545267882e+01
2.132989664233238614e+01
2.144204210803857436e+01
2.147202512415242381e+01
