2.000000000025111646e+01
1.999113625625813739e+01
1.999008268016683942e+01
1.998803317663307766e+01
1.998607345352568032e+01
1.998462870132783564e+01
1.998420704540072634e+01
1.998557828120152280e+01
1.999017036428353222e+01
2.000050316381128823e+01
2.002036662883812212e+01
2.005475068804883776e+01
2.010887197193605758e+01
2.018766790232043462e+01
2.029311837075388425e+01
2.042628373139791265e+01
2.058029043029718963e+01
2.075379963128733962e+01
2.092466552403385549e+01
2.110170754275571525e+01
2.115981443183000010e+01
