2.000000000160823888e+01
1.998919862861612984e+01
1.999243616100325127e+01
1.999552007839747247e+01
1.999808220806308512e+01
1.999943246362163052e+01
1.999989409501795379e+01
1.999999433920159220e+01
2.000000635541810112e+01
2.000000974359656780e+01
2.000000304627657499e+01
2.000001499337413691e+01
1.999998873896606710e+01
2.000004192260508162e+01
1.999993610479486250e+01
2.000014595318372557e+01
1.999974410998369123e+01
2.000051316762239395e+01
1.999908583041267107e+01
2.000153917336688281e+01
1.999114738860998841e+01
