1.999999999891315383e+01
1.998909860631309243e+01
1.999032467483977626e+01
1.999074508547179008e+01
1.999118942970344648e+01
1.999150708643627894e+01
1.999161068788619744e+01
1.999142958537581549e+01
1.999092639697819962e+01
1.999014939400456470e+01
1.998917473224889818e+01
1.998825350367551223e+01
1.998753308624117508e+01
1.998764653355582155e+01
1.998862660303710115e+01
1.999212587833183008e+01
1.999730609306194395e+01
2.000868562441480947e+01
2.002153503253443390e+01
2.004772708781093726e+01
2.004727311963006287e+01
