2.000000000003815970e+01
1.998826675476125203e+01
1.998911765624869830e+01
1.998909740715033934e+01
1.998914642815420706e+01
1.998920878349193231e+01
1.998929989793918338e+01
1.998942826425997765e+01
1.998959510426310260e+01
1.998980660027271128e+01
1.999004181113573253e+01
1.999031574362499697e+01
1.999054717337405052e+01
1.999083011130694132e+01
1.999089383204142578e+01
1.999118456733149429e+01
1.999076153325939487e+01
1.999137357394216608e+01
1.998971009304263546e+01
1.999178637239109690e+01
1.998129303613086449e+01
