6.081092470349770629e+00
6.030169808748444993e+00
5.979220861556102662e+00
5.928244509682476959e+00
5.877239716492719701e+00
5.826205370758641422e+00
5.775140286119041733e+00
5.724043180186517255e+00
5.672912647757816451e+00
5.621747125693254965e+00
5.570544849731851045e+00
5.519303804736960473e+00
5.468021671575690412e+00
5.416695775468232554e+00
5.365323041827747552e+00
5.313899966003826414e+00
5.262422602780701730e+00
5.210886580049130856e+00
5.159287139072425532e+00
5.107619201613839088e+00
5.055877462254619203e+00
5.004056502717605603e+00
4.952150923917741920e+00
4.900155490604336528e+00
4.848065282559870681e+00
4.795875845107183899e+00
4.743583330001196252e+00
4.691184615704183436e+00
4.638677393917605585e+00
4.586060207717827630e+00
4.533332426663489123e+00
4.480494146731019534e+00
4.427546008754166706e+00
4.374488937915121944e+00
4.321323818153890883e+00
4.268051126436229303e+00
4.214670557625412428e+00
4.161180673084517778e+00
4.107578485711828264e+00
4.053858152348460919e+00
4.000000000000000000e+00
