6.074756806992243519e+00
6.023830855457829259e+00
5.972878449374400489e+00
5.921898521365669410e+00
5.870890039842491248e+00
5.819851916272493320e+00
5.768783010431421054e+00
5.717682126570269752e+00
5.666548010212746789e+00
5.615379344607501544e+00
5.564174746928135740e+00
5.512932764190620283e+00
5.461651868865765813e+00
5.410330454160127367e+00
5.358966828935891158e+00
5.307559212237076274e+00
5.256105727385897985e+00
5.204604395609200296e+00
5.153053129150507061e+00
5.101449723818289428e+00
5.049791850915484659e+00
4.998077048489037999e+00
4.946302711831082277e+00
4.894466083155337266e+00
4.842564240363095962e+00
4.790594084802728858e+00
4.738552327914685947e+00
4.686435476640364861e+00
4.634239817457355137e+00
4.581961398886171821e+00
4.529596012290977747e+00
4.477139170778067445e+00
4.424586085953150061e+00
4.371931642306887689e+00
4.319170368851584563e+00
4.266296407872419039e+00
4.213303479944895180e+00
4.160184846204318276e+00
4.106933268233147416e+00
4.053540996900228066e+00
4.000000000000000000e+00
