6.077555417946365779e+00
6.026587357160495984e+00
5.975506184291092815e+00
5.924316269034497040e+00
5.873031634820860880e+00
5.821674491658335171e+00
5.770271553053281544e+00
5.718849016260601381e+00
5.667427357619288841e+00
5.616018105426163309e+00
5.564623602030509986e+00
5.513239129162813335e+00
5.461855917193758181e+00
5.410463792504381253e+00
5.359052921899158051e+00
5.307614674888085915e+00
5.256141862861253955e+00
5.204628628132497603e+00
5.153070182820105316e+00
5.101462517145809450e+00
5.049802136572402844e+00
4.998085849659722690e+00
4.946310608175281232e+00
4.894473391782462990e+00
4.842571126845350626e+00
4.790600629368878316e+00
4.738558563897989018e+00
4.686441412261846295e+00
4.634245447866422118e+00
4.581966712641632355e+00
4.529600994740805575e+00
4.477143805742302085e+00
4.424590356509587430e+00
4.371935531087999927e+00
4.319173858161176938e+00
4.266299479557601693e+00
4.213306115429359622e+00
4.160187024840315217e+00
4.106934958694010263e+00
4.053542090955092547e+00
4.000000000000000000e+00
