2.000000000892923069e+01
1.999835779601272989e+01
1.999856144812512682e+01
1.999864505972913165e+01
1.999878812395329675e+01
1.999896796709265345e+01
1.999916880199883451e+01
1.999936824577665817e+01
1.999954689289289433e+01
1.999969288729845118e+01
1.999980284161170374e+01
1.999987983033205907e+01
1.999993032940552240e+01
1.999996156306263373e+01
1.999997987951855549e+01
1.999999010945231248e+01
1.999999556853706650e+01
1.999999835660122116e+01
1.999999971856666647e+01
2.000000035238665674e+01
2.000000063082380564e+01
2.000000074456822574e+01
2.000000078746107590e+01
2.000000080410430314e+01
2.000000081515309702e+01
2.000000083009263463e+01
2.000000085376176884e+01
2.000000088883093241e+01
2.000000093903915044e+01
2.000000100529575775e+01
2.000000110007967535e+01
2.000000121110496210e+01
2.000000140433714435e+01
2.000000155948742275e+01
2.000000206025553595e+01
2.000000207185769696e+01
2.000000336451362770e+01
1.999999929823786360e+01
1.999997448142239875e+01
1.999971318571989443e+01
1.999767881697607663e+01
