1.999999991372067143e+01
1.999834014433809060e+01
1.999849332482183684e+01
1.999848444093252908e+01
1.999848814014598730e+01
1.999848926648004976e+01
1.999849009465683380e+01
1.999849066649083440e+01
1.999849110129851937e+01
1.999849145247220150e+01
1.999849175398018986e+01
1.999849202902483469e+01
1.999849229559247021e+01
1.999849256939537412e+01
1.999849286566747253e+01
1.999849320034860867e+01
1.999849359090795886e+01
1.999849405696107851e+01
1.999849462072645068e+01
1.999849530734566372e+01
1.999849614509051321e+01
1.999849716543442213e+01
1.999849840300418080e+01
1.999849989538677519e+01
1.999850168282812035e+01
1.999850380771616543e+01
1.999850631422110325e+01
1.999850924704829680e+01
1.999851265243360032e+01
1.999851657262063753e+01
1.999852105891774201e+01
1.999852613408092949e+01
1.999853189421105881e+01
1.999853824282694248e+01
1.999854558033795371e+01
1.999855307675906957e+01
1.999856249325482338e+01
1.999856712469907905e+01
1.999855142421581533e+01
1.999829885252111339e+01
1.999626861905471742e+01
