2.249999997427964971e+01
2.157902251610270028e+01
2.089566078793054871e+01
2.045486076317160595e+01
2.020987722897623939e+01
2.008906315078344562e+01
2.003494658263109329e+01
2.001251559617288933e+01
2.000381219522847331e+01
2.000065006355364261e+01
1.999960563663113078e+01
1.999933604706173895e+01
1.999933791577455366e+01
1.999942721660835687e+01
1.999953672840380747e+01
1.999964145928134585e+01
1.999973222941462225e+01
1.999980637475407619e+01
1.999986425916402766e+01
1.999990772198679778e+01
1.999993922416512859e+01
1.999996132310681674e+01
1.999997636030810355e+01
1.999998630584519788e+01
1.999999271404526269e+01
1.999999674847419584e+01
1.999999924305847898e+01
2.000000077217332262e+01
2.000000172335437654e+01
2.000000234178538960e+01
2.000000281243038458e+01
2.000000319238645474e+01
2.000000371394347809e+01
2.000000407462147223e+01
2.000000534363046611e+01
2.000000526162910575e+01
2.000000893086494713e+01
1.999999917666577076e+01
1.999993611390577186e+01
1.999922334498600662e+01
1.999382447380048689e+01
