1.999999997306023758e+01
2.000060492660382394e+01
2.001307987809244793e+01
2.003978728375965090e+01
2.008947365214632796e+01
2.017071490160020630e+01
2.029021690267425626e+01
2.045064241513718883e+01
2.064919432340332506e+01
2.087729073329976259e+01
2.112130684521724433e+01
2.136408020267494834e+01
2.158683181951116481e+01
2.177125331656928608e+01
2.190161015378745546e+01
2.196671806974666197e+01
2.196155600128459895e+01
2.188816334263393060e+01
2.175546260698662593e+01
2.157784969261398444e+01
2.137277335570102821e+01
2.115789974465415568e+01
2.094860276615087358e+01
2.075634724207788651e+01
2.058815454084026442e+01
2.044697643931943176e+01
2.033260811695794601e+01
2.024276572352490788e+01
2.017406354298070781e+01
2.012276101575255893e+01
2.008525545333646534e+01
2.005835607754660543e+01
2.003939750023673483e+01
2.002624880099278570e+01
2.001726586744838343e+01
2.001121412268937760e+01
2.000719385485004054e+01
2.000454867661791880e+01
2.000280102626246403e+01
2.000132348187039000e+01
1.999780023497260117e+01
