4.329242167700200206e+00
4.313618085572219485e+00
4.297924911310400553e+00
4.282163424246396843e+00
4.266331979534499830e+00
4.250428972070655398e+00
4.234452460856553024e+00
4.218400079542925063e+00
4.202268804900846533e+00
4.186054709338708157e+00
4.169752705035437046e+00
4.153356341488754211e+00
4.136857715391967005e+00
4.120247543433341875e+00
4.103515428589624037e+00
4.086650313307555571e+00
4.069641096107209144e+00
4.052477345679907472e+00
4.035150154195593863e+00
4.017654136789072794e+00
4.000000000000000000e+00
