4.328907329993064934e+00
4.313281585016453867e+00
4.297586683027573962e+00
4.281823433893294784e+00
4.265990231889129625e+00
4.250085550034964577e+00
4.234107589801149985e+00
4.218054229444176961e+00
4.201922836314522236e+00
4.185710059354762258e+00
4.169411594427690382e+00
4.153021968888777060e+00
4.136534393963102296e+00
4.119940734175574271e+00
4.103231634143048367e+00
4.086396813717246168e+00
4.069425530919180467e+00
4.052307169176617485e+00
4.035032021515822187e+00
4.017593337098768203e+00
4.000000000000000000e+00
