4.327271076518513837e+00
4.311637144992085169e+00
4.295934061572059370e+00
4.280162384007835996e+00
4.264320574160708865e+00
4.248407244553543904e+00
4.232420915709651510e+00
4.216360075564676180e+00
4.200223161019383866e+00
4.184008560615448680e+00
4.167714610557039734e+00
4.151339593964204155e+00
4.134881736169515598e+00
4.118339206323304857e+00
4.101710107181082421e+00
4.084992486062183126e+00
4.068184306173468379e+00
4.051283486909238007e+00
4.034287790739085722e+00
4.017194692267380240e+00
4.000000000000000000e+00
