2.000000002036639657e+01
2.000679525033914885e+01
2.000577840027032295e+01
2.000520751721416701e+01
2.000427534569645616e+01
2.000334996645111829e+01
2.000248726838068336e+01
2.000176870888547853e+01
2.000121052708806602e+01
2.000080090308502534e+01
2.000051640444756273e+01
2.000032218623707436e+01
2.000020146147238975e+01
2.000011506912719028e+01
2.000007982444885002e+01
2.000002596290297419e+01
2.000005344940846896e+01
1.999997182159361131e+01
2.000019330361556413e+01
2.000087862651884762e+01
2.000622647896369699e+01
