2.000000004608551762e+01
2.000694499784789571e+01
2.000636282268069976e+01
2.000650663646317895e+01
2.000647001939661607e+01
2.000648119796249347e+01
2.000648048694033321e+01
2.000648352649142581e+01
2.000648727093193102e+01
2.000649148846277470e+01
2.000649917895428231e+01
2.000650534779983758e+01
2.000652018368253948e+01
2.000652614845154176e+01
2.000655612386067972e+01
2.000655170717031339e+01
2.000662086629723646e+01
2.000657955562288137e+01
2.000684720554896145e+01
2.000758972496636900e+01
2.001297529760998017e+01
