6.074728402519193438e+00
6.023798400374692719e+00
5.972838699672453622e+00
5.921851168490319672e+00
5.870835311795738143e+00
5.819790977634417217e+00
5.768718006333051207e+00
5.717616170719132640e+00
5.666484650068673190e+00
5.615322047510713510e+00
5.564126147576523351e+00
5.512894392724765780e+00
5.461623938823543689e+00
5.410312205113727124e+00
5.358956757300139095e+00
5.307555602879607370e+00
5.256106833170679060e+00
5.204608779791933593e+00
5.153059610432637605e+00
5.101457513767281959e+00
5.049800362436195122e+00
4.998085959663512767e+00
4.946311765211142131e+00
4.894475160856626594e+00
4.842573203316159258e+00
4.790602870064925689e+00
4.738560822882176282e+00
4.686443621926649428e+00
4.634247502663194851e+00
4.581968559712946920e+00
4.529602543739966514e+00
4.477145016991947557e+00
4.424591172126780769e+00
4.371935957172897069e+00
4.319173912421147676e+00
4.266299258250292326e+00
4.213305740514091013e+00
4.160186668801377330e+00
4.106934752503405228e+00
4.053542061782504646e+00
4.000000000000000000e+00
