6.074703953572095472e+00
6.023777845478213600e+00
5.972825218690759996e+00
5.921845094238106455e+00
5.870836440643453891e+00
5.819798162247675322e+00
5.768729104231406168e+00
5.717628026356108784e+00
5.666493607230570717e+00
5.615324418857164268e+00
5.564118937862450487e+00
5.512875528855778917e+00
5.461592469386657100e+00
5.410267943805821211e+00
5.358900079642019421e+00
5.307486945229725528e+00
5.256026591233332823e+00
5.204517046998117458e+00
5.152956365931323113e+00
5.101342617363651577e+00
5.049673926207527863e+00
4.997948435748783780e+00
4.946164304282533841e+00
4.894319596414989704e+00
4.842412211733774008e+00
4.790439715245511820e+00
4.738399258009275528e+00
4.686287440980800412e+00
4.634100330471304652e+00
4.581833424027919932e+00
4.529481776344219668e+00
4.477040021377415080e+00
4.424502528927414247e+00
4.371863391303513424e+00
4.319116539338773819e+00
4.266255648611411821e+00
4.213274204021809410e+00
4.160165334789498459e+00
4.106921854395391591e+00
4.053536043960064283e+00
4.000000000000000000e+00
