6.076320271802821082e+00
6.024946819453616875e+00
5.973580456379614212e+00
5.922283748127439296e+00
5.871072620933178499e+00
5.819927708977991720e+00
5.768813289323776239e+00
5.717696736820595760e+00
5.666558226680503907e+00
5.615388554691898015e+00
5.564183809417291293e+00
5.512941853349474286e+00
5.461661020146467926e+00
5.410339632422220824e+00
5.358976007145473730e+00
5.307568322557022711e+00
5.256114737671170545e+00
5.204613241960521108e+00
5.153061798228484314e+00
5.101458169421639433e+00
5.049800075410410649e+00
4.998085019358095238e+00
4.946310433582958410e+00
4.894473533597437864e+00
4.842571415864398432e+00
4.790600974698949521e+00
4.738558914913656217e+00
4.686441763215277945e+00
4.634245771262728297e+00
4.581967034437052000e+00
4.529601284389938698e+00
4.477144102474355236e+00
4.424590622234902959e+00
4.371935813127103110e+00
4.319174107018832309e+00
4.266299758109710183e+00
4.213306346664632329e+00
4.160187313986130953e+00
4.106935170400185520e+00
4.053542463537015195e+00
4.000000000000000000e+00
