6.077537368449562827e+00
6.026596288403209378e+00
5.975575112943259271e+00
5.924439789212789798e+00
5.873175680469937987e+00
5.821787287813788403e+00
5.770298982910420094e+00
5.718758672943914156e+00
5.667229216014363580e+00
5.615761021593693947e+00
5.564365979333572021e+00
5.513020913700900749e+00
5.461691293089418586e+00
5.410349363419154400e+00
5.358977896610406688e+00
5.307567597188367792e+00
5.256113269049905057e+00
5.204611744822862818e+00
5.153060428762703538e+00
5.101457018089696760e+00
5.049799088602254571e+00
4.998084194686789772e+00
4.946309711609281123e+00
4.894472889475588673e+00
4.842570826377413873e+00
4.790600402573567784e+00
4.738558378599797116e+00
4.686441210818569125e+00
4.634245252775130552e+00
4.581966484069517342e+00
4.529600770644797159e+00
4.477143549307310622e+00
4.424590110495129736e+00
4.371935253032794400e+00
4.319173601414208363e+00
4.266299182952974611e+00
4.213305856707949992e+00
4.160186712154437139e+00
4.106934708215898233e+00
4.053541816254401908e+00
4.000000000000000000e+00
