6.078530504108397459e+00
6.027606635826995074e+00
5.976656820852863206e+00
5.925679872192376685e+00
5.874674751407805928e+00
5.823640252088883251e+00
5.772573921061764146e+00
5.721469222428909873e+00
5.670313625883097508e+00
5.619089665137729561e+00
5.567778622921461640e+00
5.516364046233757534e+00
5.464834266464038137e+00
5.413184246220710705e+00
5.361418132899775202e+00
5.309552769327082977e+00
5.257620744504468924e+00
5.205667723751406406e+00
5.153738345468890536e+00
5.101856461086192951e+00
5.050016857146839122e+00
4.998195040991577187e+00
4.946362604161081755e+00
4.894496375903388596e+00
4.842580223243238002e+00
4.790603457910912688e+00
4.738558778128083127e+00
4.686440671161774318e+00
4.634244472711066543e+00
4.581965781236474022e+00
4.529600204004787578e+00
4.477143161989948439e+00
4.424589846670195392e+00
4.371935121877655206e+00
4.319173529034370240e+00
4.266299201305541189e+00
4.213305877303901603e+00
4.160186807279925958e+00
4.106934766754774202e+00
4.053541946752575953e+00
4.000000000000000000e+00
