2.000000009606815965e+01
2.000217683043481998e+01
2.000115673177815623e+01
2.000330268879330831e+01
2.000224290785218173e+01
2.000351639368058798e+01
2.000080688555534181e+01
2.000002362839945746e+01
1.999562954074465893e+01
1.999395840801880553e+01
1.998975924856269515e+01
1.999012874044810673e+01
1.999384758017512809e+01
2.001767520056651506e+01
2.007307017046009179e+01
2.018362714648800349e+01
2.035445250561150132e+01
2.059152247260119140e+01
2.087946708958664033e+01
2.120857898447371781e+01
2.155409015101324499e+01
2.190110978115447793e+01
2.221964884507377391e+01
2.248692938050713153e+01
2.266097865851497772e+01
2.270727938349303088e+01
2.258414353219759718e+01
2.229003367994854301e+01
2.185969975342710114e+01
2.138431369102747936e+01
2.094597832538923399e+01
2.060430510275168103e+01
2.036235860283674270e+01
2.020962238127436095e+01
2.011474935787210683e+01
2.006271351789170154e+01
2.003117223721526585e+01
2.001678537037314953e+01
2.000666521433915079e+01
2.000409776293354724e+01
2.000059364564367570e+01
