1.999999992884256983e+01
2.000183517390421528e+01
2.000072931115672858e+01
2.000272779777237275e+01
2.000184881322224584e+01
2.000364649995542976e+01
2.000185898293601028e+01
2.000200615241116964e+01
1.999831771678923076e+01
1.999690189116375549e+01
1.999243893176085152e+01
1.999135264250676514e+01
1.998949056251747791e+01
1.999775137271474179e+01
2.002117528266849789e+01
2.008154705558554554e+01
2.018859951590392754e+01
2.035753998142576648e+01
2.058212720036084065e+01
2.085989132852673578e+01
2.117071635525732987e+01
2.150400869119878067e+01
2.183469236522418555e+01
2.214779040819366429e+01
2.241113412581654885e+01
2.259948967655197194e+01
2.266921000443896261e+01
2.259211433147507009e+01
2.234632217935445908e+01
2.196409913479891785e+01
2.150805994747313932e+01
2.106982066738217796e+01
2.070410557792309447e+01
2.043912157251333639e+01
2.025911649057182373e+01
2.014925478693605498e+01
2.008119459046975308e+01
2.004476368143748033e+01
2.002199582560082547e+01
2.001209369642415226e+01
2.000591361580882221e+01
