1.999999984334311165e+01
2.008905609557329086e+01
2.006521719330603304e+01
2.008339413113531435e+01
2.004718094999121192e+01
2.004510817455948768e+01
1.999384429999063784e+01
1.997998187163493711e+01
1.993222919883759303e+01
1.992965160096799693e+01
1.990490110570905813e+01
1.992296456142143768e+01
1.991886972364027031e+01
1.994682171616130262e+01
1.994918445239777327e+01
1.997424049770714305e+01
1.997391121551666515e+01
1.999154304776324054e+01
1.998737434432797144e+01
1.999900768111097804e+01
1.999316183561749227e+01
2.000135397889569333e+01
1.999565991746227311e+01
2.000197951309610644e+01
1.999715043277178239e+01
2.000224239299298290e+01
1.999835336285627463e+01
2.000247187557740602e+01
1.999939277979397545e+01
2.000266228796785484e+01
2.000018703021617839e+01
2.000264106933589403e+01
2.000050705197945433e+01
2.000212575790410341e+01
2.000010802539691568e+01
2.000098291866524747e+01
1.999914912567257019e+01
1.999984523613800391e+01
1.999903942420654346e+01
2.000126121408732160e+01
2.000219348212704062e+01
