1.999999991870597782e+01
2.000223697008694401e+01
2.000044654450831061e+01
2.000186395714219856e+01
2.000015927810868988e+01
2.000173570751033125e+01
1.999996482025359867e+01
2.000159489159091919e+01
1.999967292357427340e+01
2.000130105750782405e+01
1.999923039801869251e+01
2.000091792738968977e+01
1.999887472438458857e+01
2.000089846854477926e+01
1.999932146246158027e+01
2.000221780093276180e+01
2.000176959131841770e+01
2.000618525907735545e+01
2.000748599987625553e+01
2.001382150427484419e+01
2.001705259818388782e+01
2.002509537067529521e+01
2.002971879025251667e+01
2.003848733852390041e+01
2.004321420246587593e+01
2.005103527716023848e+01
2.005398501020538049e+01
2.005873827436430901e+01
2.005779735466032676e+01
2.005745022496650876e+01
2.005102667132100436e+01
2.004460405462429762e+01
2.003270384249365677e+01
2.002126954395528102e+01
2.000611392234617014e+01
1.999278651302015675e+01
1.997810225345218882e+01
1.996668697502261836e+01
1.995592731745990989e+01
1.994906651006046161e+01
1.994510524044744670e+01
