2.000000000568447689e+01
2.000335524358395034e+01
2.000099944265114260e+01
2.000257236432119612e+01
2.000036525830218537e+01
2.000213800832999667e+01
2.000004418587999666e+01
2.000192712674730444e+01
1.999987685103435453e+01
2.000174104946347242e+01
1.999967777912759459e+01
2.000142936016608886e+01
1.999936355830380563e+01
2.000100143068348757e+01
1.999907701291170881e+01
2.000077324856534133e+01
1.999934322509081852e+01
2.000149730562453598e+01
2.000112172563746071e+01
2.000428316170392762e+01
2.000555715068015417e+01
2.001017244951567875e+01
2.001341550369477673e+01
2.001951044424002291e+01
2.002448584307445145e+01
2.003146541849087470e+01
2.003727650947543992e+01
2.004391940784562820e+01
2.004908707015806613e+01
2.005369722370399188e+01
2.005639024763301137e+01
2.005713118045839138e+01
2.005563974711021302e+01
2.005116610558911461e+01
2.004467120535099056e+01
2.003494895665343734e+01
2.002425062602722505e+01
2.001101164106916741e+01
1.999855868685636651e+01
1.998470393157415970e+01
1.997769443553988822e+01
