1.999999999042263354e+01
2.000343536930626698e+01
2.000120688087335452e+01
2.000229022942536261e+01
1.999966651220963598e+01
2.000037913303056314e+01
1.999761759985288023e+01
1.999837918518963065e+01
1.999599091995082034e+01
1.999727414473362330e+01
1.999563401981012589e+01
1.999761177956207092e+01
1.999668492033589118e+01
1.999911179607641998e+01
1.999851721577623920e+01
2.000094544467114233e+01
2.000025819843120800e+01
2.000234454917820059e+01
2.000134121594403069e+01
2.000299071557840236e+01
2.000168537854315076e+01
2.000299677336878901e+01
2.000152989022149086e+01
2.000266237323959828e+01
2.000117596757410610e+01
2.000225087076890773e+01
2.000082559677449723e+01
2.000189692756224602e+01
2.000055034150130950e+01
2.000162132006931870e+01
2.000033507198860860e+01
2.000138892115089106e+01
2.000013958458074725e+01
2.000116780675844197e+01
1.999995231147649832e+01
2.000097677718157385e+01
1.999983135268765366e+01
2.000091929207050967e+01
1.999992914657279997e+01
2.000120562293784232e+01
2.000021898510749452e+01
