6.078073189730379688e+00
6.027143865526396027e+00
5.976174474819722526e+00
5.925156490414129173e+00
5.874081369285155674e+00
5.822941774275564697e+00
5.771732827023420498e+00
5.720452991446670410e+00
5.669104417378193261e+00
5.617692679259550737e+00
5.566225965355999783e+00
5.514713874093247981e+00
5.463166046070750070e+00
5.411590886720479610e+00
5.359994601680790893e+00
5.308380677816921356e+00
5.256749825170970780e+00
5.205100290601981428e+00
5.153428395376188575e+00
5.101729144593947218e+00
5.049996791065114898e+00
4.998225285933215467e+00
4.946408593373544882e+00
4.894540877576832649e+00
4.842616586148310809e+00
4.790630458624483445e+00
4.738577486603549715e+00
4.686452846713942577e+00
4.634251821704287622e+00
4.581969719593620205e+00
4.529601796576396389e+00
4.477143186300837741e+00
4.424588836085094457e+00
4.371933449421469220e+00
4.319171433482988931e+00
4.266296850824929265e+00
4.213303374492917364e+00
4.160184258092337828e+00
4.106932317630284324e+00
4.053540119695167476e+00
4.000000000000000000e+00
