6.080263744659224479e+00
6.029340494868648648e+00
5.978390534600627859e+00
5.927412454432753108e+00
5.876404790377960374e+00
5.825365842349987666e+00
5.774293655099097755e+00
5.723185987533851105e+00
5.672040293966190916e+00
5.620853719158505513e+00
5.569623110923966003e+00
5.518345052585351240e+00
5.467015916206989345e+00
5.415631935931489949e+00
5.364189299164432434e+00
5.312684251839366212e+00
5.261113212599175526e+00
5.209472889452304578e+00
5.157760391314435644e+00
5.105973325888382597e+00
5.054109874709699746e+00
5.002168836126664964e+00
4.950149627788426265e+00
4.898052242174466997e+00
4.845877151983226661e+00
4.793625166730651088e+00
4.741297247264103731e+00
4.688894290282290100e+00
4.636416899330303210e+00
4.583865161079754280e+00
4.531238445303946705e+00
4.478535243705109359e+00
4.425753057215825237e+00
4.372888334620576245e+00
4.319936458582025907e+00
4.266891768257913498e+00
4.213747600781239555e+00
4.160496304655837640e+00
4.107129126901637228e+00
4.053635413803645449e+00
4.000000000000000000e+00
