6.080618298590393600e+00
6.029695297781550778e+00
5.978745776287396119e+00
5.927768467521561391e+00
5.876762104314535939e+00
5.825725253330227282e+00
5.774656302186289558e+00
5.723553429935525294e+00
5.672414581638186348e+00
5.621237447453554026e+00
5.570019449220798613e+00
5.518757737022318643e+00
5.467449197831512286e+00
5.416090477692033112e+00
5.364678018069638732e+00
5.313208106129718722e+00
5.261676937788081432e+00
5.210080691500500016e+00
5.158415609913257427e+00
5.106678085690765201e+00
5.054864747064190311e+00
5.002972537922555141e+00
4.950998786647599736e+00
4.898941257477350320e+00
4.846798178120514500e+00
4.794568237814475609e+00
4.742250551195174246e+00
4.689844585333402094e+00
4.637350050063838047e+00
4.584766755080366352e+00
4.532094440782421962e+00
4.479332592956005499e+00
4.426480253430322698e+00
4.373535839201861286e+00
4.320496980745547333e+00
4.267360383872674134e+00
4.214121708180143422e+00
4.160775398252708257e+00
4.107314321881928798e+00
4.053728278260137152e+00
4.000000000000000000e+00
