6.075885258547069512e+00
6.024959877809026310e+00
5.974008043629837061e+00
5.923028707081813060e+00
5.872020835892838519e+00
5.820983340669972250e+00
5.769915079269194003e+00
5.718814852365531110e+00
5.667681399599778125e+00
5.616513395152817445e+00
5.565309442836983145e+00
5.514068070626184870e+00
5.462787724559374780e+00
5.411466761945655790e+00
5.360103443797663125e+00
5.308695926419893851e+00
5.257242252081100631e+00
5.205740338704714532e+00
5.154187968518601615e+00
5.102582775615013055e+00
5.050922232382946575e+00
4.999203634787592776e+00
4.947424086484163652e+00
4.895580481765025915e+00
4.843669487348483571e+00
4.791687523023382411e+00
4.739630741164753580e+00
4.687495005130931425e+00
4.635275866541473277e+00
4.582968541418656727e+00
4.530567885157128494e+00
4.478068366282597523e+00
4.425464039006572925e+00
4.372748514861176439e+00
4.319914934437238507e+00
4.266955943731423062e+00
4.213863685892262900e+00
4.160629861518845729e+00
4.107245946319701524e+00
4.053704231338397967e+00
4.000000000000000000e+00
