6.075390550921769162e+00
6.024464915748545479e+00
5.973512820992307404e+00
5.922533214109791722e+00
5.871525063358441265e+00
5.820487279924489776e+00
5.769418722980778291e+00
5.718318195506737922e+00
5.667184440827038650e+00
5.616016138670601343e+00
5.564811900865307415e+00
5.513570266606500958e+00
5.462289697250513498e+00
5.410968570576112135e+00
5.359605174451791854e+00
5.308197699841964656e+00
5.256744233080848261e+00
5.205242747339275056e+00
5.153691093206951734e+00
5.102086988310920113e+00
5.050428005890174710e+00
4.998711562246522355e+00
4.946934902992590644e+00
4.895095088019149721e+00
4.843188975105091387e+00
4.791213202093929091e+00
4.739164167559906105e+00
4.687038009883980116e+00
4.634830584654801910e+00
4.582537440302917986e+00
4.530153791871321722e+00
4.477674492836476894e+00
4.425094004953812998e+00
4.372406366363099650e+00
4.319605158857824811e+00
4.266683478100407712e+00
4.213633915684195763e+00
4.160448594740175032e+00
4.107119325020304856e+00
4.053638376274713906e+00
4.000000000000000000e+00
