6.074758389561941918e+00
6.023832431483756800e+00
5.972880010549144636e+00
5.921900066585692457e+00
5.870891568607794930e+00
5.819853427930124390e+00
5.768784504355212839e+00
5.717683602105425145e+00
5.666549466671242818e+00
5.615380781258407339e+00
5.564176162989499019e+00
5.512934158820976371e+00
5.461653241154952099e+00
5.410331803118991090e+00
5.358968153484539698e+00
5.307560511191300456e+00
5.256106999441347405e+00
5.204605639322832822e+00
5.153054342918701458e+00
5.101450905850874129e+00
5.049792999204757216e+00
4.998078160772591261e+00
4.946303785546991350e+00
4.894467115387887368e+00
4.842565227776823633e+00
4.790595023562042698e+00
4.738553213585740664e+00
4.686436304071173176e+00
4.634240580631606932e+00
4.581962090745371086e+00
4.529596624521383674e+00
4.477139693559073486e+00
4.424586507686599113e+00
4.371931949366584469e+00
4.319170545569324560e+00
4.266296437324694324e+00
4.213303347109246033e+00
4.160184550737377585e+00
4.106932851420936004e+00
4.053540663065613003e+00
4.000000000000000000e+00
