6.074757217806603826e+00
6.023831259133825888e+00
5.972878837603352586e+00
5.921898893032951250e+00
5.870890394448188054e+00
5.819852253173610102e+00
5.768783329023053241e+00
5.717682426232189030e+00
5.666548290307635405e+00
5.615379604474790121e+00
5.564174985880039337e+00
5.512932981508437358e+00
5.461652063796205603e+00
5.410330625911423219e+00
5.358966976673555038e+00
5.307559335079203855e+00
5.256105824397943493e+00
5.204604465798157165e+00
5.153053171458413573e+00
5.101449737114976735e+00
5.049791833990463275e+00
4.998077000042385976e+00
4.946302630463184080e+00
4.894465967355269953e+00
4.842564088495435293e+00
4.790593895092482235e+00
4.738552098430037773e+00
4.686435205272839966e+00
4.634239501899251934e+00
4.581961036605076032e+00
4.529595600503953712e+00
4.477138706429101056e+00
4.424585565720783542e+00
4.371931062688032554e+00
4.319169726540700971e+00
4.266295700989520157e+00
4.213302711636540465e+00
4.160184037709081295e+00
4.106932485580584213e+00
4.053540470072454660e+00
4.000000000000000000e+00
