6.074757087358070962e+00
6.023831128624403064e+00
5.972878707040609747e+00
5.921898762417190376e+00
5.870890263777780227e+00
5.819852122446524945e+00
5.768783198237867005e+00
5.717682295388877733e+00
5.666548159408194785e+00
5.615379473523763210e+00
5.564174854885061805e+00
5.512932850480879665e+00
5.461651932751975913e+00
5.410330494871953277e+00
5.358966845666990331e+00
5.307559204141811371e+00
5.256105693575745974e+00
5.204604335148823147e+00
5.153053041053434313e+00
5.101449607042178869e+00
5.049791704356928257e+00
4.998076870977851804e+00
4.946302502124042100e+00
4.894465839929278417e+00
4.842563962207303341e+00
4.790593770210517910e+00
4.738551975274078565e+00
4.686435084223745662e+00
4.634239383410284852e+00
4.581960921215570970e+00
4.529595488855737706e+00
4.477138599286202059e+00
4.424585463993010670e+00
4.371930967458941275e+00
4.319169639100153724e+00
4.266295622869880511e+00
4.213302644648632800e+00
4.160183983963906762e+00
4.106932447463369940e+00
4.053540450039370135e+00
4.000000000000000000e+00
