1.999999995943663222e+01
2.000955517533738615e+01
2.003158916175687665e+01
2.006593075265489290e+01
2.011610009286243539e+01
2.018471976280375912e+01
2.027348019669132384e+01
2.038267012312783422e+01
2.051088820475111874e+01
2.065492618071631981e+01
2.080985261673643905e+01
2.096928687703746519e+01
2.112583113962313774e+01
2.127161583684880242e+01
2.139890965740238116e+01
2.150074436226734775e+01
2.157150317144009932e+01
2.160741831065698193e+01
2.160692114111017048e+01
2.157079256887611507e+01
2.150207770401943108e+01
2.140575912970307471e+01
2.128822350380450246e+01
2.115659608261124447e+01
2.101804401200177708e+01
2.087915213556751937e+01
2.074545324225404386e+01
2.062115589045432529e+01
2.050907024049266170e+01
2.041069800509622567e+01
2.032643366349827119e+01
2.025582093981098808e+01
2.019781703668607875e+01
2.015103114810221285e+01
2.011391886446789812e+01
2.008492340097170370e+01
2.006257165696294464e+01
2.004548997609393268e+01
2.003250983644160144e+01
2.002219030576602421e+01
2.001554512283473741e+01
