1.999999998325990802e+01
1.999873928205355966e+01
1.999897473855245167e+01
1.999916952179545504e+01
1.999954775764217629e+01
2.000016830093810327e+01
2.000113115710192702e+01
2.000255809383265770e+01
2.000459870642143301e+01
2.000743257871301495e+01
2.001127078770235812e+01
2.001635597765075048e+01
2.002296069314192195e+01
2.003138365924173314e+01
2.004194380334087100e+01
2.005497195185439097e+01
2.007080030349191446e+01
2.008974996321161299e+01
2.011211699885291893e+01
2.013815763612883458e+01
2.016807331911208934e+01
2.020199641912928712e+01
2.023997736844332707e+01
2.028197392734352178e+01
2.032784317343314839e+01
2.037733664480147056e+01
2.043009889330258488e+01
2.048566952967635402e+01
2.054348868706831155e+01
2.060290570732593807e+01
2.066319078425287969e+01
2.072354926664295149e+01
2.078313846126467013e+01
2.084108654834173535e+01
2.089651461396379872e+01
2.094855473132099988e+01
2.099637461187845489e+01
2.103905861139799072e+01
2.107549599542502605e+01
2.110162091585898736e+01
2.110878502320974803e+01
