2.000000003568340290e+01
1.999877348506712238e+01
1.999898135744865968e+01
1.999912765634158873e+01
1.999942032838251293e+01
1.999990456866046173e+01
2.000066261661454092e+01
2.000179467169795799e+01
2.000342466177655609e+01
2.000570243912106960e+01
2.000880562596688250e+01
2.001294041404893775e+01
2.001834105171260347e+01
2.002526772074924111e+01
2.003400257164908638e+01
2.004484378049288651e+01
2.005809761555261872e+01
2.007406864640250888e+01
2.009304838012743133e+01
2.011530275272237489e+01
2.014105902347058219e+01
2.017049270219497714e+01
2.020371517432266728e+01
2.024076267254950068e+01
2.028158717887327711e+01
2.032604973499019962e+01
2.037391650529686160e+01
2.042485779024280745e+01
2.047845004499486166e+01
2.053418083261364302e+01
2.059145655121897533e+01
2.064961269882182293e+01
2.070792649402951113e+01
2.076563116935904674e+01
2.082193220007725287e+01
2.087601492780641976e+01
2.092704925530036419e+01
2.097400349604433600e+01
2.101541435592862328e+01
2.104599707702402966e+01
2.105467828186192492e+01
