1.999999992159535722e+01
1.999856542620393896e+01
1.999874017215392641e+01
1.999874389710957701e+01
1.999876499496907556e+01
1.999878462852094785e+01
1.999880664690702048e+01
1.999883190594778526e+01
1.999886182544624091e+01
1.999889821430743453e+01
1.999894348784933484e+01
1.999900083830252484e+01
1.999907442710021854e+01
1.999916959662834159e+01
1.999929310314677622e+01
1.999945336976207244e+01
1.999966075679153832e+01
1.999992784538679658e+01
2.000026972875071607e+01
2.000070430373484598e+01
2.000125255407835567e+01
2.000193881505710181e+01
2.000279100800386090e+01
2.000384083205305785e+01
2.000512389970501559e+01
2.000667980233368937e+01
2.000855209155136905e+01
2.001078816190645782e+01
2.001343901861775620e+01
2.001655890702852503e+01
2.002020476169053964e+01
2.002443536671714241e+01
2.002930999301442583e+01
2.003488567360840378e+01
2.004121178046220564e+01
2.004831392948855040e+01
2.005616402570589685e+01
2.006454213304615664e+01
2.007289345122013202e+01
2.007882172709764035e+01
2.007884230480976839e+01
