1.999999999800125039e+01
1.999855781315623560e+01
1.999873228769110867e+01
1.999873487445128006e+01
1.999875479788332200e+01
1.999877306465356952e+01
1.999879343333973836e+01
1.999881660537053563e+01
1.999884378054398226e+01
1.999887646202322244e+01
1.999891665370390470e+01
1.999896700827966001e+01
1.999903099464817302e+01
1.999911308249668451e+01
1.999921894633101260e+01
1.999935568850258960e+01
1.999953207943339706e+01
1.999975881193589800e+01
2.000004876519242103e+01
2.000041727260473934e+01
2.000088238638338112e+01
2.000146513037771712e+01
2.000218973143406487e+01
2.000308381844938665e+01
2.000417857745227934e+01
2.000550885037496940e+01
2.000711316469273271e+01
2.000903368032802732e+01
2.001131603809007942e+01
2.001400908690516545e+01
2.001716444914121240e+01
2.002083582115229277e+01
2.002507779022096912e+01
2.002994338524954188e+01
2.003547914597256963e+01
2.004171026683278356e+01
2.004861332688906828e+01
2.005598790893061789e+01
2.006333086492509565e+01
2.006842582794549301e+01
2.006815905815346923e+01
