2.000000000837295744e+01
1.999850063579442150e+01
1.999867019774010757e+01
1.999866105990930620e+01
1.999866840892462250e+01
1.999867235460629544e+01
1.999867632745289114e+01
1.999868037537510190e+01
1.999868474897559878e+01
1.999868959957526116e+01
1.999869506272559150e+01
1.999870127139094222e+01
1.999870836887047432e+01
1.999871651896757996e+01
1.999872591613610240e+01
1.999873679655016900e+01
1.999874945070850174e+01
1.999876423802451697e+01
1.999878160370568736e+01
1.999880209817238708e+01
1.999882639919901450e+01
1.999885533687996286e+01
1.999888992147269207e+01
1.999893137406324328e+01
1.999898115991678083e+01
1.999904102423422358e+01
1.999911302982878425e+01
1.999919959580660134e+01
1.999930353554131202e+01
1.999942808988481247e+01
1.999957694718978018e+01
1.999975422196166974e+01
1.999996434709150250e+01
2.000021161615677556e+01
2.000049926432009428e+01
2.000082492184069594e+01
2.000117587441358680e+01
2.000147768316441343e+01
2.000160457080996323e+01
2.000068318406793111e+01
1.999834370675216633e+01
