1.999999996335929353e+01
1.999849934804049667e+01
1.999866863813877771e+01
1.999865906715215758e+01
1.999866593311167762e+01
1.999866932209497250e+01
1.999867265304771280e+01
1.999867595913335094e+01
1.999867947504456112e+01
1.999868333433600398e+01
1.999868765210057830e+01
1.999869253659007384e+01
1.999869809996163994e+01
1.999870446575836525e+01
1.999871177589407267e+01
1.999872019805533441e+01
1.999872993406698995e+01
1.999874122958791034e+01
1.999875438539734418e+01
1.999876977046718096e+01
1.999878783701449692e+01
1.999880913763511714e+01
1.999883434462640253e+01
1.999886427150467227e+01
1.999889989668668733e+01
1.999894238920225220e+01
1.999899313612822738e+01
1.999905377109846683e+01
1.999912620255622997e+01
1.999921263829981655e+01
1.999931559905458300e+01
1.999943789532557759e+01
1.999958252780499990e+01
1.999975226185356902e+01
1.999994879383718427e+01
2.000016844299520713e+01
2.000039794774265189e+01
2.000056481058160784e+01
2.000055072630160069e+01
1.999951015107130559e+01
1.999712964310765528e+01
