1.999999997964179954e+01
1.999849686413695338e+01
1.999866559156810553e+01
1.999865499827593140e+01
1.999866061476740242e+01
1.999866247245114437e+01
1.999866395826298771e+01
1.999866506477828665e+01
1.999866598167092135e+01
1.999866679163181615e+01
1.999866755146697628e+01
1.999866830149941066e+01
1.999866907344478051e+01
1.999866989417425600e+01
1.999867078794805764e+01
1.999867177782887495e+01
1.999867288665882015e+01
1.999867413780839698e+01
1.999867555580017608e+01
1.999867716687611718e+01
1.999867899956071682e+01
1.999868108525060606e+01
1.999868345885931831e+01
1.999868615953662854e+01
1.999868923148392952e+01
1.999869272486425942e+01
1.999869669675016937e+01
1.999870121187816707e+01
1.999870634254888913e+01
1.999871216553689734e+01
1.999871875121716513e+01
1.999872612470383615e+01
1.999873417137150611e+01
1.999874226861841819e+01
1.999874862712508161e+01
1.999874649287110628e+01
1.999872110660944458e+01
1.999860377332245776e+01
1.999829186081158028e+01
1.999699895574556407e+01
1.999453157691004890e+01
