2.000000001962563090e+01
1.999849679715964612e+01
1.999866548662189913e+01
1.999865484085711032e+01
1.999866039970179443e+01
1.999866219307727633e+01
1.999866360421020062e+01
1.999866461929905270e+01
1.999866542043142914e+01
1.999866608216184360e+01
1.999866665288728385e+01
1.999866716430232927e+01
1.999866763923552426e+01
1.999866809530953304e+01
1.999866854705335228e+01
1.999866900716866169e+01
1.999866948735454386e+01
1.999866999887655439e+01
1.999867055297136886e+01
1.999867116115883192e+01
1.999867183549081417e+01
1.999867258877180021e+01
1.999867343477387394e+01
1.999867438844884404e+01
1.999867546614893143e+01
1.999867668586497871e+01
1.999867806738807019e+01
1.999867963218280664e+01
1.999868140231491864e+01
1.999868339629882286e+01
1.999868561717633497e+01
1.999868801276463870e+01
1.999869038085313377e+01
1.999869200226168076e+01
1.999869098723532801e+01
1.999868049384121704e+01
1.999864572575748412e+01
1.999851812786179295e+01
1.999819560784551697e+01
1.999689378639850190e+01
1.999442334151535761e+01
