6.080878669035200801e+00
5.979007797938717061e+00
5.877029014689623132e+00
5.774931570453112784e+00
5.672704515585748730e+00
5.570333109240134029e+00
5.467797088071386646e+00
5.365069227186313405e+00
5.262115303297701274e+00
5.158896040837705144e+00
5.055370998401704341e+00
4.951503792862640196e+00
4.847267633513641094e+00
4.742649717026053757e+00
4.637652431778057860e+00
4.532289670680797578e+00
4.426577411999764067e+00
4.320522132185874220e+00
4.214109215328734948e+00
4.107299921427304490e+00
4.000000000000000000e+00
