6.081020191881348680e+00
5.979149467923241090e+00
5.877170875332997646e+00
5.775073912051834846e+00
5.672848300402677957e+00
5.570480842562923307e+00
5.467953936894156541e+00
5.365243962025326496e+00
5.262320445289392801e+00
5.159146696489222528e+00
5.055682178485965572e+00
4.951886402061114190e+00
4.847723707303596363e+00
4.743168090481044707e+00
4.638206538709985338e+00
4.532839575343754923e+00
4.427076502771509325e+00
4.320927421237882093e+00
4.214389930012372609e+00
4.107443036854765417e+00
4.000000000000000000e+00
