6.074720122985418413e+00
5.972842146064293978e+00
5.870855108918879850e+00
5.768749431908091196e+00
5.666515846388048949e+00
5.564144057833511070e+00
5.461622718024415235e+00
5.358939282139202120e+00
5.256079852534739416e+00
5.153028995110298993e+00
5.049769527936629032e+00
4.946282267642615693e+00
4.842545744461998147e+00
4.738535836545983315e+00
4.634225397505133515e+00
4.529583680625739461e+00
4.424575920634159942e+00
4.319162263390729173e+00
4.213297614870797680e+00
4.106929196085326694e+00
4.000000000000000000e+00
