6.074719911262566718e+00
5.972841934150043386e+00
5.870854896831490422e+00
5.768749219613238388e+00
5.666515633833252075e+00
5.564143844944425155e+00
5.461622504711560744e+00
5.358939068316467491e+00
5.256079638155568112e+00
5.153028780229094608e+00
5.049769312802704135e+00
4.946282052837574383e+00
4.842545531084402555e+00
4.738535626460306460e+00
4.634225193635923112e+00
4.529583487341293235e+00
4.424575744109273678e+00
4.319162112131850861e+00
4.213297499951732306e+00
4.106929131795944876e+00
4.000000000000000000e+00
