2.180555555474439799e+01
2.053682220641988110e+01
2.008472713585310743e+01
2.000105578151983821e+01
1.999318715270652191e+01
1.999368097654695120e+01
1.999556106535817435e+01
1.999730602634476639e+01
1.999856204538280124e+01
1.999933173434034828e+01
1.999972155964552201e+01
1.999991985174473186e+01
1.999995423507061787e+01
2.000005979286669344e+01
1.999990297497983960e+01
2.000024952547596158e+01
1.999955079805472735e+01
2.000098201338088799e+01
1.999812599524890899e+01
2.000339824640857600e+01
1.997698412248246314e+01
