4.330166518699332556e+00
4.314545335722315578e+00
4.298855202321923308e+00
4.283097072780591041e+00
4.267269291586020863e+00
4.251370214459488039e+00
4.235397824892812579e+00
4.219349644303090230e+00
4.203222445724569489e+00
4.187011866868889598e+00
4.170711909431765285e+00
4.154314403952293233e+00
4.137808570448943790e+00
4.121180829566712056e+00
4.104415029138667848e+00
4.087493157174547420e+00
4.070396601234175016e+00
4.053107790385053200e+00
4.035612331214629478e+00
4.017902843322951334e+00
4.000000000000000000e+00
