4.329371727620022980e+00
4.313746898055129009e+00
4.298052872060615037e+00
4.282290709193129707e+00
4.266458852339075847e+00
4.250555827186606628e+00
4.234579879843256123e+00
4.218528948070460416e+00
4.202400477732401107e+00
4.186191177108195660e+00
4.169896665802081515e+00
4.153511042432388223e+00
4.137026434591175139e+00
4.120432626402084964e+00
4.103716907589864960e+00
4.086864235155410086e+00
4.069857844176240746e+00
4.052680231638785990e+00
4.035314798348944798e+00
4.017749699225594107e+00
4.000000000000000000e+00
