4.328296776820015346e+00
4.312667106880145873e+00
4.296968007144086776e+00
4.281200472116605482e+00
4.265363002130290404e+00
4.249454262559317463e+00
4.233472761542012464e+00
4.217416871701197500e+00
4.201284738321096057e+00
4.185074177997491596e+00
4.168782522519754785e+00
4.152406401402915392e+00
4.135941461019916332e+00
4.119382032394865334e+00
4.102720800563058212e+00
4.085948525746996296e+00
4.069053934076326762e+00
4.052023814680346447e+00
4.034843661034587470e+00
4.017500456121279484e+00
4.000000000000000000e+00
