4.327313054198763886e+00
4.311679261179357070e+00
4.295976246243972341e+00
4.280204592298623822e+00
4.264362747999093095e+00
4.248449317943755688e+00
4.232462817423503942e+00
4.216401734480716534e+00
4.200264512087455770e+00
4.184049550122905359e+00
4.167755198037615294e+00
4.151379746279117988e+00
4.134921408203900306e+00
4.118378298922344527e+00
4.101748392768150175e+00
4.085029484231537111e+00
4.068219097451907906e+00
4.051314438573434984e+00
4.034312228308856163e+00
4.017208733649905383e+00
4.000000000000000000e+00
