4.327271574943752697e+00
4.311637645239129846e+00
4.295934563703530884e+00
4.280162888170388591e+00
4.264321080517700757e+00
4.248407753248416796e+00
4.232421426797616348e+00
4.216360588915653018e+00
4.200223676172787357e+00
4.184009076572606567e+00
4.167715125503439921e+00
4.151340104922905283e+00
4.134882238600322779e+00
4.118339693696266401e+00
4.101710570577581372e+00
4.084992913873522369e+00
4.068184684004839902e+00
4.051283797790256713e+00
4.034288015801790195e+00
4.017194812212276922e+00
4.000000000000000000e+00
