4.327270694895507752e+00
4.311636761295077669e+00
4.295933675946884911e+00
4.280161996651145273e+00
4.264320185427425969e+00
4.248406855031856999e+00
4.232420526307345554e+00
4.216359687598177253e+00
4.200222776304743277e+00
4.184008181553874550e+00
4.167714240202784914e+00
4.151339236059717663e+00
4.134881395131421833e+00
4.118338887169221252e+00
4.101709815396078262e+00
4.084992227431924583e+00
4.068184086634476948e+00
4.051283312526486213e+00
4.034287667889008056e+00
4.017194627869050905e+00
4.000000000000000000e+00
