4.337278378328544015e+00
4.321672240848440261e+00
4.305925813913503930e+00
4.289942351542578081e+00
4.273620352977274273e+00
4.256899889424200722e+00
4.239795544197442645e+00
4.222402126058002914e+00
4.204869357545211628e+00
4.187353989675223431e+00
4.169971074742091055e+00
4.152768669500551013e+00
4.135733995031304566e+00
4.118818586333114595e+00
4.101964037472728641e+00
4.085118245419629091e+00
4.068241538017489667e+00
4.051306637877171823e+00
4.034295756535681399e+00
4.017197291518663782e+00
4.000000000000000000e+00
