4.337492467889635606e+00
4.321897922703121786e+00
4.306222831455309041e+00
4.290449389883776554e+00
4.274538906453987153e+00
4.258438142211766753e+00
4.242089336445099335e+00
4.225446517861242590e+00
4.208492014372326118e+00
4.191247841478638492e+00
4.173777317400855225e+00
4.156174222096753468e+00
4.138540937645124984e+00
4.120962967880635652e+00
4.103490439444455795e+00
4.086133781502143236e+00
4.068872260775003191e+00
4.051668450725897763e+00
4.034480918281753148e+00
4.017271572104466948e+00
4.000000000000000000e+00
