1.999999985889801835e+01
2.000598746221449176e+01
2.000360374748480652e+01
2.000203174748818213e+01
2.000087046525257861e+01
2.000032756794757915e+01
2.000010447018377846e+01
2.000003025243082178e+01
2.000000818169757366e+01
2.000000156719968913e+01
2.000000130833522505e+01
1.999999871595902690e+01
2.000000275175393583e+01
1.999999527025568469e+01
2.000000886481363338e+01
1.999998427501892095e+01
2.000002911184897059e+01
1.999995240830095966e+01
2.000015661088946217e+01
2.000076979161308799e+01
2.000608011116067786e+01
