2.000000000864065441e+01
2.000458365395422788e+01
2.000563709841006954e+01
2.000875259410780416e+01
2.001472588121072960e+01
2.002645824319354162e+01
2.004849400055521969e+01
2.008719646175368467e+01
2.014986099562863231e+01
2.024306809095531534e+01
2.037060536681594414e+01
2.053149671297225609e+01
2.071895970757200089e+01
2.092019875168016796e+01
2.111780207056686365e+01
2.129121996174725595e+01
2.142064203773749753e+01
2.148864882907978213e+01
2.148768323525922952e+01
2.142533573653643231e+01
2.138190161697156455e+01
