2.000000005078649679e+01
2.000773881899834095e+01
2.000645741214907147e+01
2.000613057137865525e+01
2.000593659186192497e+01
2.000651434536271367e+01
2.000835053994291002e+01
2.001235765713357395e+01
2.001994186183726754e+01
2.003320439301172939e+01
2.005499302760377844e+01
2.008877719293055364e+01
2.013824077370925636e+01
2.020667952403819712e+01
2.029618215202816245e+01
2.040698800740205243e+01
2.053675550561989738e+01
2.068065137783097640e+01
2.083062082769913559e+01
2.097264637130851384e+01
2.104689212990021119e+01
