1.999999996371180089e+01
2.000810364830628529e+01
2.000691504737281434e+01
2.000658599844697250e+01
2.000620569353748479e+01
2.000633647079290611e+01
2.000733095678526396e+01
2.000986942653694101e+01
2.001497948939645255e+01
2.002422596090841367e+01
2.003981060612506937e+01
2.006457825765103919e+01
2.010179899391639324e+01
2.015478777384067754e+01
2.022624098497127676e+01
2.031768652060895874e+01
2.042864907040241462e+01
2.055662475619440954e+01
2.069584903870427439e+01
2.083370766835230725e+01
2.090772140663087697e+01
