2.000000000640410391e+01
2.000669018817720612e+01
2.000524613386899375e+01
2.000407127342250391e+01
2.000262187861920893e+01
2.000148219905774027e+01
2.000072778916911886e+01
2.000031760501897438e+01
2.000012471301622696e+01
2.000004406010156544e+01
2.000001549376404952e+01
2.000000311779770712e+01
2.000000405307608631e+01
1.999999567458390359e+01
2.000000896645166293e+01
1.999998448698897491e+01
2.000002933651088455e+01
1.999995651234284111e+01
2.000017878624387535e+01
2.000085464062766505e+01
2.000619447277985685e+01
