2.000000008943245788e+01
2.000694799994854378e+01
2.000636825495118742e+01
2.000651644426018549e+01
2.000648669651447520e+01
2.000650818673232223e+01
2.000652224310091754e+01
2.000654558924436799e+01
2.000657620206187204e+01
2.000661468102989105e+01
2.000666447934069225e+01
2.000672053564508346e+01
2.000679228106019991e+01
2.000686081487993917e+01
2.000695710613542033e+01
2.000702110634664521e+01
2.000715986622151732e+01
2.000719134383325581e+01
2.000753885097357809e+01
2.000836938893615979e+01
2.001380222232913297e+01
