2.000000005684166027e+01
2.000694724759046750e+01
2.000636685545388005e+01
2.000651395289159140e+01
2.000648262525311338e+01
2.000650191811272549e+01
2.000651304552353693e+01
2.000653264412675725e+01
2.000655866245248049e+01
2.000659175437653658e+01
2.000663553816129436e+01
2.000668523249466801e+01
2.000675065975161715e+01
2.000681334161164315e+01
2.000690461820904176e+01
2.000696449461247894e+01
2.000709958933238752e+01
2.000712639949416172e+01
2.000746605742615003e+01
2.000828395301299167e+01
2.001370884771217717e+01
