1.999999999752659718e+01
2.000694529270361244e+01
2.000636310939530560e+01
2.000650717085794383e+01
2.000647115447523916e+01
2.000648349543199700e+01
2.000648478203790148e+01
2.000649103727058531e+01
2.000649970289591906e+01
2.000651112720467495e+01
2.000652894917486790e+01
2.000654883133963580e+01
2.000658155816206119e+01
2.000661005721470787e+01
2.000666740713769443e+01
2.000669510041543475e+01
2.000680050685776479e+01
2.000679868070183431e+01
2.000710737500265779e+01
2.000788908042864378e+01
2.001329389591218799e+01
