2.041666682535835875e+01
2.007622642807294966e+01
2.001325636202388480e+01
2.000736375483000273e+01
2.000552265529676177e+01
2.000480724732750559e+01
2.000378771326051108e+01
2.000280887825130094e+01
2.000190579983404149e+01
2.000119597743247368e+01
2.000069364804729233e+01
2.000037188599252858e+01
2.000018894377008039e+01
2.000008445359092946e+01
2.000004498473739645e+01
2.000000592504144947e+01
2.000002637500883651e+01
1.999998123756228452e+01
2.000016047762946769e+01
2.000075346878908533e+01
2.000236927518011854e+01
