1.999999995383819495e+01
2.042128571843434770e+01
2.120844004293806151e+01
2.200278892845551937e+01
2.253021143859018238e+01
2.265573681424440622e+01
2.239907165251096188e+01
2.190035680428011133e+01
2.134080485383532277e+01
2.085616844743736209e+01
2.050246444896496101e+01
2.027474685992009285e+01
2.014164639731058415e+01
2.006964756348477863e+01
2.003307840830739650e+01
2.001544045363216995e+01
2.000721687192406506e+01
2.000350011633071290e+01
2.000171926686433821e+01
2.000063255411333429e+01
1.999988664960137186e+01
