4.056908466548971859e+00
4.056137055765396404e+00
4.055366759309864122e+00
4.054597566001324260e+00
4.053829467339991943e+00
4.053062454368574485e+00
4.052296519371320294e+00
4.051531656009292881e+00
4.050767859404200699e+00
4.050005125970038478e+00
4.049243453208855925e+00
4.048482839487526519e+00
4.047723283838196906e+00
4.046964785794535224e+00
4.046207345267286648e+00
4.045450962455882760e+00
4.044695637790764131e+00
4.043941371901088822e+00
4.043188165601963924e+00
4.042436019896942234e+00
4.041684935994842576e+00
4.040934915338957545e+00
4.040185959648143310e+00
4.039438070971349326e+00
4.038691251755479605e+00
4.037945504927829887e+00
4.037200833994818439e+00
4.036457243157813402e+00
4.035714737447261946e+00
4.034973322876714619e+00
4.034233006617506945e+00
4.033493797195498942e+00
4.032755704710528910e+00
4.032018741079500757e+00
4.031282920303352668e+00
4.030548258758352098e+00
4.029814775511393776e+00
4.029082492658569770e+00
4.028351435686118087e+00
4.027621633851940608e+00
4.026893120585580910e+00
4.026165933903850025e+00
4.025440116838578497e+00
4.024715717872403786e+00
4.023992791377903444e+00
4.023271398054699688e+00
4.022551605358471782e+00
4.021833487915437821e+00
4.021117127915323941e+00
4.020402615475443753e+00
4.019690048968222129e+00
4.018979535304299411e+00
4.018271190163313022e+00
4.017565138164655991e+00
4.016861512970528736e+00
4.016160457314080112e+00
4.015462122945871570e+00
4.014766670492630141e+00
4.014074269222760449e+00
4.013385096713976807e+00
4.012699338418987516e+00
4.012017187126224016e+00
4.011338842312297537e+00
4.010664509383113696e+00
4.009994398798736093e+00
4.009328725073918243e+00
4.008667705638544021e+00
4.008011559527159484e+00
4.007360505840357412e+00
4.006714761870370012e+00
4.006074540693957964e+00
4.005440047869664788e+00
4.004811476599129172e+00
4.004189000174385171e+00
4.003572759690671390e+00
4.002962843262842796e+00
4.002359250584734518e+00
4.001761830893669547e+00
4.001170176391262601e+00
4.000583432904529779e+00
4.000000000000000000e+00
