4.058544218088627531e+00
4.057770463830647323e+00
4.056997801556775585e+00
4.056226220263879689e+00
4.055455714461223771e+00
4.054686280124693454e+00
4.053917914384939536e+00
4.053150615090422626e+00
4.052384380639865391e+00
4.051619209842267644e+00
4.050855101829876403e+00
4.050092055987668971e+00
4.049330071895020033e+00
4.048569149272949197e+00
4.047809287936311229e+00
4.047050487751418402e+00
4.046292748600396116e+00
4.045536070352922842e+00
4.044780452845586183e+00
4.044025895868426090e+00
4.043272399157618935e+00
4.042519962393114064e+00
4.041768585199887909e+00
4.041018267151597065e+00
4.040269007775679988e+00
4.039520806559027122e+00
4.038773662953673238e+00
4.038027576382233086e+00
4.037282546242856540e+00
4.036538571913675710e+00
4.035795652756824836e+00
4.035053788122120011e+00
4.034312977350578144e+00
4.033573219777871088e+00
4.032834514737857035e+00
4.032096861566298429e+00
4.031360259604841900e+00
4.030624708205317042e+00
4.029890206734375369e+00
4.029156754578514743e+00
4.028424351149531013e+00
4.027692995890429728e+00
4.026962688281836122e+00
4.026233427848980639e+00
4.025505214169413648e+00
4.024778046881531957e+00
4.024051925694087650e+00
4.023326850396895971e+00
4.022602820872943852e+00
4.021879837112161127e+00
4.021157899227116417e+00
4.020437007470931690e+00
4.019717162257687271e+00
4.018998364185632610e+00
4.018280614063516332e+00
4.017563912940396165e+00
4.016848262139121495e+00
4.016133663293772749e+00
4.015420118391449300e+00
4.014707629818425438e+00
4.013996200410885784e+00
4.013285833510384037e+00
4.012576533023573866e+00
4.011868303486140874e+00
4.011161150129973763e+00
4.010455078952009700e+00
4.009750096782658701e+00
4.009046211349607702e+00
4.008343431330763984e+00
4.007641766386317528e+00
4.006941227153954621e+00
4.006241825182958571e+00
4.005543572768074156e+00
4.004846482624337511e+00
4.004150567307577013e+00
4.003455838243165310e+00
4.002762304122915005e+00
4.002069968358722640e+00
4.001378824931340006e+00
4.000688851970263471e+00
4.000000000000000000e+00
