4.058567614284076086e+00
4.057793812072783446e+00
4.057021079504541383e+00
4.056249407231772075e+00
4.055478795569561257e+00
4.054709247087386892e+00
4.053940764557019349e+00
4.053173350069265268e+00
4.052407004901589893e+00
4.051641729585549356e+00
4.050877524039550259e+00
4.050114387690966211e+00
4.049352319580485471e+00
4.048591318452523957e+00
4.047831382839206071e+00
4.047072511141837303e+00
4.046314701710253203e+00
4.045557952917613775e+00
4.044802263227265549e+00
4.044047631248511188e+00
4.043294055778705598e+00
4.042541535830616262e+00
4.041790070645161492e+00
4.041039659690547126e+00
4.040290302649798271e+00
4.039541999398917227e+00
4.038794749978175780e+00
4.038048554558992365e+00
4.037303413408608321e+00
4.036559326854447072e+00
4.035816295249774477e+00
4.035074318941819449e+00
4.034333398243277635e+00
4.033593533407738185e+00
4.032854724609367558e+00
4.032116971926954285e+00
4.031380275332280050e+00
4.030644634682611027e+00
4.029910049717005727e+00
4.029176520056104494e+00
4.028444045204999213e+00
4.027712624558744459e+00
4.026982257410068655e+00
4.026252942958839398e+00
4.025524680322868143e+00
4.024797468549661694e+00
4.024071306628722589e+00
4.023346193504073298e+00
4.022622128086704940e+00
4.021899109266684924e+00
4.021177135924731694e+00
4.020456206943055832e+00
4.019736321215331643e+00
4.019017477655748571e+00
4.018299675207051003e+00
4.017582912847566412e+00
4.016867189597178367e+00
4.016152504522366051e+00
4.015438856740310314e+00
4.014726245422073347e+00
4.014014669795098911e+00
4.013304129144963817e+00
4.012594622816573420e+00
4.011886150214920121e+00
4.011178710805397785e+00
4.010472304113989139e+00
4.009766929727250684e+00
4.009062587292280710e+00
4.008359276517077241e+00
4.007656997171109126e+00
4.006955749086492879e+00
4.006255532160104771e+00
4.005556346356168085e+00
4.004858191711300641e+00
4.004161068336958174e+00
4.003464976429124356e+00
4.002769916256319505e+00
4.002075888188158181e+00
4.001382892603805530e+00
4.000690930148424584e+00
4.000000000000000000e+00
