4.058570975368806621e+00
4.057797195203530549e+00
4.057024493135867438e+00
4.056252855046446726e+00
4.055482274987623370e+00
4.054712750699977164e+00
4.053944282382969000e+00
4.053176871454466479e+00
4.052410519815409451e+00
4.051645229367631273e+00
4.050881001759560007e+00
4.050117838271400039e+00
4.049355739791232978e+00
4.048594706840889401e+00
4.047834739625749023e+00
4.047075838091911848e+00
4.046318001981539680e+00
4.045561230881519421e+00
4.044805524263903607e+00
4.044050881518144180e+00
4.043297301975834479e+00
4.042544784929317458e+00
4.041793329645308575e+00
4.041042935374618672e+00
4.040293601359032039e+00
4.039545326836011085e+00
4.038798111041826289e+00
4.038051953213608769e+00
4.037306852590622164e+00
4.036562808414974945e+00
4.035819819931990793e+00
4.035077886390300073e+00
4.034337007041801648e+00
4.033597181141489685e+00
4.032858407947222723e+00
4.032120686719440350e+00
4.031384016720866548e+00
4.030648397216205048e+00
4.029913827471808041e+00
4.029180306755352881e+00
4.028447834335524114e+00
4.027716409481707949e+00
4.026986031463668958e+00
4.026256699551237439e+00
4.025528413014009210e+00
4.024801171121047183e+00
4.024074973140593592e+00
4.023349818339759132e+00
4.022625705984235189e+00
4.021902635338000742e+00
4.021180605663035479e+00
4.020459616219045351e+00
4.019739666263149935e+00
4.019020755049599991e+00
4.018302881829479034e+00
4.017586045850409349e+00
4.016870246356245566e+00
4.016155482586774461e+00
4.015441753777390765e+00
4.014729059158753444e+00
4.014017397956513022e+00
4.013306769390971418e+00
4.012597172676665380e+00
4.011888607022078723e+00
4.011181071629290606e+00
4.010474565693573190e+00
4.009769088403086101e+00
4.009064638938514946e+00
4.008361216472949629e+00
4.007658820172109060e+00
4.006957449195001075e+00
4.006257102696474171e+00
4.005557779832825460e+00
4.004859479776012421e+00
4.004162201740433247e+00
4.003465945051313035e+00
4.002770709261556981e+00
4.002076494463186584e+00
4.001383301773913992e+00
4.000691134799169824e+00
4.000000000000000000e+00
