1.999971597877220475e+01
1.999961592587817094e+01
1.999951003213140410e+01
1.999944200500995706e+01
1.999941027119181314e+01
1.999941356732884401e+01
1.999944664079085399e+01
1.999950383646395835e+01
1.999957914726262942e+01
1.999966690525355872e+01
1.999976198683634010e+01
1.999985999508819745e+01
1.999995731050627157e+01
2.000005108577770585e+01
2.000013917972801636e+01
2.000022007124380607e+01
2.000029275711653654e+01
2.000035665446011635e+01
2.000041151210793444e+01
2.000045733799873204e+01
2.000049433785626718e+01
2.000052287070503354e+01
2.000054341123950863e+01
2.000055652276352092e+01
2.000056283341064045e+01
2.000056301755126142e+01
2.000055777676023894e+01
2.000054782544996002e+01
2.000053387418168782e+01
2.000051661717471774e+01
2.000049671879416380e+01
2.000047480343533479e+01
2.000045144654329832e+01
2.000042716776485818e+01
2.000040242650164046e+01
2.000037761938170888e+01
2.000035307987698019e+01
2.000032907948785876e+01
2.000030583030117981e+01
2.000028348886765883e+01
2.000026216084032527e+01
2.000024190617373421e+01
2.000022274430522273e+01
2.000020465974584383e+01
2.000018760740887558e+01
2.000017151752876998e+01
2.000015630032451242e+01
2.000014185012545198e+01
2.000012804942113931e+01
2.000011477187956999e+01
2.000010188547867429e+01
2.000008925518969249e+01
2.000007674490432663e+01
2.000006422005787599e+01
2.000005154869784718e+01
2.000003860439450065e+01
2.000002526638272471e+01
2.000001142312015290e+01
1.999999697200143345e+01
1.999998182262655178e+01
1.999996589819237158e+01
1.999994913706547095e+01
1.999993149493448641e+01
1.999991294798875074e+01
1.999989349278310158e+01
1.999987314987269826e+01
1.999985196304690760e+01
1.999983000282590950e+01
1.999980736369860779e+01
1.999978416131796166e+01
1.999976053109922702e+01
1.999973662487660064e+01
1.999971259805673540e+01
1.999968864689487447e+01
1.999966498947548033e+01
1.999964215256646227e+01
1.999962094500964227e+01
1.999960429804051287e+01
1.999959707030098954e+01
1.999961755770631200e+01
1.999967660405673087e+01
