1.999949277573110962e+01
1.999937130617354697e+01
1.999926136191628956e+01
1.999919223260515366e+01
1.999915748392043113e+01
1.999915611350261457e+01
1.999918423809779000e+01
1.999923765215395122e+01
1.999931141875173068e+01
1.999940051003776986e+01
1.999950004658870029e+01
1.999960555889508385e+01
1.999971312817443092e+01
1.999981946523579168e+01
1.999992192034204663e+01
2.000001845429742175e+01
2.000010757792223970e+01
2.000018827898223250e+01
2.000025994555053543e+01
2.000032229354577495e+01
2.000037530068248870e+01
2.000041915331503972e+01
2.000045419884386888e+01
2.000048090993831451e+01
2.000049985297918553e+01
2.000051166337963338e+01
2.000051702305499290e+01
2.000051664247492411e+01
2.000051124253991830e+01
2.000050154043179873e+01
2.000048823513380469e+01
2.000047199609558035e+01
2.000045345278715558e+01
2.000043318673148818e+01
2.000041172518276866e+01
2.000038953690798849e+01
2.000036703014310646e+01
2.000034455192474425e+01
2.000032238916910288e+01
2.000030077119380323e+01
2.000027987308948596e+01
2.000025982010826198e+01
2.000024069211795208e+01
2.000022252893016983e+01
2.000020533510227594e+01
2.000018908540845786e+01
2.000017372910094338e+01
2.000015919453264601e+01
2.000014539342797804e+01
2.000013222462832729e+01
2.000011957702843191e+01
2.000010733297512999e+01
2.000009537049908204e+01
2.000008356625924222e+01
2.000007179676770619e+01
2.000005994123424458e+01
2.000004788271167655e+01
2.000003551019067061e+01
2.000002272047884588e+01
2.000000941861244641e+01
1.999999552194455532e+01
1.999998096010298809e+01
1.999996567630277511e+01
1.999994963237084988e+01
1.999993280578419430e+01
1.999991519607105062e+01
1.999989682160955340e+01
1.999987772410851505e+01
1.999985796565418639e+01
1.999983762967617906e+01
1.999981681711316028e+01
1.999979565192715469e+01
1.999977427633928073e+01
1.999975290202338485e+01
1.999973182735805821e+01
1.999971176283365892e+01
1.999969389451769786e+01
1.999968163294754575e+01
1.999968009527880142e+01
1.999970414439426847e+01
1.999974970729090273e+01
