2.000001036320521663e+01
2.000025820320723113e+01
2.000035596721546582e+01
2.000041282412176002e+01
2.000046159974282389e+01
2.000051452622869519e+01
2.000057119292599950e+01
2.000062720502158342e+01
2.000067716104799231e+01
2.000071649623151160e+01
2.000074208943110676e+01
2.000075240171758750e+01
2.000074730374561227e+01
2.000072778478219249e+01
2.000069561653494432e+01
2.000065303909487113e+01
2.000060248866366308e+01
2.000054638613741886e+01
2.000048698424151894e+01
2.000042627071831447e+01
2.000036591511091189e+01
2.000030725412756638e+01
2.000025129886471476e+01
2.000019876259038654e+01
2.000015009563640689e+01
2.000010552665046504e+01
2.000006510256117309e+01
2.000002872873461257e+01
1.999999620338616779e+01
1.999996724997667030e+01
1.999994154338746100e+01
1.999991873279979160e+01
1.999989846016699246e+01
1.999988037492997250e+01
1.999986414539619872e+01
1.999984946714836909e+01
1.999983606914590695e+01
1.999982371712677320e+01
1.999981221539539789e+01
1.999980140704488107e+01
1.999979117273154827e+01
1.999978142865640862e+01
1.999977212345547883e+01
1.999976323501937614e+01
1.999975476660313944e+01
1.999974674339813419e+01
1.999973920873219058e+01
1.999973222056976141e+01
1.999972584885702886e+01
1.999972017292607873e+01
1.999971527922420833e+01
1.999971126022051848e+01
1.999970821315710978e+01
1.999970623994378727e+01
1.999970544716317988e+01
1.999970594634294230e+01
1.999970785520947913e+01
1.999971129874950648e+01
1.999971641004994538e+01
1.999972333315715289e+01
1.999973222323474076e+01
1.999974324958408545e+01
1.999975659566642605e+01
1.999977246281990162e+01
1.999979107024038782e+01
1.999981265626832894e+01
1.999983747962486547e+01
1.999986582103373678e+01
1.999989797942020431e+01
1.999993427218966602e+01
1.999997502485452472e+01
2.000002055946054469e+01
2.000007115515001743e+01
2.000012701236277124e+01
2.000018808891403310e+01
2.000025403436437443e+01
2.000032349319273095e+01
2.000039429036417360e+01
2.000046030684142906e+01
2.000051517781455246e+01
2.000052133435383439e+01
