2.090348930734126043e+01
2.123752535710504219e+01
2.155447698097681908e+01
2.185208365980493639e+01
2.212779064888774627e+01
2.237873129461938149e+01
2.260190694313732607e+01
2.279437172225894059e+01
2.295344422761580105e+01
2.307691667024153759e+01
2.316324739870550786e+01
2.321171858434255242e+01
2.322254487971897419e+01
2.319692222944485138e+01
2.313701141362326297e+01
2.304585698124137494e+01
2.292724861091878807e+01
2.278553761065397865e+01
2.262542543262894057e+01
2.245174305213653199e+01
2.226923961069708113e+01
2.208239603862467959e+01
2.189527508125842914e+01
2.171141405900072385e+01
2.153376167846866807e+01
2.136465594810157143e+01
2.120583718386653516e+01
2.105848834442923234e+01
2.092329441806751689e+01
2.080051301942187791e+01
2.069004944025257231e+01
2.059153080376835021e+01
2.050437545557589303e+01
2.042785509584778225e+01
2.036114832057011270e+01
2.030338514795483817e+01
2.025368276476028839e+01
2.021117316018952081e+01
2.017502356616376247e+01
2.014445073378662698e+01
2.011873008998888324e+01
2.009720076370629016e+01
2.007926737920139360e+01
2.006439940157219581e+01
2.005212870417274473e+01
2.004204590850230261e+01
2.003379594937669950e+01
2.002707321319269340e+01
2.002161652420464222e+01
2.001720417965113796e+01
2.001364917921952724e+01
2.001079474494551746e+01
2.000851019520867524e+01
2.000668720029283421e+01
2.000523643721351164e+01
2.000408462711818913e+01
2.000317195033568396e+01
2.000244980187090249e+01
2.000187887001293774e+01
2.000142749362959549e+01
2.000107028500702455e+01
2.000078695945650864e+01
2.000056137815448665e+01
2.000038073848925180e+01
2.000023492332713460e+01
2.000011595832118516e+01
2.000001757638340294e+01
1.999993487173384565e+01
1.999986400325312275e+01
1.999980198619984506e+01
1.999974650318274527e+01
1.999969576068669852e+01
1.999964836934312018e+01
1.999960323481405311e+01
1.999955948087993818e+01
1.999951631582009171e+01
1.999947323045569547e+01
1.999942999093930140e+01
1.999938885113798648e+01
1.999935601581250566e+01
1.999936291854828596e+01
