4.051955861270166714e+00
4.050430000003608200e+00
4.048908467166089764e+00
4.047391219677087371e+00
4.045878297365503862e+00
4.044369758775497203e+00
4.042865701761658492e+00
4.041366276045884831e+00
4.039871701878650967e+00
4.038382290035876565e+00
4.036898463285620409e+00
4.035420777423524008e+00
4.033949940126641209e+00
4.032486825574694400e+00
4.031032482881227175e+00
4.029588136631166329e+00
4.028155178281637383e+00
4.026735147774208379e+00
4.025329705364921296e+00
4.023940594328425213e+00
4.022569595771364526e+00
4.021218477252714862e+00
4.019888937232503956e+00
4.018582547553387840e+00
4.017300696216042688e+00
4.016044532662607303e+00
4.014814917657623106e+00
4.013612379676464670e+00
4.012437079491223635e+00
4.011288784396906948e+00
4.010166853241806884e+00
4.009070233142132622e+00
4.007997468454317591e+00
4.006946722431196761e+00
4.005915812041289215e+00
4.004902257787168907e+00
4.003903353545155142e+00
4.002916271403051951e+00
4.001938230377755090e+00
4.000966767597710749e+00
4.000000000000000000e+00
