4.053518827408479908e+00
4.051988458242933078e+00
4.050462424043306697e+00
4.048940653083215047e+00
4.047423162646170525e+00
4.045909972583713987e+00
4.044401121514788144e+00
4.042896671160602473e+00
4.041396716662445598e+00
4.039901397829435581e+00
4.038410912653103146e+00
4.036925532199200362e+00
4.035445616298883209e+00
4.033971629028735073e+00
4.032504152817912413e+00
4.031043899889673376e+00
4.029591719745186040e+00
4.028148601512889115e+00
4.026715670217847709e+00
4.025294176348504394e+00
4.023885478480859312e+00
4.022491019124311507e+00
4.021112294342092497e+00
4.019750818041396556e+00
4.018408082102771672e+00
4.017085513714119038e+00
4.015784431392174447e+00
4.014506001218632214e+00
4.013251194805460109e+00
4.012020750437842231e+00
4.010815138758649034e+00
4.009634534222574764e+00
4.008478793477274316e+00
4.007347441637107543e+00
4.006239667587000675e+00
4.005154328927384100e+00
4.004089967181557519e+00
4.003044825172549004e+00
4.002016829079915183e+00
4.001003333743129886e+00
4.000000000000000000e+00
