4.052472300031886299e+00
4.050943461304809645e+00
4.049418946999526092e+00
4.047898678299281627e+00
4.046382663857581719e+00
4.044870909187110009e+00
4.043363430563766237e+00
4.041860255971772453e+00
4.040361431887920851e+00
4.038867031172203248e+00
4.037377164145738995e+00
4.035891992807115081e+00
4.034411748586423485e+00
4.032936753586219503e+00
4.031467444939711875e+00
4.030004401436720229e+00
4.028548371057676825e+00
4.027100297545572083e+00
4.025661343714650897e+00
4.024232908913834450e+00
4.022816637995041411e+00
4.021414419318632305e+00
4.020028369762254528e+00
4.018660805349763443e+00
4.017314196917086910e+00
4.015991111095768673e+00
4.014694137738850088e+00
4.013425805664491364e+00
4.012188489218996068e+00
4.010984308637857154e+00
4.009815027579258562e+00
4.008681951486670059e+00
4.007585830878233502e+00
4.006526773989569357e+00
4.005504174477199975e+00
4.004516660552400076e+00
4.003562075305300283e+00
4.002637489879981025e+00
4.001739215200961652e+00
4.000862515829925137e+00
4.000000000000000000e+00
