4.056912009370856609e+00
4.055370412852416173e+00
4.053833196408728412e+00
4.052300250566208462e+00
4.050771577797755540e+00
4.049247169575474814e+00
4.047727020932591735e+00
4.046211126597712315e+00
4.044699482616213260e+00
4.043192086626632431e+00
4.041688938879891779e+00
4.040190043475950787e+00
4.038695410109071737e+00
4.037205056407162651e+00
4.035719011042444571e+00
4.034237317784269194e+00
4.032760040673577073e+00
4.031287270481866969e+00
4.029819132581034857e+00
4.028355796286634316e+00
4.026897485643943675e+00
4.025444491504114097e+00
4.023997184590800025e+00
4.022556029094288554e+00
4.021121596163593992e+00
4.019694576511985140e+00
4.018275791228465899e+00
4.016866199807868298e+00
4.015466904402439141e+00
4.014079149336422070e+00
4.012704315072847194e+00
4.011343905918121955e+00
4.009999531034777576e+00
4.008672877955433478e+00
4.007365677615371879e+00
4.006079654989299854e+00
4.004816450800174010e+00
4.003577454724420726e+00
4.002363385807544027e+00
4.001173048014305067e+00
4.000000000000000000e+00
