4.058268483217397637e+00
4.056722858798905484e+00
4.055181602777455652e+00
4.053644630243228519e+00
4.052111942631932529e+00
4.050583532588770908e+00
4.049059395189377852e+00
4.047539524735083383e+00
4.046023915690044603e+00
4.044512562424491975e+00
4.043005459343109287e+00
4.041502600937199041e+00
4.040003981915799791e+00
4.038509597392662798e+00
4.037019443162676247e+00
4.035533516090128003e+00
4.034051814642969802e+00
4.032574339614522607e+00
4.031101095083983843e+00
4.029632089676527862e+00
4.028167338192414348e+00
4.026706863681108750e+00
4.025250700039717522e+00
4.023798895213428040e+00
4.022351515067609462e+00
4.020908647984861695e+00
4.019470410214607270e+00
4.018036951965749282e+00
4.016608464186076866e+00
4.015185185909820653e+00
4.013767411986045808e+00
4.012355500890647519e+00
4.010949882196429783e+00
4.009551062907105390e+00
4.008159631228525477e+00
4.006776254048872055e+00
4.005401659456340191e+00
4.004036579057326684e+00
4.002681586346950482e+00
4.001336648205199964e+00
4.000000000000000000e+00
