4.058552757674227074e+00
4.057006272164738192e+00
4.055464137122982926e+00
4.053926281838706736e+00
4.052392707988001774e+00
4.050863409371378232e+00
4.049338381677316967e+00
4.047817619886935780e+00
4.046301119118909995e+00
4.044788874404189549e+00
4.043280880750885764e+00
4.041777133110901588e+00
4.040277626375217146e+00
4.038782355366066668e+00
4.037291314837613498e+00
4.035804499481556284e+00
4.034321903937722276e+00
4.032843522808824410e+00
4.031369350679753438e+00
4.029899382142839492e+00
4.028433611831951922e+00
4.026972034469788575e+00
4.025514644934257369e+00
4.024061438351534292e+00
4.022612410225101520e+00
4.021167556612157412e+00
4.019726874360745938e+00
4.018290361423849433e+00
4.016858017268051917e+00
4.015429843398921506e+00
4.014005844021395042e+00
4.012586026863292687e+00
4.011170404157915925e+00
4.009758993813746564e+00
4.008351820626368855e+00
4.006948917520849918e+00
4.005550325969208458e+00
4.004156095416576910e+00
4.002766277830585473e+00
4.001380918919503316e+00
4.000000000000000000e+00
