2.000000430277655283e+01
2.000041641203903708e+01
2.000033604552779565e+01
2.000032397044171617e+01
2.000032321295212157e+01
2.000037277252362955e+01
2.000049553582646311e+01
2.000073578552147779e+01
2.000115511390793799e+01
2.000184270534479580e+01
2.000292310437038523e+01
2.000456612187722172e+01
2.000699676611109368e+01
2.001050470749810728e+01
2.001545191144530733e+01
2.002227702802110088e+01
2.003149500262754756e+01
2.004369050951227749e+01
2.005950415596269565e+01
2.007961097246403526e+01
2.010469143698386674e+01
2.013539608609141496e+01
2.017230552356022599e+01
2.021588822678629427e+01
2.026645888458134337e+01
2.032414001865906883e+01
2.038882939026095542e+01
2.046017517944488517e+01
2.053756038806647055e+01
2.062009719467849678e+01
2.070663180392949343e+01
2.079575947350340570e+01
2.088585077245611643e+01
2.097508793904438917e+01
2.106151738229323911e+01
2.114311400318645084e+01
2.121787801141384122e+01
2.128390046279103132e+01
2.133927541993380927e+01
2.138062772455474203e+01
2.139772754942532629e+01
