2.000001113958888155e+01
2.000044589326891753e+01
2.000041747844732143e+01
2.000043781059729397e+01
2.000044242133653327e+01
2.000045051231789728e+01
2.000045750314909654e+01
2.000046534297799639e+01
2.000047358133369357e+01
2.000048223138748327e+01
2.000049108453469415e+01
2.000050001397254817e+01
2.000050894993211870e+01
2.000051794893006729e+01
2.000052725196461267e+01
2.000053737595374770e+01
2.000054923595097733e+01
2.000056431024828640e+01
2.000058485809222120e+01
2.000061420272055202e+01
2.000065709362720767e+01
2.000072016327377256e+01
2.000081249372455261e+01
2.000094630808677110e+01
2.000113779923671942e+01
2.000140810403000202e+01
2.000178442351217711e+01
2.000230128140216479e+01
2.000300189418851815e+01
2.000393961520362396e+01
2.000517936078723125e+01
2.000679890791017002e+01
2.000888971343493239e+01
2.001155677401062505e+01
2.001491568698271095e+01
2.001908379790676662e+01
2.002415415335319082e+01
2.003013068130593410e+01
2.003675429744467351e+01
2.004307785585287149e+01
2.004638398531824350e+01
