1.999999851130609940e+01
2.000040309533655503e+01
2.000036789987081676e+01
2.000038207196356410e+01
2.000038413397273374e+01
2.000039139540042754e+01
2.000039857512530261e+01
2.000040695494609722e+01
2.000041580637432759e+01
2.000042501056695698e+01
2.000043432928962162e+01
2.000044364714775114e+01
2.000045290160462486e+01
2.000046209090214688e+01
2.000047125663182257e+01
2.000048048354167207e+01
2.000048991251992092e+01
2.000049977337826590e+01
2.000051043839568976e+01
2.000052249950439887e+01
2.000053687254989754e+01
2.000055493389953654e+01
2.000057869619709550e+01
2.000061103185970168e+01
2.000065595343134106e+01
2.000071896193181686e+01
2.000080747143315563e+01
2.000093132333262602e+01
2.000110338772463336e+01
2.000134027288279626e+01
2.000166308785165370e+01
2.000209831896460599e+01
2.000267851442735179e+01
2.000344301024140492e+01
2.000443712646102767e+01
2.000571070768211612e+01
2.000730794651097355e+01
2.000925156608779432e+01
2.001148088504859857e+01
2.001375964837726329e+01
2.001521449506981298e+01
