1.999999529272595211e+01
2.000039725751176078e+01
2.000036140858749789e+01
2.000037027765712949e+01
2.000036553737642109e+01
2.000036427277342099e+01
2.000036171738511115e+01
2.000035960570558302e+01
2.000035772743658669e+01
2.000035638373117663e+01
2.000035563836455665e+01
2.000035554653513614e+01
2.000035610503153904e+01
2.000035728897077902e+01
2.000035906178328915e+01
2.000036138844024691e+01
2.000036424157081782e+01
2.000036760362194954e+01
2.000037146541803423e+01
2.000037582308828732e+01
2.000038067470218550e+01
2.000038601786879511e+01
2.000039184905962131e+01
2.000039816527598902e+01
2.000040496802197154e+01
2.000041227094738261e+01
2.000042010902036438e+01
2.000042855550207221e+01
2.000043773529456459e+01
2.000044786258770557e+01
2.000045924628338412e+01
2.000047239471526694e+01
2.000048794488433401e+01
2.000050705654768279e+01
2.000053097808282487e+01
2.000056296673529488e+01
2.000060672014582863e+01
2.000067772852534631e+01
2.000080301913036251e+01
2.000110318900056683e+01
2.000164031912572682e+01
