2.000000187465098733e+01
2.000039404475316829e+01
2.000035887627459275e+01
2.000037203833405997e+01
2.000037227670086537e+01
2.000037552138147845e+01
2.000037643620836647e+01
2.000037654968816625e+01
2.000037565925737226e+01
2.000037419481819256e+01
2.000037239760568752e+01
2.000037050708296960e+01
2.000036868773603160e+01
2.000036705324208341e+01
2.000036566915211367e+01
2.000036456346357738e+01
2.000036373469177420e+01
2.000036316080890231e+01
2.000036280811511702e+01
2.000036263988128482e+01
2.000036262400981713e+01
2.000036273897352501e+01
2.000036297771478289e+01
2.000036334968267226e+01
2.000036388100074092e+01
2.000036461447861313e+01
2.000036560748944581e+01
2.000036693393219878e+01
2.000036867830529630e+01
2.000037094950146965e+01
2.000037385583407357e+01
2.000037757395718785e+01
2.000038223619073463e+01
2.000038828543522484e+01
2.000039601670977518e+01
2.000040754348714955e+01
2.000042541798814355e+01
2.000046459167306878e+01
2.000055349058017740e+01
2.000081928227087857e+01
2.000134118448477238e+01
