2.000000000000000000e+01
2.000000240331826973e+01
2.000000285999063010e+01
1.999999722440315253e+01
1.999999883839181081e+01
1.999999586113307259e+01
1.999999579851587939e+01
2.000000091198799268e+01
2.000000671208089287e+01
2.000000391667499855e+01
2.000000190120741905e+01
1.999998795018498043e+01
2.000000851956484382e+01
1.999998115359165851e+01
1.999999656611959153e+01
1.999999539797696357e+01
1.999999031584538045e+01
2.000000592201566363e+01
2.000001381210961782e+01
2.000000252424260694e+01
2.000000585691188704e+01
1.999999340099569878e+01
2.000000671565933885e+01
1.999999423059060177e+01
1.999999503304360005e+01
1.999999269724143502e+01
2.000000337124377126e+01
2.000000365632531185e+01
2.000001326363872067e+01
2.006944536462460960e+01
2.041665948602072334e+01
2.076388609844114441e+01
2.111110684060935938e+01
2.145832549200492068e+01
2.180555317569031359e+01
2.215277509216697638e+01
2.250000606190984698e+01
2.284720608647325690e+01
2.319445140890902479e+01
2.354165810731893416e+01
2.388890178195384451e+01
2.423612475134689603e+01
2.458332824493012225e+01
2.493056028687693981e+01
2.472222744749013756e+01
2.437500380493547070e+01
2.402776680126333630e+01
2.368055595977929428e+01
2.333331709037241097e+01
2.298611153951249975e+01
2.263888797219405546e+01
2.229167502536660095e+01
2.194446113422042899e+01
2.159719883385864847e+01
2.125000353648043827e+01
2.090277898669028644e+01
2.055556779465918282e+01
2.020834143260796623e+01
1.999999779913147790e+01
1.999999633719322389e+01
2.000000744090306526e+01
2.000000012597013566e+01
2.000000092893623815e+01
2.000000241853208038e+01
2.000001999213695569e+01
1.999999854311514014e+01
2.000000159973821212e+01
1.999999345290550323e+01
1.999999640600870876e+01
2.000000414490911993e+01
2.000000512444815115e+01
1.999999055446859586e+01
1.999999716267701189e+01
1.999999705150955975e+01
2.000000791235286357e+01
2.000000930391853871e+01
2.000000013359720796e+01
1.999999008851428428e+01
1.999999742701583827e+01
1.999999928569782526e+01
2.000001056638905439e+01
1.999998630431528213e+01
2.000000162375591373e+01
1.999999748588295745e+01
2.000000708677524486e+01
2.000000767686383440e+01
1.999998414145898806e+01
2.000000363201102616e+01
1.999999966527665762e+01
2.000002234884790653e+01
1.999999666880038518e+01
1.999999604875860371e+01
1.999999856566764223e+01
2.000000117024884716e+01
1.999998728208378651e+01
2.000000890550460397e+01
1.999998931251984757e+01
1.999998901037918841e+01
1.999999252229387636e+01
1.999999100065987534e+01
2.000001412073591212e+01
1.999999359458853476e+01
2.000000281557770876e+01
2.000000338839668856e+01
2.000001025759059559e+01
1.999999955243749383e+01
2.000000181334602800e+01
1.999999643980992658e+01
1.999999732085675674e+01
1.999999485375940012e+01
1.999998589379253389e+01
2.000001153378182295e+01
1.999999298778978130e+01
2.000000084538032752e+01
1.999999990815042850e+01
2.000001389500431159e+01
2.000000707609254036e+01
1.999999824136972393e+01
2.000000433951425194e+01
1.999999885674082734e+01
2.000000922419717497e+01
1.999998391104838191e+01
2.000001228747504811e+01
2.000001361765662011e+01
2.000000017401769981e+01
2.000000442678951984e+01
2.000001113561303256e+01
1.999999492438373494e+01
2.000000430277655283e+01
2.000000254416783818e+01
2.000000646223111289e+01
1.999999648444308420e+01
2.000000817046648649e+01
2.000000240622210512e+01
2.000000265954123435e+01
1.999999662024215041e+01
1.999999640304158532e+01
1.999999455114571134e+01
2.000000813734100902e+01
2.000000296486765805e+01
2.000000283224540709e+01
1.999999921976167272e+01
1.999999049877306234e+01
2.000001107605271145e+01
1.999999455439793650e+01
1.999999702577607152e+01
1.999999308003033605e+01
1.999999711101628819e+01
2.000000228281605175e+01
1.999999907144598055e+01
2.000000401710783748e+01
2.000000280589114254e+01
2.000000484879478080e+01
2.000000301999676466e+01
1.999999479122246626e+01
1.999999761106144547e+01
2.000000446512474639e+01
2.000000423395267291e+01
1.999999715607495787e+01
2.000000464310658543e+01
1.999999888022450278e+01
2.000000025469289611e+01
1.999999304544031631e+01
1.999999726834694513e+01
2.000000118362008905e+01
1.999999712999444057e+01
1.999999953317943735e+01
2.000000924639352817e+01
2.000001766697444694e+01
1.999999021944602617e+01
1.999999419308551296e+01
1.999999767937209327e+01
2.000000974691153743e+01
1.999999860642952143e+01
2.000000780244515397e+01
1.999999969978832581e+01
1.999998056400690416e+01
2.000001255594721528e+01
2.000000186832091487e+01
2.000000109008973936e+01
2.000002406004511712e+01
1.999998717957542382e+01
1.999998689281290609e+01
1.999999918536052235e+01
2.000000079334001768e+01
2.000000338060701921e+01
2.000001564398880305e+01
2.000001390407060242e+01
2.000000890199560288e+01
1.999999225350033072e+01
2.000001113958888155e+01
1.999999573547477283e+01
2.000001424528912253e+01
1.999997552098860965e+01
1.999999745337877144e+01
2.000000887301714414e+01
1.999999611785618470e+01
2.000000465941596772e+01
1.999999878313997215e+01
1.999999302726554617e+01
1.999999696635362767e+01
1.999999835026377326e+01
2.000000862033203575e+01
1.999998966085583163e+01
1.999999851130609940e+01
1.999999840908878923e+01
2.000000129055178277e+01
1.999999952436568407e+01
2.000001045146644074e+01
1.999998876543848780e+01
1.999999004591753504e+01
2.000000649708262657e+01
1.999999206477798097e+01
1.999998846004338660e+01
2.000000337667049877e+01
2.000000367464015127e+01
1.999999368539134892e+01
2.000000681928628765e+01
1.999999763625418581e+01
2.000000917295552583e+01
2.000000042403689093e+01
1.999999118739977177e+01
1.999998902120480793e+01
2.000000385592164776e+01
2.000000674315503346e+01
1.999999351629400479e+01
1.999999992324066156e+01
1.999999030187891691e+01
1.999999851316728794e+01
1.999999557008038309e+01
1.999999328475325910e+01
1.999999483979750536e+01
1.999999991530417276e+01
2.000000433978990344e+01
1.999999853879760536e+01
2.000000150061157100e+01
1.999999987490076236e+01
1.999998814897315924e+01
1.999999971050841552e+01
2.000001089319002290e+01
2.000000360887922568e+01
2.000000327904376363e+01
1.999998704004031680e+01
2.000000143959248433e+01
2.000001366871920894e+01
1.999999529272595211e+01
2.000000854595788624e+01
1.999999213600127490e+01
1.999999311988284489e+01
2.000000657959286698e+01
1.999999130828302540e+01
1.999999546787849525e+01
2.000001732834691026e+01
2.000000751585094250e+01
1.999999033632069256e+01
1.999998737147803851e+01
1.999999602576310664e+01
1.999999925135433898e+01
2.000000643105769527e+01
2.000001020448120670e+01
1.999999161282864790e+01
1.999998972050435242e+01
1.999999160784000551e+01
2.000000320866556436e+01
1.999999653648316666e+01
1.999999941159038741e+01
1.999999685253938253e+01
2.000000298337288385e+01
2.000000535203269791e+01
1.999998316688326128e+01
1.999999988945883089e+01
2.000000673866250622e+01
2.000001544789193986e+01
2.000001563322537024e+01
2.000000285559615065e+01
1.999999901391412038e+01
1.999998485578115037e+01
2.000000210974616977e+01
2.000000133545703207e+01
2.000000591528045746e+01
1.999998525019839235e+01
1.999999014415256582e+01
1.999998962934814628e+01
2.000001038170564271e+01
1.999999203318204621e+01
1.999999166696563790e+01
2.000000039140414287e+01
2.000000327557361146e+01
2.000000099359835559e+01
2.000001264437744553e+01
1.999999767140716500e+01
2.000000557549616076e+01
1.999999242622829598e+01
1.999999104942461159e+01
2.000001246799789456e+01
1.999999522417172670e+01
1.999999659303081856e+01
1.999999796722957512e+01
2.000000891133468883e+01
2.000001000974556931e+01
2.000000525042086252e+01
2.000000109585169383e+01
2.000000854870594580e+01
1.999999939375760150e+01
2.000001348288155967e+01
1.999999264975617663e+01
1.999999899794672586e+01
1.999999951168254952e+01
1.999999326316435955e+01
2.000000187465098733e+01
1.999999656684154559e+01
2.000000238458873980e+01
2.000000383350927891e+01
2.000000185611448700e+01
1.999999761893234407e+01
1.999998794319671802e+01
2.000000476515491243e+01
2.000000587006381991e+01
2.000000422745990747e+01
2.000000078493795641e+01
2.000000753465187842e+01
1.999999301358398185e+01
1.999999600707919711e+01
2.000000332356940547e+01
2.000000578806164597e+01
2.000001115239255967e+01
1.999999626120909824e+01
1.999999583496844480e+01
1.999999807094205551e+01
1.999998672092685936e+01
2.000000641167659765e+01
1.999999241658760241e+01
1.999999088647447820e+01
2.000000102773859112e+01
1.999999092520459953e+01
1.999999814949699228e+01
2.000000415617689598e+01
1.999999094397999144e+01
1.999999427127335494e+01
1.999999918356903805e+01
1.999999626681394815e+01
2.000000341181966235e+01
2.000000213450963926e+01
2.000000418957887405e+01
1.999999534569155557e+01
