2.000000007517954970e+01
1.995237821897781316e+01
2.002799774030543745e+01
2.048189792872246429e+01
2.130317181217747091e+01
2.220638482214660669e+01
2.277918634559800992e+01
2.266683834138652642e+01
2.190101587269685268e+01
2.099914551268976481e+01
2.040319291706947169e+01
2.013422792716220044e+01
2.004004196865721710e+01
2.001170406628833831e+01
2.000483066848426361e+01
2.000165171053777158e+01
2.000181531210180808e+01
1.999967972435228702e+01
2.000143286436453138e+01
1.999844936266681472e+01
2.000728125040768646e+01
