2.000000009252791244e+01
2.000839240984338119e+01
2.000792864988485320e+01
2.000830559319569701e+01
2.000877014041058288e+01
2.000945866614571145e+01
2.001035096988466933e+01
2.001117836829947549e+01
2.001184159591339196e+01
2.001185137461374097e+01
2.001126463029869385e+01
2.000966784289753164e+01
2.000775547368746032e+01
2.000532960077570976e+01
2.000377682472657526e+01
2.000247724115597592e+01
2.000306228440386036e+01
2.000367817810170479e+01
2.000638406264909364e+01
2.000790426257546528e+01
2.001270522307459032e+01
