2.000000019686868669e+01
2.000835850032300200e+01
2.000782110513661038e+01
2.000804899800506220e+01
2.000829210637395050e+01
2.000871582011443195e+01
2.000938746412040103e+01
2.001014381450786317e+01
2.001101090932822402e+01
2.001156039218478710e+01
2.001183668878225674e+01
2.001125085781968238e+01
2.001023056170485148e+01
2.000823818064938919e+01
2.000645928777345262e+01
2.000423569079145736e+01
2.000343895800893534e+01
2.000252337134417857e+01
2.000389889386190134e+01
2.000439274678927504e+01
2.000874277613911545e+01
