2.000000000000000711e+01
2.000017980519282546e+01
2.000000011192969041e+01
2.000000000003769074e+01
1.999999999999963407e+01
2.000000000000039435e+01
2.000000000000031264e+01
1.999999999999976907e+01
2.000000000000106226e+01
1.999999999999957012e+01
2.000000000000195755e+01
2.000000000000096279e+01
2.000000000000057199e+01
1.999999999999875300e+01
2.000000000000133582e+01
2.000000000000119016e+01
2.000000000000013500e+01
2.000000000000184386e+01
2.000000000000132161e+01
2.000000000000190425e+01
1.999999999999737099e+01
2.000000000000141043e+01
2.000000000000222045e+01
1.999999999999937472e+01
1.999999999999993960e+01
2.000000000000012434e+01
1.999999999999896971e+01
2.000000000000033396e+01
1.999999999999954881e+01
2.000000000000068567e+01
1.999999999999685230e+01
2.000000000000413536e+01
1.999999999999772626e+01
1.999999999999882405e+01
2.000000000000434497e+01
2.000000000000484235e+01
1.999999999999286260e+01
2.000000000003003109e+01
1.999999999995656808e+01
1.999999999995966249e+01
1.999999999996013855e+01
