1.999999999999996447e+01
1.999999999999997868e+01
2.000000000000002132e+01
2.000000000000002132e+01
2.000000000000002842e+01
2.000000000000003197e+01
2.000000000000005684e+01
2.000000000000005684e+01
2.000000000000006395e+01
2.000000000000004974e+01
2.000000000000005684e+01
2.000000000000003553e+01
2.000000000000003197e+01
2.000000000000002842e+01
2.000000000000004263e+01
2.000000000000001776e+01
2.000000000000000711e+01
2.000000000000000711e+01
2.000000000000001776e+01
2.000000000000002842e+01
2.000000000000002132e+01
2.000000000000001421e+01
2.000000000000001066e+01
1.999999999999998579e+01
2.000000000000000000e+01
2.000000000000002487e+01
2.000000000000002487e+01
2.000000000000003908e+01
2.000000000000002487e+01
2.000000000000006395e+01
2.000000000000004263e+01
2.000000000000002842e+01
2.000000000000003553e+01
2.000000000000006395e+01
2.000000000000006040e+01
2.000000000000004263e+01
2.000000000000004619e+01
2.000000000000003553e+01
2.000000000000001066e+01
2.000000000000001066e+01
1.999999999999999289e+01
