6.080749556973077397e+00
6.029826677867213824e+00
5.978877434711483474e+00
5.927900655058089718e+00
5.876895202837305376e+00
5.825859811974676283e+00
5.774793071414220158e+00
5.723693389985529123e+00
5.672558960327116040e+00
5.621387722652286811e+00
5.570177332077198784e+00
5.518925133417392992e+00
5.467628147379304693e+00
5.416283071567966623e+00
5.364886298798260178e+00
5.313433953970725376e+00
5.261921949428180589e+00
5.210346057400571773e+00
5.158701996968271253e+00
5.106985531951642621e+00
5.055192575231425067e+00
5.003319294160197828e+00
4.951362210898325955e+00
4.899318290716889734e+00
4.847185010662378168e+00
4.794960400677330981e+00
4.742643049596550142e+00
4.690232069685745131e+00
4.637727015778589923e+00
4.585127758628092742e+00
4.532434316563245247e+00
4.479646654327667399e+00
4.426764462279243695e+00
4.373786931767838837e+00
4.320712543496439295e+00
4.267538880729542683e+00
4.214262477968312659e+00
4.160878654498151086e+00
4.107381252131752092e+00
4.053761068131081835e+00
4.000000000000000000e+00
