6.074757140795227883e+00
6.023831184873865929e+00
5.972878769250462128e+00
5.921898831013783671e+00
5.870890338969322109e+00
5.819852204493625614e+00
5.768783287383846492e+00
5.717682391881468540e+00
5.666548263500148508e+00
5.615379585475572810e+00
5.564174974966779708e+00
5.512932978973802634e+00
5.461652069950243771e+00
5.410330641084154735e+00
5.358967001217845194e+00
5.307559369373980651e+00
5.256105868851824070e+00
5.204604520853555627e+00
5.153053237596210145e+00
5.101449814859834397e+00
5.049791923916910008e+00
4.998077102781788739e+00
4.946302746711780607e+00
4.894466097883459099e+00
4.842564234158559522e+00
4.790594056843406889e+00
4.738552277333848650e+00
4.686435402524028682e+00
4.634239718841628886e+00
4.581961274754297264e+00
4.529595861570890669e+00
4.477138992338741019e+00
4.424585878605785005e+00
4.371931404810090349e+00
4.319170099952596154e+00
4.266296106584944070e+00
4.213303146101321062e+00
4.160184486004868454e+00
4.106932902073325842e+00
4.053540738853372183e+00
4.000000000000000000e+00
