6.078312362041502936e+00
6.027386539044091940e+00
5.976429074125822360e+00
5.925434493954257142e+00
5.874396311021198080e+00
5.823307349966744262e+00
5.772160554982872505e+00
5.720949886198723355e+00
5.669671166544283381e+00
5.618322728730453797e+00
5.566905747895316559e+00
5.515424187021475078e+00
5.463884336126879404e+00
5.412293994924893603e+00
5.360661424038020151e+00
5.308994249306075552e+00
5.257298519660489333e+00
5.205578077149408678e+00
5.153834310264572061e+00
5.102066263231311183e+00
5.050271001117157432e+00
4.998444102695363433e+00
4.946580166117488631e+00
4.894673248595504234e+00
4.842717201349352685e+00
4.790705892896539808e+00
4.738633333340086295e+00
4.686493721008075042e+00
4.634281434048975967e+00
4.581990986775887897e+00
4.529616966149087709e+00
4.477153959273106665e+00
4.424596478873185745e+00
4.371938890714587522e+00
4.319175344617231183e+00
4.266299709950434504e+00
4.213305513958666815e+00
4.160185892240251704e+00
4.106933539453141435e+00
4.053540833698416002e+00
4.000000000000000000e+00
