6.078518790585046183e+00
6.027593763625832324e+00
5.976639166094424915e+00
5.925651027319201347e+00
5.874624499385525667e+00
5.823553836205573653e+00
5.772432798390794595e+00
5.721255204380611303e+00
5.670015571955936196e+00
5.618709752237571742e+00
5.567335461734922220e+00
5.515892627805120796e+00
5.464383480468113952e+00
5.412812351089969276e+00
5.361185179447139681e+00
5.309508783268345411e+00
5.257789997406590921e+00
5.206034824853282394e+00
5.154247741879443012e+00
5.102431260229254306e+00
5.050585783523667160e+00
4.998709727258368929e+00
4.946799824615526475e+00
4.894851523932506332e+00
4.842859394189694022e+00
4.790817480359174318e+00
4.738719578632787588e+00
4.686559424483260017e+00
4.634330801310304615e+00
4.582027584665534725e+00
4.529643738828896815e+00
4.477173281066542110e+00
4.424610225972941180e+00
4.371948519077695217e+00
4.319181965800265033e+00
4.266304160053910444e+00
4.213308413409706077e+00
4.160187695173699574e+00
4.106934572602956024e+00
4.053541312385311457e+00
4.000000000000000000e+00
