6.079123011016270617e+00
6.028198992393049238e+00
5.977247622992638121e+00
5.926266788056129720e+00
5.875253975042483034e+00
5.824206031615687174e+00
5.773119165663663566e+00
5.721989007554958206e+00
5.670810762997826160e+00
5.619579448294426349e+00
5.568290189646103450e+00
5.516938558683590621e+00
5.465520910843060243e+00
5.414034690341434697e+00
5.362478664693715480e+00
5.310853053355333309e+00
5.259159520739918214e+00
5.207401015564208535e+00
5.155581457223513020e+00
5.103705294162290684e+00
5.051776984079986654e+00
4.999800463969386044e+00
4.947778682470554301e+00
4.895713254798867098e+00
4.843604274541461585e+00
4.791450284945863558e+00
4.739248384428000449e+00
4.686994423757756323e+00
4.634683247765983616e+00
4.582308940116685214e+00
4.529865041151108329e+00
4.477344721556458573e+00
4.424740905567007943e+00
4.372046345234826603e+00
4.319253651786360670e+00
4.266355292479550698e+00
4.213343560331230364e+00
4.160210530485633385e+00
4.106947996954409597e+00
4.053547481488872783e+00
4.000000000000000000e+00
