1.999999995849593404e+01
1.999960304917150467e+01
2.000489403786178855e+01
2.001412073569953876e+01
2.002964786210123194e+01
2.005383034014519694e+01
2.008922542540208767e+01
2.013827441666065354e+01
2.020297479528920093e+01
2.028453911454988301e+01
2.038310230336806228e+01
2.049752440864463665e+01
2.062531858224263104e+01
2.076271244471055866e+01
2.090483234412443991e+01
2.104598830418885314e+01
2.118003294679833459e+01
2.130076785265974593e+01
2.140237203498064744e+01
2.147982642294090283e+01
2.152930436339797637e+01
2.154849250520150150e+01
2.153680261633466486e+01
2.149543753869567198e+01
2.142728726230371805e+01
2.133665436998378340e+01
2.122883757643980829e+01
2.110962956076798136e+01
2.098480174114238395e+01
2.085964829126841025e+01
2.073864478778055798e+01
2.062524947399732156e+01
2.052184601751435622e+01
2.042980394537687516e+01
2.034961986082690899e+01
2.028110288883135226e+01
2.022356840044520609e+01
2.017605373855772299e+01
2.013759273281168305e+01
2.010846499445023383e+01
2.009557505172597303e+01
