2.000000001457454246e+01
1.999844438783340905e+01
1.999860922082271841e+01
1.999860213725133562e+01
1.999861051165651915e+01
1.999861637602827358e+01
1.999862271272521852e+01
1.999862959186367561e+01
1.999863721496362601e+01
1.999864568111335572e+01
1.999865505216525463e+01
1.999866536319128940e+01
1.999867663241763793e+01
1.999868887027007958e+01
1.999870209031431045e+01
1.999871632344561334e+01
1.999873163636333118e+01
1.999874815520859528e+01
1.999876609513068004e+01
1.999878579649591259e+01
1.999880776840596042e+01
1.999883274009213707e+01
1.999886172064970324e+01
1.999889606742540238e+01
1.999893756320491534e+01
1.999898850210379919e+01
1.999905178379032833e+01
1.999913101525979187e+01
1.999923061927773915e+01
1.999935594671227079e+01
1.999951339413641804e+01
1.999971050503268444e+01
1.999995610377653676e+01
2.000026017435910575e+01
2.000063425564460928e+01
2.000108819588891507e+01
2.000163415615528351e+01
2.000223789926940299e+01
2.000285889578151810e+01
2.000271050138812612e+01
2.000066731035258272e+01
