1.999999999862371425e+01
1.999844793141549815e+01
1.999863511553236251e+01
1.999866589379309900e+01
1.999873214576007285e+01
1.999881752123774703e+01
1.999892383817428865e+01
1.999904697265877118e+01
1.999918052021147474e+01
1.999931673798871401e+01
1.999944798914717481e+01
1.999956794310301689e+01
1.999967231734218132e+01
1.999975907952994447e+01
1.999982819823829416e+01
1.999988112146450092e+01
1.999992017276256817e+01
1.999994800938656425e+01
1.999996722030994434e+01
1.999998008207793987e+01
1.999998845099865719e+01
1.999999375265077362e+01
1.999999702859932427e+01
1.999999900807183195e+01
2.000000018304957905e+01
2.000000087493395640e+01
2.000000128808373034e+01
2.000000154982784295e+01
2.000000173906150636e+01
2.000000190504196595e+01
2.000000208263850610e+01
2.000000228980881545e+01
2.000000256307623658e+01
2.000000278215802041e+01
2.000000306358093383e+01
2.000000101936754859e+01
1.999999665109213964e+01
1.999995100289907413e+01
1.999983774400844538e+01
1.999900405667495917e+01
1.999672013889630762e+01
