2.000000003311689767e+01
1.999843761306748391e+01
1.999860069111308292e+01
1.999859073802046439e+01
1.999859564767379894e+01
1.999859733769487846e+01
1.999859874870078613e+01
1.999859991070261245e+01
1.999860099816636705e+01
1.999860209719638604e+01
1.999860327149917438e+01
1.999860457186939300e+01
1.999860604299222544e+01
1.999860772656286301e+01
1.999860966283607056e+01
1.999861189130024997e+01
1.999861445086763467e+01
1.999861737980460674e+01
1.999862071554789011e+01
1.999862449452294300e+01
1.999862875206630619e+01
1.999863352253382232e+01
1.999863883968348333e+01
1.999864473740509396e+01
1.999865125090708418e+01
1.999865841844177439e+01
1.999866628369473176e+01
1.999867489887584426e+01
1.999868432887803493e+01
1.999869465555793013e+01
1.999870598588396575e+01
1.999871844747947947e+01
1.999873222528779948e+01
1.999874738783637085e+01
1.999876428054334099e+01
1.999878076824614936e+01
1.999879709748195111e+01
1.999877434175570556e+01
1.999868565009749233e+01
1.999787431295169782e+01
1.999559883771598834e+01
