2.000000002890298489e+01
1.999843757064609662e+01
1.999860064036108298e+01
1.999859066989077405e+01
1.999859555151037327e+01
1.999859720074633884e+01
1.999859855661263808e+01
1.999859964726966055e+01
1.999860064504924040e+01
1.999860163366062693e+01
1.999860267418336690e+01
1.999860381459569680e+01
1.999860509664890174e+01
1.999860655908138440e+01
1.999860823928640485e+01
1.999861017411162933e+01
1.999861240015429686e+01
1.999861495377421505e+01
1.999861787094959453e+01
1.999862118707514469e+01
1.999862493680902986e+01
1.999862915403259223e+01
1.999863387200608500e+01
1.999863912378045683e+01
1.999864494296530992e+01
1.999865136492279660e+01
1.999865842850170239e+01
1.999866617833931315e+01
1.999867466808652949e+01
1.999868396360537659e+01
1.999869414989641569e+01
1.999870532527534550e+01
1.999871763658456558e+01
1.999873110406515764e+01
1.999874601349190328e+01
1.999876016014041014e+01
1.999877371492518208e+01
1.999874770774402677e+01
1.999865533805506956e+01
1.999784055991772291e+01
1.999556388185646938e+01
