2.000000002306054014e+01
1.999843739706506440e+01
1.999860038594990641e+01
1.999859030535493076e+01
1.999859505725608955e+01
1.999859654572073708e+01
1.999859769712241331e+01
1.999859852528577164e+01
1.999859918688875382e+01
1.999859974871677082e+01
1.999860025381027029e+01
1.999860073119532444e+01
1.999860120294474441e+01
1.999860168759087031e+01
1.999860220201466987e+01
1.999860276251482460e+01
1.999860338542786309e+01
1.999860408750117102e+01
1.999860488610978848e+01
1.999860579937514160e+01
1.999860684622877827e+01
1.999860804643451218e+01
1.999860942058688451e+01
1.999861099009067189e+01
1.999861277715012164e+01
1.999861480477933284e+01
1.999861709689439238e+01
1.999861967844281807e+01
1.999862257588171133e+01
1.999862581701877673e+01
1.999862943392046333e+01
1.999863345246271962e+01
1.999863792231534276e+01
1.999864273674698367e+01
1.999864801989325969e+01
1.999865137505669921e+01
1.999865276209298059e+01
1.999861311653276985e+01
1.999850587438818295e+01
1.999767748715508020e+01
1.999539602497316082e+01
