2.000000005496582034e+01
1.999843739541985599e+01
1.999860039636944720e+01
1.999859033051346913e+01
1.999859508616522774e+01
1.999859656375406303e+01
1.999859769039014878e+01
1.999859848159999487e+01
1.999859909540487024e+01
1.999859959904039641e+01
1.999860003489911975e+01
1.999860043020795430e+01
1.999860080416152286e+01
1.999860117147440874e+01
1.999860154444937876e+01
1.999860193423327814e+01
1.999860235160746313e+01
1.999860280749745201e+01
1.999860331329696805e+01
1.999860388106977638e+01
1.999860452367874686e+01
1.999860525486670326e+01
1.999860608930726968e+01
1.999860704263928568e+01
1.999860813150528216e+01
1.999860937360828217e+01
1.999861078783019153e+01
1.999861239437593952e+01
1.999861421521429605e+01
1.999861627385731566e+01
1.999861859813211140e+01
1.999862120955272715e+01
1.999862415305716823e+01
1.999862731654088321e+01
1.999863081784893737e+01
1.999863225376991238e+01
1.999863157846856510e+01
1.999858973901583425e+01
1.999848022387086033e+01
1.999764983168548227e+01
1.999536766446271940e+01
