4.058463345894105068e+00
4.055377460014268465e+00
4.052310942331729393e+00
4.049261361546994564e+00
4.046228869253895688e+00
4.043213380472588270e+00
4.040214868317911545e+00
4.037233290550600984e+00
4.034268608798956102e+00
4.031320782908659694e+00
4.028389772959569903e+00
4.025475537432691375e+00
4.022578036288526171e+00
4.019697227005043061e+00
4.016833074904291756e+00
4.013985540974548627e+00
4.011154614549720776e+00
4.008340274337440334e+00
4.005542607722304638e+00
4.002761925087161110e+00
4.000000000000000000e+00
