4.058468359916206580e+00
4.055382435198295887e+00
4.052315871969821792e+00
4.049266240373211367e+00
4.046233689903083075e+00
4.043218133503840406e+00
4.040219541984068741e+00
4.037237870795681083e+00
4.034273079419090635e+00
4.031325125898461259e+00
4.028393968993914775e+00
4.025479566302679224e+00
4.022581877023189811e+00
4.019700857066200506e+00
4.016836467747442185e+00
4.013988660494548277e+00
4.011157405146311916e+00
4.008342643995304933e+00
4.005544405520717000e+00
4.002762927276211968e+00
4.000000000000000000e+00
