4.058470230988839411e+00
4.055384293460046585e+00
4.052317716433528894e+00
4.049268070117070017e+00
4.046235503440487769e+00
4.043219928625369164e+00
4.040221315512622979e+00
4.037239618323934742e+00
4.034274795027734228e+00
4.031326801877191279e+00
4.028395595589566724e+00
4.025481131514112576e+00
4.022583366463512000e+00
4.019702253873004949e+00
4.016837752510042492e+00
4.013989811041896338e+00
4.011158396034566920e+00
4.008343445269016314e+00
4.005544980800617161e+00
4.002763232993932441e+00
4.000000000000000000e+00
