1.999999992479996180e+01
2.000717401219084124e+01
2.000662427859577619e+01
2.000681879579201805e+01
2.000683877659689358e+01
2.000691055428056586e+01
2.000697277307452282e+01
2.000703826579890432e+01
2.000710293314436683e+01
2.000716808340709818e+01
2.000724449445864650e+01
2.000734502683788918e+01
2.000751471549340721e+01
2.000779632523828511e+01
2.000831846124407676e+01
2.000917061173350220e+01
2.001066276017874301e+01
2.001289644975119586e+01
2.001655295885491981e+01
2.002170162514876850e+01
2.002960818920109887e+01
