6.074745643616891400e+00
5.972867578286600754e+00
5.870880313737698586e+00
5.768774376314095953e+00
5.666540504890548391e+00
5.564168397725159920e+00
5.461646701161305018e+00
5.358962863418619271e+00
5.256102978285976945e+00
5.153051601557876005e+00
5.049791536560045202e+00
4.946303582249019115e+00
4.842566235754438786e+00
4.738555339787867027e+00
4.634243661049903373e+00
4.529600387532107142e+00
4.424590515133965951e+00
4.319174128647215838e+00
4.213305531485949551e+00
4.106932702857105433e+00
4.000000000000000000e+00
