6.074725469169584002e+00
5.972847385920686314e+00
5.870860110155452283e+00
5.768754167596262583e+00
5.666520300453991688e+00
5.564148210673946160e+00
5.461626548995438313e+00
5.358942768840405435e+00
5.256082970337280003e+00
5.153031717464500616e+00
5.049771824925771035e+00
4.946284108601718188e+00
4.842547091934183534e+00
4.738536659266936901e+00
4.634225643098679903e+00
4.529583333899731556e+00
4.424574884264267816e+00
4.319160611423809470e+00
4.213295147612465819e+00
4.106926853277429679e+00
4.000000000000000000e+00
