2.000000000156612856e+01
1.998945370068852867e+01
1.999044605332011315e+01
1.999041064090553377e+01
1.999045911260531838e+01
1.999049752213007736e+01
1.999054138183089435e+01
1.999059188921819441e+01
1.999065059346657236e+01
1.999071870731010492e+01
1.999079783401863608e+01
1.999089021689264456e+01
1.999100028752471303e+01
1.999113299530989707e+01
1.999130166005592812e+01
1.999151015763466077e+01
1.999179956861859608e+01
1.999211934002343227e+01
1.999245416086239047e+01
1.999129066294906210e+01
1.997894511649928972e+01
