1.999999999849687526e+01
1.998944057857733370e+01
1.999042473115287066e+01
1.999037674909159179e+01
1.999040838413638710e+01
1.999042517211524839e+01
1.999044235853438423e+01
1.999046103064689461e+01
1.999048269378207721e+01
1.999050838094595406e+01
1.999053905375729201e+01
1.999057539564363850e+01
1.999061876008945049e+01
1.999066881917910621e+01
1.999073056477735122e+01
1.999079590327362510e+01
1.999088925328724642e+01
1.999094033419555316e+01
1.999091496729459294e+01
1.998932784361311477e+01
1.997681698643327763e+01
