1.999999999969241316e+01
1.999030688903961206e+01
1.999107989140473407e+01
1.999164894618953170e+01
1.999374744909886559e+01
1.999837530317499557e+01
2.000698042332018645e+01
2.002130425388916279e+01
2.004326221832048560e+01
2.007472273962073572e+01
2.011722518403191984e+01
2.017168256104255164e+01
2.023813058892869776e+01
2.031556546896566218e+01
2.040192630399532092e+01
2.049416449334233548e+01
2.058853337164369890e+01
2.068072286735219478e+01
2.076619227613476681e+01
2.083736493890462427e+01
2.085261837024563647e+01
